
0,         2,0,             63197,0.0,3467
0,         4,0,            386379,0.0,1370
0,         7,0,           1258408,0.0,2737
0,         9,0,           1402054,0.0,36
0,        11,0,           1546540,0.0,4825
0,        13,0,           1675113,0.0,2164
0,        15,0,           2279695,0.0,3989
0,        17,0,           2591361,0.0,3620
0,        19,0,           2785724,0.0,89
0,        21,0,           3092471,0.0,2864
0,        23,0,           3092495,0.0,1597
0,        25,0,           3119254,0.0,4640
0,        28,0,           3977108,0.0,5425
0,        30,0,           4132746,0.0,3062
0,        32,0,           4203198,0.0,5242
0,        34,0,           4522259,0.0,1803
0,        36,0,           4805061,0.0,3153
0,        38,0,           5220427,0.0,272
0,        40,0,           5318960,0.0,1747
0,        42,0,           5538144,0.0,5468
0,        46,0,           7347228,0.0,1561
0,        48,0,           7532628,0.0,4713
0,        50,0,           7721716,0.0,3971
0,        52,0,           7932490,0.0,3801
0,        54,0,           8135546,0.0,5776
0,        56,0,           8181928,0.0,5611
0,        58,0,           8851209,0.0,3568
0,        60,0,           8988868,0.0,5424
0,        62,0,           9157663,0.0,3095
0,        64,0,           9352512,0.0,2118
0,        66,0,           9896897,0.0,1316
0,        68,0,          10053916,0.0,4393
0,        69,0,          10053958,0.0,1963
0,        71,0,          10254718,0.0,107
0,        73,0,          10606521,0.0,384
0,        75,0,          10629321,0.0,1343
0,        77,0,          10783373,0.0,4219
0,        79,0,          11043203,0.0,4221
0,        81,0,          11043868,0.0,2356
0,        83,0,          11135385,0.0,265
0,        85,0,          11579072,0.0,3825
0,        87,0,          11912474,0.0,2918
0,        88,0,          11912476,0.0,1133
0,        90,0,          12152008,0.0,5986
0,        93,0,          13709835,0.0,6026
0,        95,0,          13838191,0.0,4794
0,        97,0,          14270422,0.0,4179
0,        99,0,          14270704,0.0,307
0,       101,0,          14607084,0.0,570
0,       103,0,          14740986,0.0,2483
0,       104,0,          14741024,0.0,4121
0,       106,0,          14774635,0.0,1234
0,       108,0,          15099037,0.0,3208
0,       110,0,          15297651,0.0,3642
0,       112,0,          16092757,0.0,2673
0,       114,0,          16175573,0.0,3021
0,       116,0,          16560960,0.0,5197
0,       118,0,          16666987,0.0,3126
0,       120,0,          17126044,0.0,1107
0,       122,0,          17506552,0.0,5218
0,       124,0,          17827552,0.0,5532
0,       126,0,          18110010,0.0,496
0,       128,0,          18400887,0.0,959
0,       130,0,          18692486,0.0,4749
0,       132,0,          18967069,0.0,1795
0,       134,0,          19367419,0.0,5824
0,       136,0,          19629263,0.0,6237
0,       138,0,          20193521,0.0,80
0,       140,0,          20313498,0.0,110
0,       142,0,          20370408,0.0,2824
0,       144,0,          20581747,0.0,3364
0,       146,0,          20692675,0.0,5886
0,       148,0,          20842872,0.0,394
0,       150,0,          21219512,0.0,1613
0,       152,0,          21535779,0.0,2337
0,       154,0,          21568439,0.0,2190
0,       156,0,          21569097,0.0,3575
0,       158,0,          21771469,0.0,1463
0,       160,0,          21856080,0.0,494
0,       162,0,          22081520,0.0,3096
0,       164,0,          22297036,0.0,5951
0,       166,0,          22786401,0.0,2047
0,       168,0,          22930735,0.0,1882
0,       170,0,          22932284,0.0,2194
0,       172,0,          23076650,0.0,5653
0,       174,0,          23261757,0.0,5823
0,       176,0,          23760410,0.0,4968
0,       178,0,          23958145,0.0,1158
0,       181,0,          24832667,0.0,4870
0,       183,0,          25487799,0.0,3273
0,       185,0,          25643206,0.0,1719
0,       187,0,          25882738,0.0,2090
0,       189,0,          26465332,0.0,2497
0,       191,0,          26536641,0.0,4731
0,       193,0,          26555318,0.0,3882
0,       196,0,          27725124,0.0,462
0,       198,0,          27741005,0.0,2694
0,       200,0,          27744179,0.0,3340
0,       202,0,          28046058,0.0,5079
0,       203,0,          28046192,0.0,4529
0,       205,0,          28397579,0.0,3777
0,       207,0,          28490780,0.0,2751
0,       209,0,          28812538,0.0,462
0,       210,0,          28812639,0.0,2878
0,       212,0,          29051730,0.0,3482
0,       214,0,          29404727,0.0,5279
0,       217,0,          30626922,0.0,493
0,       219,0,          30979083,0.0,4099
0,       221,0,          31330489,0.0,779
0,       224,0,          32140448,0.0,5136
0,       226,0,          32724813,0.0,1407
0,       227,0,          32724837,0.0,2741
0,       229,0,          32806772,0.0,1041
0,       231,0,          33373247,0.0,20
0,       233,0,          33590527,0.0,5470
0,       235,0,          33617908,0.0,4131
0,       237,0,          34153514,0.0,2842
0,       238,0,          34153517,0.0,1797
0,       240,0,          34249344,0.0,1022
0,       242,0,          34449923,0.0,6036
0,       244,0,          35143282,0.0,2657
0,       246,0,          35175426,0.0,5685
0,       248,0,          35506359,0.0,3712
0,       250,0,          35678815,0.0,700
0,       252,0,          35958105,0.0,5540
0,       254,0,          36068283,0.0,4364
0,       256,0,          36098795,0.0,1269
0,       258,0,          36662508,0.0,3586
0,       260,0,          36895747,0.0,440
0,       262,0,          37441291,0.0,5316
0,       264,0,          38035129,0.0,1459
0,       266,0,          38474086,0.0,2830
0,       268,0,          38817805,0.0,960
0,       269,0,          38817987,0.0,1763
0,       271,0,          38861179,0.0,5364
0,       273,0,          39168240,0.0,3897
0,       275,0,          39702147,0.0,1957
0,       277,0,          39763323,0.0,408
0,       279,0,          39789096,0.0,3426
0,       281,0,          40050612,0.0,6009
0,       283,0,          40187079,0.0,5889
0,       285,0,          40434149,0.0,5422
0,       287,0,          40501220,0.0,1332
0,       290,0,          41556873,0.0,2075
0,       292,0,          41717036,0.0,470
1,       294,1,          41776912,0.0,0.0
0,       296,0,          41824875,0.0,1432
1,       298,2,          41976912,0.0,0.0
0,       300,0,          42143034,0.0,5093
0,       302,0,          42170548,0.0,370
1,       304,3,          42176912,0.0,0.0
0,       306,0,          42275529,0.0,5076
0,       308,0,          42347038,0.0,3058
1,       310,4,          42376912,0.0,0.0
0,       312,0,          42471151,0.0,1868
1,       314,5,          42576916,0.0,0.0
0,       316,0,          42626995,0.0,4150
1,       318,6,          42776916,0.0,0.0
0,       320,0,          42793039,0.0,3723
0,       322,0,          42893694,0.0,928
1,       324,7,          42976916,0.0,0.0
0,       326,0,          43126940,0.0,531
0,       328,0,          43144810,0.0,700
1,       330,8,          43176920,0.0,0.0
1,       332,9,          43376920,0.0,0.0
0,       334,0,          43392509,0.0,3642
1,       336,10,          43576920,0.0,0.0
1,       338,11,          43776924,0.0,0.0
1,       340,12,          43976924,0.0,0.0
0,       342,0,          44023922,0.0,2150
0,       343,0,          44024693,0.0,2395
1,       345,13,          44176924,0.0,0.0
0,       347,0,          44237083,0.0,301
0,       349,0,          44271358,0.0,3592
1,       351,14,          44376924,0.0,0.0
0,       353,0,          44552294,0.0,5852
1,       355,15,          44576928,0.0,0.0
0,       357,0,          44687359,0.0,2783
1,       359,16,          44776928,0.0,0.0
0,       361,0,          44938129,0.0,2897
1,       363,17,          44976928,0.0,0.0
1,       365,18,          45176932,0.0,0.0
0,       367,0,          45212644,0.0,54
1,       369,19,          45376932,0.0,0.0
0,       371,0,          45416406,0.0,4326
1,       373,20,          45576932,0.0,0.0
1,       375,21,          45776936,0.0,0.0
1,       377,22,          45976936,0.0,0.0
0,       379,0,          46093687,0.0,4293
1,       381,23,          46176936,0.0,0.0
0,       383,0,          46227600,0.0,2947
1,       385,24,          46376936,0.0,0.0
1,       387,25,          46576940,0.0,0.0
0,       389,0,          46747798,0.0,466
1,       391,26,          46776940,0.0,0.0
0,       393,0,          46874087,0.0,2433
0,       395,0,          46962549,0.0,3078
1,       397,27,          46976940,0.0,0.0
1,       399,28,          47176944,0.0,0.0
0,       401,0,          47189881,0.0,2792
0,       403,0,          47202135,0.0,1472
1,       405,29,          47376944,0.0,0.0
1,       407,30,          47576944,0.0,0.0
1,       409,31,          47776944,0.0,0.0
0,       411,0,          47967492,0.0,1603
1,       413,32,          47976948,0.0,0.0
1,       415,33,          48176948,0.0,0.0
0,       417,0,          48320712,0.0,4682
1,       419,34,          48376948,0.0,0.0
0,       421,0,          48559579,0.0,1838
1,       423,35,          48576952,0.0,0.0
0,       425,0,          48768629,0.0,5472
1,       427,36,          48776952,0.0,0.0
1,       429,37,          48976952,0.0,0.0
0,       431,0,          49129265,0.0,5926
1,       433,38,          49176956,0.0,0.0
0,       435,0,          49257554,0.0,929
1,       437,39,          49376956,0.0,0.0
0,       439,0,          49395817,0.0,4945
1,       441,40,          49576956,0.0,0.0
1,       443,41,          49776956,0.0,0.0
1,       445,42,          49976960,0.0,0.0
1,       447,43,          50176960,0.0,0.0
0,       449,0,          50281721,0.0,1261
1,       451,44,          50376960,0.0,0.0
1,       453,45,          50576964,0.0,0.0
0,       455,0,          50577548,0.0,2468
0,       457,0,          50641317,0.0,1783
1,       459,46,          50776964,0.0,0.0
0,       461,0,          50822477,0.0,5093
1,       463,47,          50976964,0.0,0.0
0,       465,0,          50990597,0.0,3646
1,       467,48,          51176968,0.0,0.0
1,       469,49,          51376968,0.0,0.0
1,       471,50,          51576968,0.0,0.0
1,       473,51,          51776968,0.0,0.0
0,       475,0,          51808144,0.0,1997
0,       477,0,          51854338,0.0,6213
0,       479,0,          51861940,0.0,1766
1,       481,52,          51976972,0.0,0.0
0,       483,0,          51994979,0.0,2847
1,       485,53,          52176972,0.0,0.0
0,       487,0,          52256181,0.0,2697
1,       489,54,          52376972,0.0,0.0
0,       491,0,          52413384,0.0,3476
1,       493,55,          52576976,0.0,0.0
1,       495,56,          52776976,0.0,0.0
0,       497,0,          52880722,0.0,3378
1,       499,57,          52976976,0.0,0.0
0,       501,0,          53124020,0.0,2271
1,       503,58,          53176980,0.0,0.0
0,       505,0,          53244131,0.0,94
1,       507,59,          53376980,0.0,0.0
1,       509,60,          53576980,0.0,0.0
0,       511,0,          53728643,0.0,776
0,       513,0,          53757798,0.0,1564
1,       515,61,          53776980,0.0,0.0
0,       517,0,          53840891,0.0,3194
0,       519,0,          53854122,0.0,1958
1,       521,62,          53976984,0.0,0.0
0,       523,0,          54117659,0.0,1849
1,       525,63,          54176984,0.0,0.0
1,       527,64,          54376984,0.0,0.0
1,       529,65,          54576988,0.0,0.0
0,       531,0,          54644293,0.0,1398
1,       533,66,          54776988,0.0,0.0
1,       535,67,          54976988,0.0,0.0
0,       537,0,          55113127,0.0,342
1,       539,68,          55176988,0.0,0.0
0,       541,0,          55269297,0.0,2804
1,       543,69,          55376992,0.0,0.0
1,       545,70,          55576992,0.0,0.0
1,       547,71,          55776992,0.0,0.0
1,       549,72,          55976996,0.0,0.0
1,       551,73,          56176996,0.0,0.0
1,       553,74,          56376996,0.0,0.0
1,       555,75,          56577000,0.0,0.0
0,       557,0,          56649850,0.0,5509
1,       559,76,          56777000,0.0,0.0
0,       561,0,          56789475,0.0,3987
1,       563,77,          56977000,0.0,0.0
1,       565,78,          57177000,0.0,0.0
1,       567,79,          57377004,0.0,0.0
0,       569,0,          57493102,0.0,3498
1,       571,80,          57577004,0.0,0.0
0,       573,0,          57613323,0.0,4079
1,       575,81,          57777004,0.0,0.0
1,       577,82,          57977008,0.0,0.0
1,       579,83,          58177008,0.0,0.0
0,       581,0,          58245295,0.0,2238
0,       583,0,          58332352,0.0,3125
1,       585,84,          58377008,0.0,0.0
1,       587,85,          58577012,0.0,0.0
1,       589,86,          58777012,0.0,0.0
0,       591,0,          58816533,0.0,6025
1,       593,87,          58977012,0.0,0.0
0,       595,0,          59166444,0.0,635
1,       597,88,          59177012,0.0,0.0
1,       599,89,          59377016,0.0,0.0
1,       601,90,          59577016,0.0,0.0
1,       603,91,          59777016,0.0,0.0
1,       605,92,          59977020,0.0,0.0
1,       607,93,          60177020,0.0,0.0
0,       609,0,          60329899,0.0,6198
0,       611,0,          60338311,0.0,362
1,       613,94,          60377020,0.0,0.0
0,       615,0,          60535082,0.0,5077
0,       616,0,          60535084,0.0,4943
1,       618,95,          60577024,0.0,0.0
0,       620,0,          60606337,0.0,2520
0,       621,0,          60606339,0.0,2682
1,       623,96,          60777024,0.0,0.0
0,       625,0,          60777711,0.0,1943
1,       627,97,          60977024,0.0,0.0
0,       629,0,          61142294,0.0,2264
1,       631,98,          61177024,0.0,0.0
1,       633,99,          61377028,0.0,0.0
1,       635,100,          61577028,0.0,0.0
0,       637,0,          61649615,0.0,3931
1,       639,101,          61777028,0.0,0.0
1,       641,102,          61977032,0.0,0.0
0,       643,0,          62085529,0.0,792
1,       645,103,          62177032,0.0,0.0
0,       647,0,          62294215,0.0,5737
1,       649,104,          62377032,0.0,0.0
0,       651,0,          62490245,0.0,4795
1,       653,105,          62577032,0.0,0.0
1,       655,106,          62777036,0.0,0.0
1,       657,107,          62977036,0.0,0.0
0,       659,0,          63142186,0.0,5905
1,       661,108,          63177036,0.0,0.0
1,       663,109,          63377040,0.0,0.0
0,       665,0,          63448591,0.0,6182
0,       667,0,          63499111,0.0,2505
1,       669,110,          63577040,0.0,0.0
1,       671,111,          63777040,0.0,0.0
1,       673,112,          63977044,0.0,0.0
1,       675,113,          64177044,0.0,0.0
0,       677,0,          64284555,0.0,1051
1,       679,114,          64377044,0.0,0.0
1,       681,115,          64577044,0.0,0.0
1,       683,116,          64777048,0.0,0.0
0,       685,0,          64922255,0.0,1122
1,       687,117,          64977048,0.0,0.0
1,       689,118,          65177048,0.0,0.0
0,       691,0,          65197667,0.0,1419
1,       693,119,          65377052,0.0,0.0
1,       695,120,          65577052,0.0,0.0
0,       697,0,          65674722,0.0,1696
1,       699,121,          65777052,0.0,0.0
0,       701,0,          65898651,0.0,5292
0,       702,0,          65898778,0.0,4364
1,       704,122,          65977056,0.0,0.0
1,       706,123,          66177056,0.0,0.0
0,       708,0,          66194563,0.0,6084
1,       710,124,          66377056,0.0,0.0
1,       712,125,          66577056,0.0,0.0
1,       714,126,          66777060,0.0,0.0
0,       716,0,          66966962,0.0,3324
1,       718,127,          66977060,0.0,0.0
0,       720,0,          67149068,0.0,880
1,       722,128,          67177060,0.0,0.0
0,       724,0,          67229842,0.0,5696
1,       726,129,          67377064,0.0,0.0
0,       728,0,          67412183,0.0,4324
0,       729,0,          67412676,0.0,5345
1,       731,130,          67577064,0.0,0.0
0,       733,0,          67773135,0.0,1609
1,       735,131,          67777064,0.0,0.0
1,       737,132,          67977068,0.0,0.0
1,       739,133,          68177068,0.0,0.0
0,       741,0,          68179817,0.0,1689
1,       743,134,          68377068,0.0,0.0
0,       745,0,          68444121,0.0,2812
1,       747,135,          68577068,0.0,0.0
0,       749,0,          68692062,0.0,5886
0,       750,0,          68692112,0.0,1101
0,       752,0,          68748428,0.0,1336
1,       754,136,          68777072,0.0,0.0
0,       756,0,          68937922,0.0,4655
1,       758,137,          68977072,0.0,0.0
0,       760,0,          69018100,0.0,3534
1,       762,138,          69177072,0.0,0.0
1,       764,139,          69377076,0.0,0.0
1,       766,140,          69577076,0.0,0.0
0,       768,0,          69710338,0.0,4103
1,       770,141,          69777076,0.0,0.0
0,       772,0,          69867640,0.0,4889
1,       774,142,          69977076,0.0,0.0
0,       776,0,          70106622,0.0,4557
1,       778,143,          70177080,0.0,0.0
1,       780,144,          70377080,0.0,0.0
0,       782,0,          70499583,0.0,2928
0,       784,0,          70570545,0.0,1407
0,       785,0,          70570738,0.0,4070
1,       787,145,          70577080,0.0,0.0
1,       789,146,          70777084,0.0,0.0
0,       791,0,          70880816,0.0,4973
1,       793,147,          70977084,0.0,0.0
0,       795,0,          71016824,0.0,5661
0,       797,0,          71125850,0.0,4513
1,       799,148,          71177084,0.0,0.0
1,       801,149,          71377088,0.0,0.0
0,       803,0,          71381818,0.0,5722
0,       805,0,          71453632,0.0,4676
1,       807,150,          71577088,0.0,0.0
1,       809,151,          71777088,0.0,0.0
1,       811,152,          71977088,0.0,0.0
1,       813,153,          72177092,0.0,0.0
1,       815,154,          72377092,0.0,0.0
1,       817,155,          72577092,0.0,0.0
1,       819,156,          72777096,0.0,0.0
1,       821,157,          72977096,0.0,0.0
0,       823,0,          73047677,0.0,2931
1,       825,158,          73177096,0.0,0.0
1,       827,159,          73377100,0.0,0.0
1,       829,160,          73577100,0.0,0.0
0,       831,0,          73609857,0.0,1897
1,       833,161,          73777100,0.0,0.0
1,       835,162,          73977100,0.0,0.0
0,       837,0,          74073719,0.0,4946
1,       839,163,          74177104,0.0,0.0
1,       841,164,          74377104,0.0,0.0
1,       843,165,          74577104,0.0,0.0
1,       845,166,          74777108,0.0,0.0
0,       847,0,          74922356,0.0,1035
1,       849,167,          74977108,0.0,0.0
0,       851,0,          74986276,0.0,3443
1,       853,168,          75177108,0.0,0.0
0,       855,0,          75241144,0.0,5858
0,       857,0,          75282061,0.0,4960
0,       859,0,          75307530,0.0,1152
0,       861,0,          75315096,0.0,2342
1,       863,169,          75377112,0.0,0.0
0,       865,0,          75575098,0.0,3444
1,       867,170,          75577112,0.0,0.0
0,       869,0,          75591422,0.0,3280
1,       871,171,          75777112,0.0,0.0
0,       873,0,          75945495,0.0,1776
1,       875,172,          75977112,0.0,0.0
1,       877,173,          76177116,0.0,0.0
1,       879,174,          76377116,0.0,0.0
0,       881,0,          76510067,0.0,4003
1,       883,175,          76577116,0.0,0.0
1,       885,176,          76777120,0.0,0.0
0,       887,0,          76881290,0.0,3013
1,       889,177,          76977120,0.0,0.0
0,       891,0,          77053839,0.0,2975
1,       893,178,          77177120,0.0,0.0
0,       895,0,          77254697,0.0,3771
1,       897,179,          77377120,0.0,0.0
0,       899,0,          77488882,0.0,1634
0,       901,0,          77521581,0.0,496
1,       903,180,          77577124,0.0,0.0
1,       905,181,          77777124,0.0,0.0
0,       907,0,          77959197,0.0,3415
1,       909,182,          77977124,0.0,0.0
1,       911,183,          78177128,0.0,0.0
1,       913,184,          78377128,0.0,0.0
0,       915,0,          78444953,0.0,939
1,       917,185,          78577128,0.0,0.0
0,       919,0,          78720068,0.0,2314
1,       921,186,          78777132,0.0,0.0
1,       923,187,          78977132,0.0,0.0
1,       925,188,          79177132,0.0,0.0
0,       927,0,          79376594,0.0,4336
1,       928,189,          79377132,0.0,0.0
1,       930,190,          79577136,0.0,0.0
1,       932,191,          79777136,0.0,0.0
1,       934,192,          79977136,0.0,0.0
1,       936,193,          80177140,0.0,0.0
1,       938,194,          80377140,0.0,0.0
1,       940,195,          80577140,0.0,0.0
1,       942,196,          80777144,0.0,0.0
0,       944,0,          80795430,0.0,1611
0,       946,0,          80937338,0.0,382
1,       948,197,          80977144,0.0,0.0
1,       950,198,          81177144,0.0,0.0
0,       952,0,          81248492,0.0,2943
0,       954,0,          81326257,0.0,3579
1,       956,199,          81377144,0.0,0.0
0,       958,0,          81424565,0.0,1257
0,       960,0,          81445176,0.0,187
1,       962,200,          81577148,0.0,0.0
1,       964,201,          81777148,0.0,0.0
1,       966,202,          81977148,0.0,0.0
0,       968,0,          82170034,0.0,5819
0,       969,0,          82170429,0.0,2504
1,       971,203,          82177152,0.0,0.0
1,       973,204,          82377152,0.0,0.0
1,       975,205,          82577152,0.0,0.0
1,       977,206,          82777156,0.0,0.0
0,       979,0,          82829313,0.0,2832
1,       981,207,          82977156,0.0,0.0
0,       983,0,          83121686,0.0,3892
1,       985,208,          83177156,0.0,0.0
0,       987,0,          83199674,0.0,3580
0,       989,0,          83244884,0.0,1249
1,       991,209,          83377156,0.0,0.0
0,       993,0,          83402555,0.0,2881
0,       995,0,          83491238,0.0,5372
1,       997,210,          83577160,0.0,0.0
0,       999,0,          83601161,0.0,3384
1,      1001,211,          83777160,0.0,0.0
0,      1003,0,          83799546,0.0,2194
0,      1005,0,          83922308,0.0,1585
1,      1007,212,          83977160,0.0,0.0
1,      1009,213,          84177164,0.0,0.0
1,      1011,214,          84377164,0.0,0.0
0,      1013,0,          84454971,0.0,5215
1,      1015,215,          84577164,0.0,0.0
1,      1017,216,          84777164,0.0,0.0
0,      1019,0,          84928441,0.0,1286
1,      1021,217,          84977168,0.0,0.0
1,      1023,218,          85177168,0.0,0.0
1,      1025,219,          85377168,0.0,0.0
0,      1027,0,          85565869,0.0,154
0,      1029,0,          85570186,0.0,3389
1,      1031,220,          85577172,0.0,0.0
0,      1033,0,          85604271,0.0,3214
0,      1035,0,          85775246,0.0,4150
1,      1037,221,          85777172,0.0,0.0
1,      1039,222,          85977172,0.0,0.0
1,      1041,223,          86177176,0.0,0.0
1,      1043,224,          86377176,0.0,0.0
0,      1045,0,          86572673,0.0,1695
1,      1047,225,          86577176,0.0,0.0
0,      1049,0,          86631344,0.0,4312
1,      1051,226,          86777176,0.0,0.0
1,      1053,227,          86977180,0.0,0.0
1,      1055,228,          87177180,0.0,0.0
1,      1057,229,          87377180,0.0,0.0
0,      1059,0,          87531620,0.0,2432
0,      1060,0,          87531707,0.0,653
1,      1062,230,          87577184,0.0,0.0
1,      1064,231,          87777184,0.0,0.0
0,      1066,0,          87858605,0.0,4674
1,      1068,232,          87977184,0.0,0.0
1,      1070,233,          88177188,0.0,0.0
1,      1072,234,          88377188,0.0,0.0
0,      1074,0,          88404530,0.0,4434
1,      1076,235,          88577188,0.0,0.0
1,      1078,236,          88777188,0.0,0.0
0,      1080,0,          88780051,0.0,3759
0,      1082,0,          88839284,0.0,6242
1,      1084,237,          88977192,0.0,0.0
1,      1086,238,          89177192,0.0,0.0
0,      1088,0,          89210751,0.0,624
1,      1090,239,          89377192,0.0,0.0
0,      1092,0,          89447583,0.0,6065
1,      1094,240,          89577196,0.0,0.0
0,      1096,0,          89698802,0.0,1613
1,      1098,241,          89777196,0.0,0.0
1,      1100,242,          89977196,0.0,0.0
1,      1102,243,          90177200,0.0,0.0
0,      1104,0,          90345834,0.0,3635
1,      1106,244,          90377200,0.0,0.0
1,      1108,245,          90577200,0.0,0.0
0,      1110,0,          90633369,0.0,663
1,      1112,246,          90777200,0.0,0.0
0,      1114,0,          90968947,0.0,6063
1,      1116,247,          90977204,0.0,0.0
0,      1118,0,          90992162,0.0,5724
0,      1120,0,          91094075,0.0,5848
0,      1122,0,          91157543,0.0,3920
1,      1124,248,          91177204,0.0,0.0
0,      1126,0,          91294386,0.0,5989
1,      1128,249,          91377204,0.0,0.0
0,      1130,0,          91442065,0.0,2712
0,      1132,0,          91478163,0.0,4559
0,      1134,0,          91479776,0.0,1257
0,      1136,0,          91567934,0.0,5323
1,      1138,250,          91577208,0.0,0.0
1,      1140,251,          91777208,0.0,0.0
1,      1142,252,          91977208,0.0,0.0
0,      1144,0,          92035720,0.0,581
1,      1146,253,          92177208,0.0,0.0
1,      1148,254,          92377212,0.0,0.0
0,      1150,0,          92494942,0.0,1518
0,      1152,0,          92504493,0.0,5461
1,      1154,255,          92577212,0.0,0.0
0,      1156,0,          92616528,0.0,973
1,      1158,256,          92777212,0.0,0.0
0,      1160,0,          92805194,0.0,4534
1,      1162,257,          92977216,0.0,0.0
1,      1164,258,          93177216,0.0,0.0
0,      1166,0,          93286137,0.0,5091
1,      1168,259,          93377216,0.0,0.0
0,      1170,0,          93427709,0.0,2999
1,      1172,260,          93577220,0.0,0.0
0,      1174,0,          93608837,0.0,3913
1,      1176,261,          93777220,0.0,0.0
0,      1178,0,          93782530,0.0,1211
0,      1180,0,          93866615,0.0,332
1,      1182,262,          93977220,0.0,0.0
1,      1184,263,          94177220,0.0,0.0
0,      1186,0,          94370255,0.0,786
1,      1188,264,          94377224,0.0,0.0
1,      1190,265,          94577224,0.0,0.0
1,      1192,266,          94777224,0.0,0.0
1,      1194,267,          94977228,0.0,0.0
0,      1196,0,          95069062,0.0,6161
0,      1198,0,          95124440,0.0,5120
1,      1200,268,          95177228,0.0,0.0
0,      1202,0,          95332374,0.0,4045
1,      1204,269,          95377228,0.0,0.0
1,      1206,270,          95577232,0.0,0.0
1,      1208,271,          95777232,0.0,0.0
0,      1210,0,          95806983,0.0,277
1,      1212,272,          95977232,0.0,0.0
1,      1214,273,          96177232,0.0,0.0
1,      1216,274,          96377236,0.0,0.0
0,      1218,0,          96427048,0.0,5745
0,      1220,0,          96461893,0.0,4822
0,      1222,0,          96558033,0.0,3703
1,      1224,275,          96577236,0.0,0.0
1,      1226,276,          96777236,0.0,0.0
0,      1228,0,          96931125,0.0,3888
1,      1230,277,          96977240,0.0,0.0
0,      1232,0,          97005256,0.0,4988
0,      1234,0,          97009667,0.0,4894
1,      1236,278,          97177240,0.0,0.0
1,      1238,279,          97377240,0.0,0.0
0,      1240,0,          97445044,0.0,2670
1,      1242,280,          97577244,0.0,0.0
1,      1244,281,          97777244,0.0,0.0
0,      1246,0,          97901391,0.0,181
1,      1248,282,          97977244,0.0,0.0
1,      1250,283,          98177244,0.0,0.0
1,      1252,284,          98377248,0.0,0.0
1,      1254,285,          98577248,0.0,0.0
1,      1256,286,          98777248,0.0,0.0
1,      1258,287,          98977252,0.0,0.0
0,      1260,0,          99117702,0.0,1132
1,      1262,288,          99177252,0.0,0.0
0,      1264,0,          99357526,0.0,1004
1,      1266,289,          99377252,0.0,0.0
0,      1268,0,          99573807,0.0,2824
1,      1270,290,          99577252,0.0,0.0
0,      1272,0,          99605519,0.0,3960
1,      1274,291,          99777256,0.0,0.0
1,      1276,292,          99977256,0.0,0.0
0,      1278,0,         100015689,0.0,5340
1,      1280,293,         100177256,0.0,0.0
1,      1282,294,         100377260,0.0,0.0
1,      1284,295,         100577260,0.0,0.0
0,      1286,0,         100601798,0.0,3663
1,      1288,296,         100777260,0.0,0.0
0,      1290,0,         100857090,0.0,2310
1,      1292,297,         100977264,0.0,0.0
0,      1294,0,         100990821,0.0,3158
0,      1296,0,         101100950,0.0,3768
1,      1298,298,         101177264,0.0,0.0
1,      1300,299,         101377264,0.0,0.0
0,      1302,0,         101573691,0.0,3668
1,      1304,300,         101577264,0.0,0.0
1,      1306,301,         101777268,0.0,0.0
1,      1308,302,         101977268,0.0,0.0
1,      1310,303,         102177268,0.0,0.0
1,      1312,304,         102377272,0.0,0.0
0,      1314,0,         102556796,0.0,4847
1,      1316,305,         102577272,0.0,0.0
0,      1318,0,         102724359,0.0,5263
0,      1320,0,         102762557,0.0,170
1,      1322,306,         102777272,0.0,0.0
0,      1324,0,         102861939,0.0,1952
0,      1326,0,         102873132,0.0,564
0,      1328,0,         102915335,0.0,1901
1,      1330,307,         102977276,0.0,0.0
0,      1332,0,         102994882,0.0,52
1,      1334,308,         103177276,0.0,0.0
1,      1336,309,         103377276,0.0,0.0
1,      1338,310,         103577276,0.0,0.0
0,      1340,0,         103636060,0.0,3502
1,      1342,311,         103777280,0.0,0.0
0,      1344,0,         103874526,0.0,6185
1,      1346,312,         103977280,0.0,0.0
1,      1348,313,         104177280,0.0,0.0
0,      1350,0,         104260190,0.0,4111
1,      1352,314,         104377284,0.0,0.0
0,      1354,0,         104436108,0.0,965
1,      1356,315,         104577284,0.0,0.0
0,      1358,0,         104707297,0.0,1031
1,      1360,316,         104777284,0.0,0.0
1,      1362,317,         104977288,0.0,0.0
0,      1364,0,         105021412,0.0,3742
0,      1366,0,         105061887,0.0,4790
1,      1368,318,         105177288,0.0,0.0
1,      1370,319,         105377288,0.0,0.0
1,      1372,320,         105577288,0.0,0.0
0,      1374,0,         105738480,0.0,4067
1,      1376,321,         105777292,0.0,0.0
0,      1378,0,         105784243,0.0,5631
0,      1380,0,         105903028,0.0,932
0,      1382,0,         105903166,0.0,2897
1,      1384,322,         105977292,0.0,0.0
0,      1386,0,         106044436,0.0,5129
1,      1388,323,         106177292,0.0,0.0
1,      1390,324,         106377296,0.0,0.0
1,      1392,325,         106577296,0.0,0.0
1,      1394,326,         106777296,0.0,0.0
0,      1396,0,         106892572,0.0,1659
0,      1398,0,         106957422,0.0,377
1,      1400,327,         106977296,0.0,0.0
0,      1402,0,         107033843,0.0,3876
1,      1404,328,         107177300,0.0,0.0
0,      1406,0,         107274265,0.0,1949
1,      1408,329,         107377300,0.0,0.0
1,      1410,330,         107577300,0.0,0.0
1,      1412,331,         107777304,0.0,0.0
0,      1414,0,         107920644,0.0,5465
0,      1415,0,         107921037,0.0,5623
1,      1417,332,         107977304,0.0,0.0
0,      1419,0,         108063651,0.0,4089
0,      1421,0,         108133217,0.0,1149
1,      1423,333,         108177304,0.0,0.0
1,      1425,334,         108377308,0.0,0.0
1,      1427,335,         108577308,0.0,0.0
0,      1429,0,         108703432,0.0,6232
0,      1431,0,         108765371,0.0,3136
1,      1433,336,         108777308,0.0,0.0
0,      1435,0,         108790530,0.0,658
0,      1437,0,         108922577,0.0,403
0,      1439,0,         108936664,0.0,2283
0,      1441,0,         108969835,0.0,2996
1,      1443,337,         108977308,0.0,0.0
1,      1445,338,         109177312,0.0,0.0
0,      1447,0,         109265152,0.0,3139
0,      1449,0,         109275190,0.0,1104
1,      1451,339,         109377312,0.0,0.0
1,      1453,340,         109577312,0.0,0.0
0,      1455,0,         109655766,0.0,3921
0,      1457,0,         109687905,0.0,3849
1,      1459,341,         109777316,0.0,0.0
0,      1461,0,         109867513,0.0,4012
1,      1463,342,         109977316,0.0,0.0
0,      1465,0,         110101116,0.0,5596
0,      1467,0,         110153074,0.0,1419
1,      1469,343,         110177316,0.0,0.0
1,      1471,344,         110377320,0.0,0.0
1,      1473,345,         110577320,0.0,0.0
0,      1475,0,         110613447,0.0,6121
0,      1477,0,         110705606,0.0,184
1,      1479,346,         110777320,0.0,0.0
0,      1481,0,         110893553,0.0,3020
1,      1483,347,         110977320,0.0,0.0
0,      1485,0,         111071710,0.0,723
0,      1487,0,         111133742,0.0,552
0,      1489,0,         111166653,0.0,3107
1,      1491,348,         111177324,0.0,0.0
1,      1493,349,         111377324,0.0,0.0
0,      1495,0,         111437129,0.0,1613
0,      1497,0,         111574415,0.0,1642
1,      1499,350,         111577324,0.0,0.0
1,      1501,351,         111777328,0.0,0.0
0,      1503,0,         111857150,0.0,753
1,      1505,352,         111977328,0.0,0.0
1,      1507,353,         112177328,0.0,0.0
0,      1509,0,         112210724,0.0,4334
0,      1511,0,         112237684,0.0,5330
0,      1513,0,         112261192,0.0,3081
0,      1515,0,         112353163,0.0,962
1,      1517,354,         112377332,0.0,0.0
0,      1519,0,         112535428,0.0,3847
1,      1521,355,         112577332,0.0,0.0
0,      1523,0,         112637560,0.0,2670
1,      1525,356,         112777332,0.0,0.0
1,      1527,357,         112977332,0.0,0.0
1,      1529,358,         113177336,0.0,0.0
1,      1531,359,         113377336,0.0,0.0
1,      1533,360,         113577336,0.0,0.0
1,      1535,361,         113777340,0.0,0.0
1,      1537,362,         113977340,0.0,0.0
1,      1539,363,         114177340,0.0,0.0
0,      1541,0,         114189039,0.0,3685
0,      1543,0,         114305490,0.0,5299
0,      1545,0,         114366886,0.0,6201
1,      1547,364,         114377340,0.0,0.0
1,      1549,365,         114577344,0.0,0.0
1,      1551,366,         114777344,0.0,0.0
0,      1553,0,         114941609,0.0,5968
1,      1555,367,         114977344,0.0,0.0
1,      1557,368,         115177348,0.0,0.0
0,      1559,0,         115201794,0.0,3589
0,      1561,0,         115219254,0.0,4595
1,      1563,369,         115377348,0.0,0.0
1,      1565,370,         115577348,0.0,0.0
1,      1567,371,         115777352,0.0,0.0
1,      1569,372,         115977352,0.0,0.0
0,      1571,0,         116093745,0.0,920
1,      1573,373,         116177352,0.0,0.0
1,      1575,374,         116377352,0.0,0.0
0,      1577,0,         116467894,0.0,2520
0,      1579,0,         116528043,0.0,5738
1,      1581,375,         116577356,0.0,0.0
1,      1583,376,         116777356,0.0,0.0
1,      1585,377,         116977356,0.0,0.0
0,      1587,0,         116998672,0.0,5756
0,      1589,0,         117017870,0.0,1632
1,      1591,378,         117177360,0.0,0.0
1,      1593,379,         117377360,0.0,0.0
0,      1595,0,         117558672,0.0,5848
1,      1597,380,         117577360,0.0,0.0
1,      1599,381,         117777364,0.0,0.0
1,      1601,382,         117977364,0.0,0.0
1,      1603,383,         118177364,0.0,0.0
0,      1605,0,         118200958,0.0,3461
1,      1607,384,         118377364,0.0,0.0
0,      1609,0,         118400137,0.0,3470
0,      1611,0,         118501187,0.0,6066
1,      1613,385,         118577368,0.0,0.0
0,      1615,0,         118687198,0.0,5677
1,      1617,386,         118777368,0.0,0.0
1,      1619,387,         118977368,0.0,0.0
1,      1621,388,         119177372,0.0,0.0
1,      1623,389,         119377372,0.0,0.0
1,      1625,390,         119577372,0.0,0.0
0,      1627,0,         119700568,0.0,5082
1,      1629,391,         119777376,0.0,0.0
0,      1631,0,         119900369,0.0,3985
0,      1633,0,         119902332,0.0,2845
1,      1635,392,         119977376,0.0,0.0
0,      1637,0,         120162816,0.0,1068
1,      1639,393,         120177376,0.0,0.0
0,      1641,0,         120336717,0.0,4946
0,      1643,0,         120349910,0.0,3478
1,      1645,394,         120377376,0.0,0.0
0,      1647,0,         120386896,0.0,5197
1,      1649,395,         120577380,0.0,0.0
1,      1651,396,         120777380,0.0,0.0
0,      1653,0,         120900326,0.0,2465
0,      1655,0,         120958122,0.0,2769
0,      1657,0,         120973122,0.0,4784
1,      1659,397,         120977380,0.0,0.0
0,      1661,0,         120993720,0.0,5137
1,      1663,398,         121177384,0.0,0.0
0,      1665,0,         121212903,0.0,245
1,      1667,399,         121377384,0.0,0.0
1,      1669,400,         121577384,0.0,0.0
0,      1671,0,         121765480,0.0,2134
1,      1673,401,         121777384,0.0,0.0
0,      1675,0,         121924671,0.0,5391
1,      1677,402,         121977388,0.0,0.0
1,      1679,403,         122177388,0.0,0.0
1,      1681,404,         122377388,0.0,0.0
0,      1683,0,         122482415,0.0,1853
1,      1685,405,         122577392,0.0,0.0
1,      1687,406,         122777392,0.0,0.0
0,      1689,0,         122898446,0.0,3360
1,      1691,407,         122977392,0.0,0.0
0,      1693,0,         123089912,0.0,2021
1,      1695,408,         123177396,0.0,0.0
0,      1697,0,         123263849,0.0,2656
1,      1699,409,         123377396,0.0,0.0
0,      1701,0,         123426197,0.0,672
1,      1703,410,         123577396,0.0,0.0
0,      1705,0,         123720036,0.0,5620
1,      1707,411,         123777396,0.0,0.0
0,      1709,0,         123912608,0.0,114
0,      1711,0,         123975060,0.0,3701
1,      1713,412,         123977400,0.0,0.0
1,      1715,413,         124177400,0.0,0.0
1,      1717,414,         124377400,0.0,0.0
1,      1719,415,         124577404,0.0,0.0
0,      1721,0,         124729295,0.0,3003
1,      1723,416,         124777404,0.0,0.0
0,      1725,0,         124919931,0.0,115
1,      1727,417,         124977404,0.0,0.0
0,      1729,0,         125036350,0.0,3183
1,      1731,418,         125177408,0.0,0.0
1,      1733,419,         125377408,0.0,0.0
1,      1735,420,         125577408,0.0,0.0
1,      1737,421,         125777408,0.0,0.0
1,      1739,422,         125977412,0.0,0.0
1,      1741,423,         126177412,0.0,0.0
1,      1743,424,         126377412,0.0,0.0
1,      1745,425,         126577416,0.0,0.0
0,      1747,0,         126698469,0.0,1939
1,      1749,426,         126777416,0.0,0.0
0,      1751,0,         126782616,0.0,2464
1,      1753,427,         126977416,0.0,0.0
0,      1755,0,         127115716,0.0,5648
0,      1757,0,         127147141,0.0,3214
1,      1759,428,         127177416,0.0,0.0
1,      1761,429,         127377420,0.0,0.0
1,      1763,430,         127577420,0.0,0.0
1,      1765,431,         127777420,0.0,0.0
1,      1767,432,         127977424,0.0,0.0
0,      1769,0,         128013008,0.0,3969
1,      1771,433,         128177424,0.0,0.0
1,      1773,434,         128377424,0.0,0.0
0,      1775,0,         128498966,0.0,1875
1,      1777,435,         128577428,0.0,0.0
0,      1779,0,         128661861,0.0,1165
1,      1781,436,         128777428,0.0,0.0
0,      1783,0,         128805339,0.0,3651
0,      1785,0,         128898586,0.0,6058
1,      1787,437,         128977428,0.0,0.0
1,      1789,438,         129177428,0.0,0.0
1,      1791,439,         129377432,0.0,0.0
0,      1793,0,         129436765,0.0,2091
0,      1795,0,         129530817,0.0,211
1,      1797,440,         129577432,0.0,0.0
0,      1799,0,         129589743,0.0,4685
1,      1801,441,         129777432,0.0,0.0
0,      1803,0,         129847444,0.0,2855
1,      1805,442,         129977436,0.0,0.0
0,      1807,0,         129999041,0.0,6208
1,      1809,443,         130177436,0.0,0.0
0,      1811,0,         130227373,0.0,3693
1,      1813,444,         130377436,0.0,0.0
1,      1815,445,         130577440,0.0,0.0
1,      1817,446,         130777440,0.0,0.0
1,      1819,447,         130977440,0.0,0.0
1,      1821,448,         131177440,0.0,0.0
0,      1823,0,         131277233,0.0,4790
0,      1825,0,         131358979,0.0,269
1,      1827,449,         131377444,0.0,0.0
1,      1829,450,         131577444,0.0,0.0
0,      1831,0,         131705110,0.0,2360
1,      1833,451,         131777444,0.0,0.0
1,      1835,452,         131977448,0.0,0.0
1,      1837,453,         132177448,0.0,0.0
1,      1839,454,         132377448,0.0,0.0
0,      1841,0,         132390500,0.0,5773
1,      1843,455,         132577452,0.0,0.0
0,      1845,0,         132771275,0.0,6078
1,      1847,456,         132777452,0.0,0.0
0,      1849,0,         132857295,0.0,5079
0,      1851,0,         132911254,0.0,4331
0,      1853,0,         132943275,0.0,2768
1,      1855,457,         132977452,0.0,0.0
0,      1857,0,         132989177,0.0,4376
1,      1859,458,         133177452,0.0,0.0
0,      1861,0,         133322876,0.0,1853
1,      1863,459,         133377456,0.0,0.0
1,      1865,460,         133577456,0.0,0.0
1,      1867,461,         133777456,0.0,0.0
0,      1869,0,         133905483,0.0,949
1,      1871,462,         133977460,0.0,0.0
1,      1873,463,         134177460,0.0,0.0
0,      1875,0,         134295512,0.0,4627
0,      1877,0,         134358260,0.0,4243
1,      1879,464,         134377460,0.0,0.0
0,      1881,0,         134402199,0.0,5541
0,      1882,0,         134402452,0.0,4279
1,      1884,465,         134577460,0.0,0.0
0,      1886,0,         134685416,0.0,6183
1,      1888,466,         134777464,0.0,0.0
1,      1890,467,         134977464,0.0,0.0
1,      1892,468,         135177464,0.0,0.0
0,      1894,0,         135247658,0.0,3561
1,      1896,469,         135377468,0.0,0.0
1,      1898,470,         135577468,0.0,0.0
1,      1900,471,         135777468,0.0,0.0
0,      1902,0,         135847842,0.0,5430
1,      1904,472,         135977472,0.0,0.0
1,      1906,473,         136177472,0.0,0.0
0,      1908,0,         136189955,0.0,5342
1,      1910,474,         136377472,0.0,0.0
0,      1912,0,         136535024,0.0,1844
1,      1914,475,         136577472,0.0,0.0
1,      1916,476,         136777476,0.0,0.0
0,      1918,0,         136781829,0.0,2329
0,      1920,0,         136870600,0.0,2268
0,      1922,0,         136871157,0.0,4656
1,      1924,477,         136977476,0.0,0.0
0,      1926,0,         137115234,0.0,2815
1,      1928,478,         137177476,0.0,0.0
1,      1930,479,         137377480,0.0,0.0
0,      1932,0,         137566545,0.0,1101
1,      1934,480,         137577480,0.0,0.0
1,      1936,481,         137777480,0.0,0.0
0,      1938,0,         137790478,0.0,5110
1,      1940,482,         137977484,0.0,0.0
0,      1942,0,         138051813,0.0,5941
1,      1944,483,         138177484,0.0,0.0
1,      1946,484,         138377484,0.0,0.0
0,      1948,0,         138516719,0.0,5662
1,      1950,485,         138577484,0.0,0.0
0,      1952,0,         138660048,0.0,4431
1,      1954,486,         138777488,0.0,0.0
1,      1956,487,         138977488,0.0,0.0
1,      1958,488,         139177488,0.0,0.0
0,      1960,0,         139309541,0.0,3247
1,      1962,489,         139377492,0.0,0.0
1,      1964,490,         139577492,0.0,0.0
1,      1966,491,         139777492,0.0,0.0
0,      1968,0,         139863994,0.0,3866
0,      1970,0,         139902645,0.0,4290
1,      1972,492,         139977496,0.0,0.0
1,      1974,493,         140177496,0.0,0.0
0,      1976,0,         140274837,0.0,2186
0,      1978,0,         140315480,0.0,688
0,      1980,0,         140355160,0.0,703
1,      1982,494,         140377496,0.0,0.0
0,      1984,0,         140391561,0.0,3066
1,      1986,495,         140577496,0.0,0.0
0,      1988,0,         140603739,0.0,5047
0,      1990,0,         140776415,0.0,537
1,      1992,496,         140777500,0.0,0.0
0,      1994,0,         140873247,0.0,5303
0,      1996,0,         140920865,0.0,6204
1,      1998,497,         140977500,0.0,0.0
1,      2000,498,         141177500,0.0,0.0
1,      2002,499,         141377504,0.0,0.0
1,      2004,500,         141577504,0.0,0.0
1,      2006,501,         141777504,0.0,0.0
1,      2008,502,         141977504,0.0,0.0
0,      2010,0,         142096345,0.0,5499
0,      2012,0,         142109174,0.0,5257
1,      2014,503,         142177508,0.0,0.0
0,      2016,0,         142216200,0.0,4712
1,      2018,504,         142377508,0.0,0.0
0,      2020,0,         142400982,0.0,2397
0,      2022,0,         142440189,0.0,2057
0,      2024,0,         142503589,0.0,2156
1,      2026,505,         142577508,0.0,0.0
0,      2028,0,         142597031,0.0,1228
0,      2030,0,         142683292,0.0,1797
1,      2032,506,         142777512,0.0,0.0
0,      2034,0,         142909772,0.0,5838
1,      2036,507,         142977512,0.0,0.0
0,      2037,0,         142977630,0.0,1076
1,      2039,508,         143177512,0.0,0.0
0,      2041,0,         143368878,0.0,2543
1,      2043,509,         143377516,0.0,0.0
0,      2045,0,         143520226,0.0,1102
1,      2047,510,         143577516,0.0,0.0
1,      2049,511,         143777516,0.0,0.0
1,      2051,512,         143977516,0.0,0.0
0,      2053,0,         144144340,0.0,1237
1,      2055,513,         144177520,0.0,0.0
1,      2057,514,         144377520,0.0,0.0
1,      2059,515,         144577520,0.0,0.0
0,      2061,0,         144622234,0.0,3672
1,      2063,516,         144777524,0.0,0.0
0,      2065,0,         144916034,0.0,2467
1,      2067,517,         144977524,0.0,0.0
1,      2069,518,         145177524,0.0,0.0
1,      2071,519,         145377528,0.0,0.0
0,      2073,0,         145481176,0.0,628
1,      2075,520,         145577528,0.0,0.0
1,      2077,521,         145777528,0.0,0.0
0,      2079,0,         145810261,0.0,6026
1,      2081,522,         145977528,0.0,0.0
0,      2083,0,         145984584,0.0,2007
0,      2085,0,         146105670,0.0,1784
1,      2087,523,         146177532,0.0,0.0
1,      2089,524,         146377532,0.0,0.0
0,      2091,0,         146466143,0.0,2501
1,      2093,525,         146577532,0.0,0.0
0,      2095,0,         146767196,0.0,4514
1,      2097,526,         146777536,0.0,0.0
0,      2099,0,         146881871,0.0,6176
0,      2101,0,         146919481,0.0,1749
1,      2103,527,         146977536,0.0,0.0
0,      2105,0,         146992980,0.0,5582
1,      2107,528,         147177536,0.0,0.0
0,      2109,0,         147236449,0.0,5078
1,      2111,529,         147377540,0.0,0.0
0,      2113,0,         147474957,0.0,2360
1,      2115,530,         147577540,0.0,0.0
1,      2117,531,         147777540,0.0,0.0
0,      2119,0,         147906690,0.0,3123
1,      2121,532,         147977540,0.0,0.0
1,      2123,533,         148177544,0.0,0.0
0,      2125,0,         148253316,0.0,4550
1,      2127,534,         148377544,0.0,0.0
1,      2129,535,         148577544,0.0,0.0
0,      2131,0,         148627950,0.0,495
0,      2133,0,         148663937,0.0,3203
0,      2135,0,         148668536,0.0,1967
0,      2137,0,         148746505,0.0,2636
0,      2139,0,         148772819,0.0,3532
1,      2141,536,         148777548,0.0,0.0
1,      2143,537,         148977548,0.0,0.0
1,      2145,538,         149177548,0.0,0.0
1,      2147,539,         149377548,0.0,0.0
1,      2149,540,         149577552,0.0,0.0
1,      2151,541,         149777552,0.0,0.0
1,      2153,542,         149977552,0.0,0.0
1,      2155,543,         150177556,0.0,0.0
1,      2157,544,         150377556,0.0,0.0
0,      2159,0,         150468927,0.0,809
0,      2161,0,         150516774,0.0,4842
1,      2163,545,         150577556,0.0,0.0
1,      2165,546,         150777560,0.0,0.0
1,      2167,547,         150977560,0.0,0.0
0,      2169,0,         151166640,0.0,2705
1,      2171,548,         151177560,0.0,0.0
1,      2173,549,         151377560,0.0,0.0
1,      2175,550,         151577564,0.0,0.0
1,      2177,551,         151777564,0.0,0.0
0,      2179,0,         151823878,0.0,1322
1,      2181,552,         151977564,0.0,0.0
0,      2183,0,         152111069,0.0,1808
1,      2185,553,         152177568,0.0,0.0
0,      2187,0,         152195918,0.0,5441
1,      2189,554,         152377568,0.0,0.0
0,      2191,0,         152424586,0.0,4229
0,      2192,0,         152424681,0.0,5605
0,      2194,0,         152504959,0.0,29
1,      2196,555,         152577568,0.0,0.0
1,      2198,556,         152777572,0.0,0.0
0,      2200,0,         152917983,0.0,4393
0,      2202,0,         152918077,0.0,2335
1,      2204,557,         152977572,0.0,0.0
1,      2206,558,         153177572,0.0,0.0
1,      2208,559,         153377572,0.0,0.0
1,      2210,560,         153577576,0.0,0.0
1,      2212,561,         153777576,0.0,0.0
1,      2214,562,         153977576,0.0,0.0
1,      2216,563,         154177580,0.0,0.0
0,      2218,0,         154186520,0.0,1163
0,      2220,0,         154202442,0.0,4569
1,      2222,564,         154377580,0.0,0.0
0,      2224,0,         154492882,0.0,2268
0,      2226,0,         154561504,0.0,4567
1,      2228,565,         154577580,0.0,0.0
0,      2230,0,         154596711,0.0,2352
0,      2232,0,         154597891,0.0,4480
0,      2234,0,         154644361,0.0,3605
1,      2236,566,         154777584,0.0,0.0
1,      2238,567,         154977584,0.0,0.0
0,      2240,0,         155107576,0.0,3739
1,      2242,568,         155177584,0.0,0.0
1,      2244,569,         155377584,0.0,0.0
1,      2246,570,         155577588,0.0,0.0
1,      2248,571,         155777588,0.0,0.0
0,      2250,0,         155875529,0.0,2474
1,      2252,572,         155977588,0.0,0.0
1,      2254,573,         156177592,0.0,0.0
0,      2256,0,         156347445,0.0,3615
1,      2258,574,         156377592,0.0,0.0
0,      2260,0,         156572863,0.0,5579
1,      2262,575,         156577592,0.0,0.0
1,      2264,576,         156777592,0.0,0.0
1,      2266,577,         156977596,0.0,0.0
1,      2268,578,         157177596,0.0,0.0
1,      2270,579,         157377596,0.0,0.0
1,      2272,580,         157577600,0.0,0.0
1,      2274,581,         157777600,0.0,0.0
1,      2276,582,         157977600,0.0,0.0
0,      2278,0,         158066862,0.0,2118
1,      2280,583,         158177604,0.0,0.0
0,      2282,0,         158211074,0.0,616
1,      2284,584,         158377604,0.0,0.0
0,      2286,0,         158537101,0.0,2921
1,      2288,585,         158577604,0.0,0.0
0,      2290,0,         158690743,0.0,2237
0,      2292,0,         158758102,0.0,3995
1,      2294,586,         158777604,0.0,0.0
1,      2296,587,         158977608,0.0,0.0
1,      2298,588,         159177608,0.0,0.0
0,      2300,0,         159332711,0.0,1438
1,      2302,589,         159377608,0.0,0.0
0,      2304,0,         159572284,0.0,5036
1,      2306,590,         159577612,0.0,0.0
1,      2308,591,         159777612,0.0,0.0
0,      2310,0,         159934293,0.0,4570
1,      2312,592,         159977612,0.0,0.0
0,      2314,0,         160087251,0.0,5913
1,      2316,593,         160177616,0.0,0.0
0,      2318,0,         160241834,0.0,4732
0,      2320,0,         160268151,0.0,4253
1,      2322,594,         160377616,0.0,0.0
1,      2324,595,         160577616,0.0,0.0
0,      2326,0,         160660166,0.0,4407
1,      2328,596,         160777616,0.0,0.0
1,      2330,597,         160977620,0.0,0.0
0,      2332,0,         161028866,0.0,258
0,      2334,0,         161078938,0.0,848
0,      2336,0,         161146115,0.0,134
1,      2338,598,         161177620,0.0,0.0
0,      2340,0,         161220291,0.0,304
0,      2342,0,         161303214,0.0,251
1,      2344,599,         161377620,0.0,0.0
1,      2346,600,         161577624,0.0,0.0
0,      2348,0,         161616344,0.0,1228
1,      2350,601,         161777624,0.0,0.0
1,      2352,602,         161977624,0.0,0.0
0,      2354,0,         161980212,0.0,5222
1,      2356,603,         162177628,0.0,0.0
0,      2358,0,         162341666,0.0,4026
0,      2360,0,         162356380,0.0,1849
1,      2362,604,         162377628,0.0,0.0
0,      2364,0,         162384592,0.0,3011
1,      2366,605,         162577628,0.0,0.0
1,      2368,606,         162777628,0.0,0.0
1,      2370,607,         162977632,0.0,0.0
0,      2372,0,         163022623,0.0,2115
0,      2374,0,         163071267,0.0,4257
1,      2376,608,         163177632,0.0,0.0
1,      2378,609,         163377632,0.0,0.0
1,      2380,610,         163577636,0.0,0.0
1,      2382,611,         163777636,0.0,0.0
1,      2384,612,         163977636,0.0,0.0
0,      2386,0,         163987661,0.0,1290
1,      2388,613,         164177636,0.0,0.0
1,      2390,614,         164377640,0.0,0.0
0,      2392,0,         164476330,0.0,3502
1,      2394,615,         164577640,0.0,0.0
1,      2396,616,         164777640,0.0,0.0
1,      2398,617,         164977644,0.0,0.0
1,      2400,618,         165177644,0.0,0.0
1,      2402,619,         165377644,0.0,0.0
1,      2404,620,         165577648,0.0,0.0
1,      2406,621,         165777648,0.0,0.0
1,      2408,622,         165977648,0.0,0.0
1,      2410,623,         166177648,0.0,0.0
0,      2412,0,         166188121,0.0,5554
1,      2414,624,         166377652,0.0,0.0
1,      2416,625,         166577652,0.0,0.0
1,      2418,626,         166777652,0.0,0.0
0,      2420,0,         166954731,0.0,4712
1,      2422,627,         166977656,0.0,0.0
0,      2424,0,         167135635,0.0,993
1,      2426,628,         167177656,0.0,0.0
1,      2428,629,         167377656,0.0,0.0
1,      2430,630,         167577660,0.0,0.0
1,      2432,631,         167777660,0.0,0.0
1,      2434,632,         167977660,0.0,0.0
1,      2436,633,         168177660,0.0,0.0
1,      2438,634,         168377664,0.0,0.0
0,      2440,0,         168441736,0.0,2873
0,      2442,0,         168482183,0.0,5155
1,      2444,635,         168577664,0.0,0.0
1,      2446,636,         168777664,0.0,0.0
0,      2448,0,         168814264,0.0,1698
1,      2450,637,         168977668,0.0,0.0
1,      2452,638,         169177668,0.0,0.0
0,      2454,0,         169199234,0.0,4101
1,      2456,639,         169377668,0.0,0.0
0,      2458,0,         169379623,0.0,2411
0,      2460,0,         169420416,0.0,175
1,      2462,640,         169577672,0.0,0.0
0,      2464,0,         169613873,0.0,674
1,      2466,641,         169777672,0.0,0.0
1,      2468,642,         169977672,0.0,0.0
1,      2470,643,         170177672,0.0,0.0
1,      2472,644,         170377676,0.0,0.0
0,      2474,0,         170380422,0.0,5734
0,      2476,0,         170479770,0.0,2025
1,      2478,645,         170577676,0.0,0.0
0,      2480,0,         170678593,0.0,2522
1,      2482,646,         170777676,0.0,0.0
0,      2484,0,         170956695,0.0,4176
1,      2486,647,         170977680,0.0,0.0
1,      2488,648,         171177680,0.0,0.0
1,      2490,649,         171377680,0.0,0.0
0,      2492,0,         171455301,0.0,613
1,      2494,650,         171577680,0.0,0.0
0,      2496,0,         171736619,0.0,4617
1,      2498,651,         171777684,0.0,0.0
0,      2500,0,         171903336,0.0,2509
1,      2502,652,         171977684,0.0,0.0
1,      2504,653,         172177684,0.0,0.0
1,      2506,654,         172377688,0.0,0.0
0,      2508,0,         172391579,0.0,1009
0,      2510,0,         172440364,0.0,2047
1,      2512,655,         172577688,0.0,0.0
0,      2514,0,         172588531,0.0,3740
1,      2516,656,         172777688,0.0,0.0
0,      2518,0,         172962875,0.0,4723
1,      2520,657,         172977692,0.0,0.0
1,      2522,658,         173177692,0.0,0.0
0,      2524,0,         173190071,0.0,4876
1,      2526,659,         173377692,0.0,0.0
1,      2528,660,         173577692,0.0,0.0
0,      2530,0,         173694456,0.0,5584
0,      2532,0,         173701875,0.0,2052
0,      2534,0,         173702177,0.0,2190
1,      2536,661,         173777696,0.0,0.0
0,      2538,0,         173842091,0.0,4672
0,      2540,0,         173933512,0.0,603
1,      2542,662,         173977696,0.0,0.0
0,      2544,0,         174076135,0.0,1227
0,      2546,0,         174174920,0.0,6007
1,      2548,663,         174177696,0.0,0.0
0,      2550,0,         174307485,0.0,1678
1,      2552,664,         174377700,0.0,0.0
0,      2554,0,         174382094,0.0,4644
0,      2556,0,         174488775,0.0,1267
0,      2558,0,         174575152,0.0,3511
0,      2560,0,         174577526,0.0,4661
1,      2562,665,         174577700,0.0,0.0
0,      2564,0,         174611724,0.0,4440
1,      2566,666,         174777700,0.0,0.0
1,      2568,667,         174977704,0.0,0.0
0,      2570,0,         175086685,0.0,3083
1,      2572,668,         175177704,0.0,0.0
1,      2574,669,         175377704,0.0,0.0
0,      2576,0,         175528028,0.0,1780
1,      2578,670,         175577704,0.0,0.0
0,      2580,0,         175647177,0.0,5408
1,      2582,671,         175777708,0.0,0.0
0,      2584,0,         175970786,0.0,5418
1,      2586,672,         175977708,0.0,0.0
0,      2588,0,         176144870,0.0,6147
1,      2590,673,         176177708,0.0,0.0
1,      2592,674,         176377712,0.0,0.0
1,      2594,675,         176577712,0.0,0.0
1,      2596,676,         176777712,0.0,0.0
1,      2598,677,         176977712,0.0,0.0
0,      2600,0,         177104878,0.0,5759
0,      2602,0,         177106519,0.0,1360
1,      2604,678,         177177716,0.0,0.0
1,      2606,679,         177377716,0.0,0.0
0,      2608,0,         177543470,0.0,4525
0,      2610,0,         177569525,0.0,4176
1,      2612,680,         177577716,0.0,0.0
1,      2614,681,         177777720,0.0,0.0
0,      2616,0,         177887179,0.0,2130
1,      2618,682,         177977720,0.0,0.0
1,      2620,683,         178177720,0.0,0.0
1,      2622,684,         178377724,0.0,0.0
1,      2624,685,         178577724,0.0,0.0
1,      2626,686,         178777724,0.0,0.0
0,      2628,0,         178966308,0.0,4765
1,      2630,687,         178977728,0.0,0.0
1,      2632,688,         179177728,0.0,0.0
0,      2634,0,         179288032,0.0,1120
1,      2636,689,         179377728,0.0,0.0
1,      2638,690,         179577728,0.0,0.0
0,      2640,0,         179776133,0.0,1644
1,      2642,691,         179777732,0.0,0.0
0,      2644,0,         179828947,0.0,878
1,      2646,692,         179977732,0.0,0.0
0,      2648,0,         180029052,0.0,3660
1,      2650,693,         180177732,0.0,0.0
1,      2652,694,         180377736,0.0,0.0
1,      2654,695,         180577736,0.0,0.0
1,      2656,696,         180777736,0.0,0.0
1,      2658,697,         180977736,0.0,0.0
0,      2660,0,         181088271,0.0,1630
0,      2662,0,         181091391,0.0,3839
1,      2664,698,         181177740,0.0,0.0
0,      2666,0,         181277551,0.0,5655
1,      2668,699,         181377740,0.0,0.0
1,      2670,700,         181577740,0.0,0.0
0,      2672,0,         181734330,0.0,2253
1,      2674,701,         181777744,0.0,0.0
0,      2676,0,         181804947,0.0,5378
1,      2678,702,         181977744,0.0,0.0
1,      2680,703,         182177744,0.0,0.0
1,      2682,704,         182377748,0.0,0.0
0,      2684,0,         182464968,0.0,52
1,      2686,705,         182577748,0.0,0.0
0,      2688,0,         182642594,0.0,3108
1,      2690,706,         182777748,0.0,0.0
0,      2692,0,         182787993,0.0,257
1,      2694,707,         182977748,0.0,0.0
0,      2696,0,         183008663,0.0,5956
1,      2698,708,         183177752,0.0,0.0
0,      2700,0,         183260256,0.0,3887
0,      2702,0,         183338549,0.0,1476
1,      2704,709,         183377752,0.0,0.0
1,      2706,710,         183577752,0.0,0.0
0,      2708,0,         183637220,0.0,3476
0,      2709,0,         183637267,0.0,1674
0,      2711,0,         183650400,0.0,3836
1,      2713,711,         183777756,0.0,0.0
0,      2715,0,         183789640,0.0,3696
0,      2717,0,         183923042,0.0,1172
1,      2719,712,         183977756,0.0,0.0
1,      2721,713,         184177756,0.0,0.0
1,      2723,714,         184377760,0.0,0.0
1,      2725,715,         184577760,0.0,0.0
0,      2727,0,         184649807,0.0,1151
1,      2729,716,         184777760,0.0,0.0
1,      2731,717,         184977760,0.0,0.0
0,      2733,0,         185078023,0.0,3245
1,      2735,718,         185177764,0.0,0.0
1,      2737,719,         185377764,0.0,0.0
0,      2739,0,         185408175,0.0,2843
0,      2741,0,         185429039,0.0,2485
1,      2743,720,         185577764,0.0,0.0
0,      2745,0,         185698175,0.0,3992
1,      2747,721,         185777768,0.0,0.0
0,      2749,0,         185875041,0.0,1908
0,      2751,0,         185900490,0.0,5153
1,      2753,722,         185977768,0.0,0.0
0,      2755,0,         186015638,0.0,633
1,      2757,723,         186177768,0.0,0.0
0,      2759,0,         186251108,0.0,4553
1,      2761,724,         186377768,0.0,0.0
1,      2763,725,         186577772,0.0,0.0
1,      2765,726,         186777772,0.0,0.0
1,      2767,727,         186977772,0.0,0.0
1,      2769,728,         187177776,0.0,0.0
0,      2771,0,         187369868,0.0,5298
1,      2773,729,         187377776,0.0,0.0
1,      2775,730,         187577776,0.0,0.0
0,      2777,0,         187634392,0.0,5227
1,      2779,731,         187777780,0.0,0.0
0,      2781,0,         187919315,0.0,4979
0,      2783,0,         187952307,0.0,247
1,      2785,732,         187977780,0.0,0.0
1,      2787,733,         188177780,0.0,0.0
0,      2789,0,         188278839,0.0,5164
1,      2791,734,         188377780,0.0,0.0
0,      2793,0,         188436160,0.0,3939
1,      2795,735,         188577784,0.0,0.0
1,      2797,736,         188777784,0.0,0.0
0,      2799,0,         188851318,0.0,5997
0,      2801,0,         188860281,0.0,1466
0,      2803,0,         188911522,0.0,6004
0,      2805,0,         188927266,0.0,6039
1,      2807,737,         188977784,0.0,0.0
0,      2809,0,         188989031,0.0,1225
1,      2811,738,         189177788,0.0,0.0
0,      2813,0,         189227448,0.0,4883
0,      2815,0,         189270485,0.0,4034
1,      2817,739,         189377788,0.0,0.0
0,      2819,0,         189403657,0.0,6195
1,      2821,740,         189577788,0.0,0.0
1,      2823,741,         189777792,0.0,0.0
1,      2825,742,         189977792,0.0,0.0
1,      2827,743,         190177792,0.0,0.0
0,      2829,0,         190220729,0.0,4648
0,      2831,0,         190327771,0.0,3126
1,      2833,744,         190377792,0.0,0.0
1,      2835,745,         190577796,0.0,0.0
1,      2837,746,         190777796,0.0,0.0
1,      2839,747,         190977796,0.0,0.0
0,      2841,0,         191147655,0.0,3747
1,      2843,748,         191177800,0.0,0.0
0,      2845,0,         191318174,0.0,1263
1,      2847,749,         191377800,0.0,0.0
1,      2849,750,         191577800,0.0,0.0
1,      2851,751,         191777804,0.0,0.0
1,      2853,752,         191977804,0.0,0.0
1,      2855,753,         192177804,0.0,0.0
1,      2857,754,         192377804,0.0,0.0
0,      2859,0,         192491308,0.0,5722
1,      2861,755,         192577808,0.0,0.0
0,      2863,0,         192719224,0.0,3491
0,      2865,0,         192746140,0.0,5365
1,      2867,756,         192777808,0.0,0.0
1,      2869,757,         192977808,0.0,0.0
0,      2871,0,         193069535,0.0,1006
1,      2873,758,         193177812,0.0,0.0
1,      2875,759,         193377812,0.0,0.0
1,      2877,760,         193577812,0.0,0.0
0,      2879,0,         193600459,0.0,505
0,      2881,0,         193699105,0.0,3109
1,      2883,761,         193777812,0.0,0.0
1,      2885,762,         193977816,0.0,0.0
0,      2887,0,         194095941,0.0,2110
1,      2889,763,         194177816,0.0,0.0
1,      2891,764,         194377816,0.0,0.0
0,      2893,0,         194462816,0.0,4513
1,      2895,765,         194577820,0.0,0.0
0,      2897,0,         194610675,0.0,5781
0,      2899,0,         194681852,0.0,3045
1,      2901,766,         194777820,0.0,0.0
0,      2903,0,         194821644,0.0,3039
1,      2905,767,         194977820,0.0,0.0
1,      2907,768,         195177824,0.0,0.0
0,      2909,0,         195181366,0.0,1348
1,      2911,769,         195377824,0.0,0.0
1,      2913,770,         195577824,0.0,0.0
0,      2915,0,         195633176,0.0,4789
0,      2917,0,         195675739,0.0,368
0,      2919,0,         195680598,0.0,5429
1,      2921,771,         195777824,0.0,0.0
1,      2923,772,         195977828,0.0,0.0
1,      2925,773,         196177828,0.0,0.0
1,      2927,774,         196377828,0.0,0.0
1,      2929,775,         196577832,0.0,0.0
0,      2931,0,         196666709,0.0,3600
0,      2933,0,         196683955,0.0,1784
1,      2935,776,         196777832,0.0,0.0
1,      2937,777,         196977832,0.0,0.0
0,      2939,0,         197111480,0.0,3589
0,      2941,0,         197124836,0.0,2401
1,      2943,778,         197177836,0.0,0.0
1,      2945,779,         197377836,0.0,0.0
1,      2947,780,         197577836,0.0,0.0
0,      2949,0,         197639287,0.0,2329
1,      2951,781,         197777836,0.0,0.0
0,      2953,0,         197817217,0.0,5797
1,      2955,782,         197977840,0.0,0.0
1,      2957,783,         198177840,0.0,0.0
1,      2959,784,         198377840,0.0,0.0
1,      2961,785,         198577844,0.0,0.0
1,      2963,786,         198777844,0.0,0.0
1,      2965,787,         198977844,0.0,0.0
1,      2967,788,         199177848,0.0,0.0
1,      2969,789,         199377848,0.0,0.0
1,      2971,790,         199577848,0.0,0.0
1,      2973,791,         199777848,0.0,0.0
1,      2975,792,         199977852,0.0,0.0
1,      2977,793,         200177852,0.0,0.0
1,      2979,794,         200377852,0.0,0.0
1,      2981,795,         200577856,0.0,0.0
1,      2983,796,         200777856,0.0,0.0
1,      2985,797,         200977856,0.0,0.0
1,      2987,798,         201177856,0.0,0.0
1,      2989,799,         201377860,0.0,0.0
0,      2991,0,         201457524,0.0,369
1,      2993,800,         201577860,0.0,0.0
1,      2995,801,         201777860,0.0,0.0
0,      2997,0,         201827979,0.0,1368
1,      2999,802,         201977864,0.0,0.0
0,      3001,0,         202092179,0.0,4847
1,      3003,803,         202177864,0.0,0.0
1,      3005,804,         202377864,0.0,0.0
1,      3007,805,         202577868,0.0,0.0
0,      3009,0,         202665599,0.0,3371
1,      3011,806,         202777868,0.0,0.0
0,      3013,0,         202829356,0.0,5059
1,      3015,807,         202977868,0.0,0.0
1,      3017,808,         203177868,0.0,0.0
1,      3019,809,         203377872,0.0,0.0
0,      3021,0,         203426765,0.0,1288
1,      3023,810,         203577872,0.0,0.0
0,      3025,0,         203726285,0.0,2890
1,      3027,811,         203777872,0.0,0.0
1,      3029,812,         203977876,0.0,0.0
0,      3031,0,         204011095,0.0,3104
0,      3033,0,         204169825,0.0,3371
1,      3035,813,         204177876,0.0,0.0
0,      3037,0,         204357987,0.0,1806
1,      3039,814,         204377876,0.0,0.0
1,      3041,815,         204577880,0.0,0.0
0,      3043,0,         204738823,0.0,2515
1,      3045,816,         204777880,0.0,0.0
1,      3047,817,         204977880,0.0,0.0
1,      3049,818,         205177880,0.0,0.0
1,      3051,819,         205377884,0.0,0.0
0,      3053,0,         205439112,0.0,5738
0,      3055,0,         205443560,0.0,3239
1,      3057,820,         205577884,0.0,0.0
1,      3059,821,         205777884,0.0,0.0
0,      3061,0,         205797537,0.0,305
1,      3063,822,         205977888,0.0,0.0
1,      3065,823,         206177888,0.0,0.0
0,      3067,0,         206198549,0.0,3113
1,      3069,824,         206377888,0.0,0.0
0,      3071,0,         206568320,0.0,6197
1,      3073,825,         206577892,0.0,0.0
0,      3075,0,         206774139,0.0,3348
1,      3077,826,         206777892,0.0,0.0
1,      3079,827,         206977892,0.0,0.0
0,      3081,0,         207126033,0.0,3009
1,      3083,828,         207177892,0.0,0.0
1,      3085,829,         207377896,0.0,0.0
1,      3087,830,         207577896,0.0,0.0
0,      3089,0,         207614278,0.0,5309
1,      3091,831,         207777896,0.0,0.0
0,      3093,0,         207888438,0.0,6222
1,      3095,832,         207977900,0.0,0.0
1,      3097,833,         208177900,0.0,0.0
1,      3099,834,         208377900,0.0,0.0
1,      3101,835,         208577900,0.0,0.0
0,      3103,0,         208643740,0.0,4417
0,      3104,0,         208643817,0.0,1785
0,      3106,0,         208684803,0.0,2046
0,      3108,0,         208695787,0.0,3628
0,      3110,0,         208706603,0.0,2396
1,      3112,836,         208777904,0.0,0.0
0,      3114,0,         208801795,0.0,6100
1,      3116,837,         208977904,0.0,0.0
0,      3118,0,         209051528,0.0,4779
1,      3120,838,         209177904,0.0,0.0
1,      3122,839,         209377908,0.0,0.0
1,      3124,840,         209577908,0.0,0.0
0,      3126,0,         209672897,0.0,5072
1,      3128,841,         209777908,0.0,0.0
1,      3130,842,         209977912,0.0,0.0
1,      3132,843,         210177912,0.0,0.0
0,      3134,0,         210259235,0.0,5754
1,      3136,844,         210377912,0.0,0.0
0,      3138,0,         210520037,0.0,4581
0,      3140,0,         210520295,0.0,1566
0,      3142,0,         210565240,0.0,3269
1,      3144,845,         210577912,0.0,0.0
1,      3146,846,         210777916,0.0,0.0
0,      3148,0,         210947984,0.0,3393
0,      3150,0,         210973155,0.0,4314
1,      3152,847,         210977916,0.0,0.0
1,      3154,848,         211177916,0.0,0.0
0,      3156,0,         211337071,0.0,2772
1,      3158,849,         211377920,0.0,0.0
0,      3160,0,         211433235,0.0,248
0,      3162,0,         211522097,0.0,1941
0,      3164,0,         211544804,0.0,1798
1,      3166,850,         211577920,0.0,0.0
1,      3168,851,         211777920,0.0,0.0
0,      3170,0,         211798871,0.0,689
0,      3172,0,         211908983,0.0,4183
0,      3174,0,         211909753,0.0,175
1,      3176,852,         211977924,0.0,0.0
1,      3178,853,         212177924,0.0,0.0
1,      3180,854,         212377924,0.0,0.0
1,      3182,855,         212577924,0.0,0.0
1,      3184,856,         212777928,0.0,0.0
1,      3186,857,         212977928,0.0,0.0
0,      3188,0,         213042837,0.0,1381
1,      3190,858,         213177928,0.0,0.0
0,      3192,0,         213224092,0.0,1859
1,      3194,859,         213377932,0.0,0.0
1,      3196,860,         213577932,0.0,0.0
0,      3198,0,         213675429,0.0,4314
0,      3200,0,         213725579,0.0,3877
1,      3202,861,         213777932,0.0,0.0
1,      3204,862,         213977932,0.0,0.0
1,      3206,863,         214177936,0.0,0.0
1,      3208,864,         214377936,0.0,0.0
0,      3210,0,         214410106,0.0,5299
1,      3212,865,         214577936,0.0,0.0
1,      3214,866,         214777940,0.0,0.0
0,      3216,0,         214795121,0.0,847
0,      3218,0,         214940744,0.0,2822
1,      3220,867,         214977940,0.0,0.0
1,      3222,868,         215177940,0.0,0.0
1,      3224,869,         215377944,0.0,0.0
0,      3226,0,         215443882,0.0,269
1,      3228,870,         215577944,0.0,0.0
0,      3230,0,         215597428,0.0,5390
1,      3232,871,         215777944,0.0,0.0
1,      3234,872,         215977944,0.0,0.0
0,      3236,0,         215985428,0.0,2818
1,      3238,873,         216177948,0.0,0.0
1,      3240,874,         216377948,0.0,0.0
1,      3242,875,         216577948,0.0,0.0
1,      3244,876,         216777952,0.0,0.0
0,      3246,0,         216976383,0.0,802
1,      3248,877,         216977952,0.0,0.0
0,      3250,0,         217133454,0.0,5320
1,      3252,878,         217177952,0.0,0.0
1,      3254,879,         217377956,0.0,0.0
1,      3256,880,         217577956,0.0,0.0
1,      3258,881,         217777956,0.0,0.0
1,      3260,882,         217977956,0.0,0.0
1,      3262,883,         218177960,0.0,0.0
0,      3264,0,         218289641,0.0,5511
0,      3266,0,         218329990,0.0,271
0,      3268,0,         218360321,0.0,4892
1,      3270,884,         218377960,0.0,0.0
1,      3272,885,         218577960,0.0,0.0
1,      3274,886,         218777964,0.0,0.0
1,      3276,887,         218977964,0.0,0.0
1,      3278,888,         219177964,0.0,0.0
1,      3280,889,         219377968,0.0,0.0
1,      3282,890,         219577968,0.0,0.0
0,      3284,0,         219701631,0.0,3640
1,      3286,891,         219777968,0.0,0.0
0,      3288,0,         219964406,0.0,1822
1,      3290,892,         219977968,0.0,0.0
0,      3292,0,         220010576,0.0,2433
0,      3294,0,         220043790,0.0,2556
1,      3296,893,         220177972,0.0,0.0
0,      3298,0,         220291997,0.0,5214
0,      3300,0,         220331084,0.0,2128
1,      3302,894,         220377972,0.0,0.0
1,      3304,895,         220577972,0.0,0.0
0,      3306,0,         220682455,0.0,6239
1,      3308,896,         220777976,0.0,0.0
0,      3310,0,         220880134,0.0,2228
1,      3312,897,         220977976,0.0,0.0
1,      3314,898,         221177976,0.0,0.0
0,      3316,0,         221194821,0.0,4912
1,      3318,899,         221377976,0.0,0.0
0,      3320,0,         221496898,0.0,1207
0,      3322,0,         221531146,0.0,5915
1,      3324,900,         221577980,0.0,0.0
1,      3326,901,         221777980,0.0,0.0
0,      3328,0,         221858148,0.0,3856
1,      3330,902,         221977980,0.0,0.0
1,      3332,903,         222177984,0.0,0.0
0,      3334,0,         222313373,0.0,5053
1,      3336,904,         222377984,0.0,0.0
0,      3338,0,         222548363,0.0,1781
0,      3339,0,         222548369,0.0,2115
1,      3341,905,         222577984,0.0,0.0
1,      3343,906,         222777988,0.0,0.0
0,      3345,0,         222823669,0.0,3271
1,      3347,907,         222977988,0.0,0.0
0,      3349,0,         223030010,0.0,1118
1,      3351,908,         223177988,0.0,0.0
1,      3353,909,         223377988,0.0,0.0
1,      3355,910,         223577992,0.0,0.0
1,      3357,911,         223777992,0.0,0.0
0,      3359,0,         223938823,0.0,1543
1,      3361,912,         223977992,0.0,0.0
0,      3363,0,         224017303,0.0,1930
1,      3365,913,         224177996,0.0,0.0
1,      3367,914,         224377996,0.0,0.0
1,      3369,915,         224577996,0.0,0.0
1,      3371,916,         224778000,0.0,0.0
0,      3373,0,         224870347,0.0,2813
0,      3375,0,         224915233,0.0,3537
1,      3377,917,         224978000,0.0,0.0
1,      3379,918,         225178000,0.0,0.0
1,      3381,919,         225378000,0.0,0.0
0,      3383,0,         225460030,0.0,4113
0,      3385,0,         225470894,0.0,6137
0,      3387,0,         225568203,0.0,2943
1,      3389,920,         225578004,0.0,0.0
1,      3391,921,         225778004,0.0,0.0
1,      3393,922,         225978004,0.0,0.0
1,      3395,923,         226178008,0.0,0.0
1,      3397,924,         226378008,0.0,0.0
1,      3399,925,         226578008,0.0,0.0
1,      3401,926,         226778012,0.0,0.0
1,      3403,927,         226978012,0.0,0.0
0,      3405,0,         227151826,0.0,3903
1,      3407,928,         227178012,0.0,0.0
0,      3409,0,         227214305,0.0,3385
0,      3411,0,         227258287,0.0,2329
1,      3413,929,         227378012,0.0,0.0
0,      3415,0,         227427780,0.0,897
1,      3417,930,         227578016,0.0,0.0
0,      3419,0,         227636393,0.0,293
1,      3421,931,         227778016,0.0,0.0
0,      3423,0,         227794128,0.0,44
0,      3425,0,         227977118,0.0,2621
1,      3427,932,         227978016,0.0,0.0
1,      3429,933,         228178020,0.0,0.0
1,      3431,934,         228378020,0.0,0.0
0,      3433,0,         228390285,0.0,2150
1,      3435,935,         228578020,0.0,0.0
0,      3437,0,         228714256,0.0,2379
1,      3439,936,         228778020,0.0,0.0
1,      3441,937,         228978024,0.0,0.0
0,      3443,0,         229140701,0.0,5415
1,      3445,938,         229178024,0.0,0.0
0,      3447,0,         229312456,0.0,4176
1,      3449,939,         229378024,0.0,0.0
1,      3451,940,         229578028,0.0,0.0
0,      3453,0,         229683867,0.0,1956
1,      3455,941,         229778028,0.0,0.0
1,      3457,942,         229978028,0.0,0.0
0,      3459,0,         230029625,0.0,4903
1,      3461,943,         230178032,0.0,0.0
0,      3463,0,         230192942,0.0,701
0,      3465,0,         230206300,0.0,1712
1,      3467,944,         230378032,0.0,0.0
1,      3469,945,         230578032,0.0,0.0
0,      3471,0,         230603960,0.0,4434
1,      3473,946,         230778032,0.0,0.0
0,      3475,0,         230809165,0.0,4780
1,      3477,947,         230978036,0.0,0.0
1,      3479,948,         231178036,0.0,0.0
1,      3481,949,         231378036,0.0,0.0
1,      3483,950,         231578040,0.0,0.0
0,      3485,0,         231660249,0.0,5464
1,      3487,951,         231778040,0.0,0.0
1,      3489,952,         231978040,0.0,0.0
0,      3491,0,         232092146,0.0,5256
1,      3493,953,         232178044,0.0,0.0
1,      3495,954,         232378044,0.0,0.0
1,      3497,955,         232578044,0.0,0.0
1,      3499,956,         232778044,0.0,0.0
1,      3501,957,         232978048,0.0,0.0
0,      3503,0,         233106120,0.0,682
1,      3505,958,         233178048,0.0,0.0
0,      3507,0,         233224948,0.0,1344
1,      3509,959,         233378048,0.0,0.0
1,      3511,960,         233578052,0.0,0.0
0,      3513,0,         233687146,0.0,3536
1,      3515,961,         233778052,0.0,0.0
1,      3517,962,         233978052,0.0,0.0
1,      3519,963,         234178056,0.0,0.0
0,      3521,0,         234266269,0.0,2361
1,      3523,964,         234378056,0.0,0.0
0,      3525,0,         234420000,0.0,2251
0,      3527,0,         234525045,0.0,1054
1,      3529,965,         234578056,0.0,0.0
1,      3531,966,         234778056,0.0,0.0
0,      3533,0,         234914968,0.0,2299
0,      3535,0,         234928260,0.0,5085
1,      3537,967,         234978060,0.0,0.0
1,      3539,968,         235178060,0.0,0.0
1,      3541,969,         235378060,0.0,0.0
0,      3543,0,         235506044,0.0,1043
1,      3545,970,         235578064,0.0,0.0
1,      3547,971,         235778064,0.0,0.0
1,      3549,972,         235978064,0.0,0.0
0,      3551,0,         236138400,0.0,2003
1,      3553,973,         236178068,0.0,0.0
0,      3555,0,         236320637,0.0,1575
1,      3557,974,         236378068,0.0,0.0
0,      3559,0,         236462807,0.0,6155
1,      3561,975,         236578068,0.0,0.0
0,      3563,0,         236579926,0.0,704
0,      3565,0,         236640034,0.0,2775
1,      3567,976,         236778068,0.0,0.0
0,      3569,0,         236795900,0.0,3425
0,      3571,0,         236856950,0.0,4325
1,      3573,977,         236978072,0.0,0.0
1,      3575,978,         237178072,0.0,0.0
0,      3577,0,         237283503,0.0,2912
1,      3579,979,         237378072,0.0,0.0
1,      3581,980,         237578076,0.0,0.0
1,      3583,981,         237778076,0.0,0.0
0,      3585,0,         237794532,0.0,5432
1,      3587,982,         237978076,0.0,0.0
0,      3589,0,         238076189,0.0,5415
1,      3591,983,         238178076,0.0,0.0
1,      3593,984,         238378080,0.0,0.0
1,      3595,985,         238578080,0.0,0.0
1,      3597,986,         238778080,0.0,0.0
0,      3599,0,         238964388,0.0,74
1,      3601,987,         238978084,0.0,0.0
0,      3603,0,         239168306,0.0,4025
1,      3605,988,         239178084,0.0,0.0
1,      3607,989,         239378084,0.0,0.0
0,      3609,0,         239570188,0.0,3719
1,      3611,990,         239578088,0.0,0.0
1,      3613,991,         239778088,0.0,0.0
0,      3615,0,         239820994,0.0,3859
1,      3617,992,         239978088,0.0,0.0
0,      3619,0,         240017908,0.0,1044
1,      3621,993,         240178088,0.0,0.0
0,      3623,0,         240285574,0.0,5514
0,      3625,0,         240338673,0.0,3927
1,      3627,994,         240378092,0.0,0.0
1,      3629,995,         240578092,0.0,0.0
1,      3631,996,         240778092,0.0,0.0
1,      3633,997,         240978096,0.0,0.0
1,      3635,998,         241178096,0.0,0.0
0,      3637,0,         241349767,0.0,2682
1,      3639,999,         241378096,0.0,0.0
0,      3641,0,         241442286,0.0,234
1,      3643,1000,         241578100,0.0,0.0
1,      3645,1001,         241778100,0.0,0.0
0,      3647,0,         241888065,0.0,5427
0,      3649,0,         241971884,0.0,3693
1,      3651,1002,         241978100,0.0,0.0
0,      3653,0,         242018732,0.0,5206
1,      3655,1003,         242178100,0.0,0.0
1,      3657,1004,         242378104,0.0,0.0
1,      3659,1005,         242578104,0.0,0.0
0,      3661,0,         242591679,0.0,2230
1,      3663,1006,         242778104,0.0,0.0
0,      3665,0,         242872609,0.0,4207
0,      3667,0,         242911333,0.0,3405
1,      3669,1007,         242978108,0.0,0.0
0,      3671,0,         243067852,0.0,2672
1,      3673,1008,         243178108,0.0,0.0
0,      3675,0,         243367542,0.0,3773
1,      3677,1009,         243378108,0.0,0.0
1,      3679,1010,         243578112,0.0,0.0
0,      3681,0,         243581536,0.0,5726
0,      3683,0,         243654331,0.0,639
0,      3685,0,         243723257,0.0,3008
0,      3687,0,         243775846,0.0,5983
1,      3689,1011,         243778112,0.0,0.0
0,      3691,0,         243911374,0.0,4020
1,      3693,1012,         243978112,0.0,0.0
0,      3695,0,         244010040,0.0,2512
0,      3697,0,         244093854,0.0,1358
0,      3698,0,         244093899,0.0,5716
1,      3700,1013,         244178112,0.0,0.0
0,      3702,0,         244360511,0.0,1543
0,      3704,0,         244368678,0.0,1856
1,      3706,1014,         244378116,0.0,0.0
1,      3708,1015,         244578116,0.0,0.0
0,      3710,0,         244665885,0.0,124
1,      3712,1016,         244778116,0.0,0.0
0,      3714,0,         244781866,0.0,3434
0,      3716,0,         244930007,0.0,593
1,      3718,1017,         244978120,0.0,0.0
0,      3720,0,         245052827,0.0,5668
1,      3722,1018,         245178120,0.0,0.0
0,      3724,0,         245210769,0.0,2875
0,      3726,0,         245367824,0.0,3243
1,      3728,1019,         245378120,0.0,0.0
0,      3730,0,         245422372,0.0,5172
0,      3732,0,         245567833,0.0,1871
1,      3734,1020,         245578120,0.0,0.0
0,      3736,0,         245730121,0.0,4609
1,      3738,1021,         245778124,0.0,0.0
1,      3740,1022,         245978124,0.0,0.0
0,      3742,0,         246147269,0.0,3260
1,      3744,1023,         246178124,0.0,0.0
1,      3746,1024,         246378128,0.0,0.0
0,      3748,0,         246443589,0.0,880
1,      3750,1025,         246578128,0.0,0.0
1,      3752,1026,         246778128,0.0,0.0
1,      3754,1027,         246978132,0.0,0.0
1,      3756,1028,         247178132,0.0,0.0
0,      3758,0,         247253387,0.0,3674
1,      3760,1029,         247378132,0.0,0.0
0,      3762,0,         247536955,0.0,3964
1,      3764,1030,         247578132,0.0,0.0
1,      3766,1031,         247778136,0.0,0.0
0,      3768,0,         247849663,0.0,4890
1,      3770,1032,         247978136,0.0,0.0
0,      3772,0,         247985452,0.0,18
0,      3774,0,         248119822,0.0,435
1,      3776,1033,         248178136,0.0,0.0
0,      3778,0,         248346691,0.0,5911
0,      3780,0,         248356808,0.0,107
1,      3782,1034,         248378140,0.0,0.0
1,      3784,1035,         248578140,0.0,0.0
1,      3786,1036,         248778140,0.0,0.0
0,      3788,0,         248859247,0.0,2193
1,      3790,1037,         248978144,0.0,0.0
1,      3792,1038,         249178144,0.0,0.0
0,      3794,0,         249232067,0.0,4746
1,      3796,1039,         249378144,0.0,0.0
1,      3798,1040,         249578144,0.0,0.0
0,      3800,0,         249605533,0.0,4221
0,      3802,0,         249722599,0.0,5311
1,      3804,1041,         249778148,0.0,0.0
1,      3806,1042,         249978148,0.0,0.0
0,      3808,0,         249998489,0.0,3324
1,      3810,1043,         250178148,0.0,0.0
0,      3812,0,         250181486,0.0,1242
1,      3814,1044,         250378152,0.0,0.0
0,      3816,0,         250382662,0.0,5627
0,      3818,0,         250386945,0.0,2217
1,      3820,1045,         250578152,0.0,0.0
1,      3822,1046,         250778152,0.0,0.0
1,      3824,1047,         250978152,0.0,0.0
1,      3826,1048,         251178156,0.0,0.0
1,      3828,1049,         251378156,0.0,0.0
0,      3830,0,         251566209,0.0,3727
1,      3832,1050,         251578156,0.0,0.0
1,      3834,1051,         251778160,0.0,0.0
0,      3836,0,         251926991,0.0,2009
1,      3838,1052,         251978160,0.0,0.0
1,      3840,1053,         252178160,0.0,0.0
0,      3842,0,         252369375,0.0,4709
1,      3844,1054,         252378164,0.0,0.0
1,      3846,1055,         252578164,0.0,0.0
0,      3848,0,         252647281,0.0,3675
1,      3850,1056,         252778164,0.0,0.0
1,      3852,1057,         252978164,0.0,0.0
0,      3854,0,         253033590,0.0,4764
0,      3856,0,         253104061,0.0,3445
1,      3858,1058,         253178168,0.0,0.0
1,      3860,1059,         253378168,0.0,0.0
1,      3862,1060,         253578168,0.0,0.0
0,      3864,0,         253759387,0.0,2067
1,      3866,1061,         253778172,0.0,0.0
1,      3868,1062,         253978172,0.0,0.0
0,      3870,0,         254170133,0.0,1683
1,      3872,1063,         254178172,0.0,0.0
0,      3874,0,         254339952,0.0,1469
1,      3876,1064,         254378176,0.0,0.0
0,      3878,0,         254459918,0.0,3205
1,      3880,1065,         254578176,0.0,0.0
1,      3882,1066,         254778176,0.0,0.0
1,      3884,1067,         254978176,0.0,0.0
1,      3886,1068,         255178180,0.0,0.0
0,      3888,0,         255193512,0.0,3402
1,      3890,1069,         255378180,0.0,0.0
0,      3892,0,         255513549,0.0,5455
0,      3894,0,         255564124,0.0,6152
1,      3896,1070,         255578180,0.0,0.0
0,      3898,0,         255582817,0.0,908
1,      3900,1071,         255778184,0.0,0.0
1,      3902,1072,         255978184,0.0,0.0
0,      3904,0,         256092826,0.0,2914
0,      3906,0,         256095475,0.0,2360
0,      3908,0,         256147930,0.0,1810
1,      3910,1073,         256178184,0.0,0.0
0,      3912,0,         256217264,0.0,840
0,      3914,0,         256360861,0.0,3755
1,      3916,1074,         256378188,0.0,0.0
0,      3918,0,         256520816,0.0,3122
1,      3920,1075,         256578188,0.0,0.0
1,      3922,1076,         256778188,0.0,0.0
0,      3924,0,         256869364,0.0,5868
1,      3926,1077,         256978188,0.0,0.0
1,      3928,1078,         257178192,0.0,0.0
0,      3930,0,         257235662,0.0,1850
1,      3932,1079,         257378192,0.0,0.0
1,      3934,1080,         257578192,0.0,0.0
1,      3936,1081,         257778196,0.0,0.0
0,      3938,0,         257880414,0.0,5091
1,      3940,1082,         257978196,0.0,0.0
1,      3942,1083,         258178196,0.0,0.0
0,      3944,0,         258197169,0.0,5598
1,      3946,1084,         258378196,0.0,0.0
0,      3948,0,         258469897,0.0,1423
0,      3950,0,         258509602,0.0,3562
0,      3952,0,         258553468,0.0,3832
0,      3953,0,         258553475,0.0,1736
1,      3955,1085,         258578200,0.0,0.0
0,      3957,0,         258732099,0.0,2649
1,      3959,1086,         258778200,0.0,0.0
1,      3961,1087,         258978200,0.0,0.0
0,      3963,0,         259086796,0.0,2350
1,      3965,1088,         259178204,0.0,0.0
0,      3967,0,         259323401,0.0,2080
1,      3969,1089,         259378204,0.0,0.0
1,      3971,1090,         259578204,0.0,0.0
0,      3973,0,         259722834,0.0,864
1,      3975,1091,         259778208,0.0,0.0
1,      3977,1092,         259978208,0.0,0.0
0,      3979,0,         260008561,0.0,63
1,      3981,1093,         260178208,0.0,0.0
0,      3983,0,         260220989,0.0,5002
1,      3985,1094,         260378208,0.0,0.0
0,      3987,0,         260547719,0.0,1171
1,      3989,1095,         260578212,0.0,0.0
0,      3991,0,         260623050,0.0,1080
0,      3993,0,         260707925,0.0,1698
1,      3995,1096,         260778212,0.0,0.0
1,      3997,1097,         260978212,0.0,0.0
0,      3999,0,         261088088,0.0,1678
1,      4001,1098,         261178216,0.0,0.0
0,      4003,0,         261290866,0.0,1701
0,      4005,0,         261338125,0.0,2710
1,      4007,1099,         261378216,0.0,0.0
0,      4009,0,         261541183,0.0,1539
1,      4011,1100,         261578216,0.0,0.0
1,      4013,1101,         261778220,0.0,0.0
1,      4015,1102,         261978220,0.0,0.0
1,      4017,1103,         262178220,0.0,0.0
1,      4019,1104,         262378220,0.0,0.0
1,      4021,1105,         262578224,0.0,0.0
1,      4023,1106,         262778224,0.0,0.0
1,      4025,1107,         262978224,0.0,0.0
1,      4027,1108,         263178228,0.0,0.0
0,      4029,0,         263245489,0.0,3172
1,      4031,1109,         263378228,0.0,0.0
0,      4033,0,         263541879,0.0,5231
0,      4035,0,         263547823,0.0,5417
1,      4037,1110,         263578228,0.0,0.0
1,      4039,1111,         263778232,0.0,0.0
1,      4041,1112,         263978232,0.0,0.0
0,      4043,0,         264141182,0.0,2725
1,      4045,1113,         264178232,0.0,0.0
1,      4047,1114,         264378232,0.0,0.0
1,      4049,1115,         264578236,0.0,0.0
0,      4051,0,         264714877,0.0,3695
1,      4053,1116,         264778236,0.0,0.0
0,      4055,0,         264940093,0.0,1806
1,      4057,1117,         264978236,0.0,0.0
0,      4059,0,         265060351,0.0,3598
1,      4061,1118,         265178240,0.0,0.0
0,      4063,0,         265258976,0.0,1403
1,      4065,1119,         265378240,0.0,0.0
1,      4067,1120,         265578240,0.0,0.0
1,      4069,1121,         265778240,0.0,0.0
0,      4071,0,         265977924,0.0,2542
1,      4072,1122,         265978244,0.0,0.0
0,      4074,0,         266089785,0.0,5412
1,      4076,1123,         266178244,0.0,0.0
0,      4078,0,         266221984,0.0,5010
1,      4080,1124,         266378244,0.0,0.0
0,      4082,0,         266392960,0.0,3208
0,      4084,0,         266497638,0.0,1323
1,      4086,1125,         266578248,0.0,0.0
1,      4088,1126,         266778248,0.0,0.0
1,      4090,1127,         266978248,0.0,0.0
1,      4092,1128,         267178252,0.0,0.0
0,      4094,0,         267266271,0.0,600
1,      4096,1129,         267378252,0.0,0.0
0,      4098,0,         267396082,0.0,5737
0,      4100,0,         267560528,0.0,1053
1,      4102,1130,         267578252,0.0,0.0
0,      4104,0,         267688455,0.0,768
1,      4106,1131,         267778252,0.0,0.0
0,      4108,0,         267785331,0.0,4664
1,      4110,1132,         267978256,0.0,0.0
1,      4112,1133,         268178256,0.0,0.0
0,      4114,0,         268184421,0.0,5299
1,      4116,1134,         268378256,0.0,0.0
0,      4118,0,         268532047,0.0,5898
1,      4120,1135,         268578260,0.0,0.0
0,      4122,0,         268596535,0.0,2921
1,      4124,1136,         268778260,0.0,0.0
0,      4126,0,         268914809,0.0,3505
1,      4128,1137,         268978260,0.0,0.0
1,      4130,1138,         269178264,0.0,0.0
0,      4132,0,         269263935,0.0,1159
1,      4134,1139,         269378264,0.0,0.0
1,      4136,1140,         269578264,0.0,0.0
1,      4138,1141,         269778264,0.0,0.0
0,      4140,0,         269945050,0.0,6129
1,      4142,1142,         269978268,0.0,0.0
0,      4144,0,         270008817,0.0,3281
1,      4146,1143,         270178268,0.0,0.0
0,      4148,0,         270341149,0.0,1412
1,      4150,1144,         270378268,0.0,0.0
1,      4152,1145,         270578272,0.0,0.0
1,      4154,1146,         270778272,0.0,0.0
1,      4156,1147,         270978272,0.0,0.0
0,      4158,0,         270997050,0.0,2039
1,      4160,1148,         271178276,0.0,0.0
0,      4162,0,         271179252,0.0,5058
1,      4164,1149,         271378276,0.0,0.0
0,      4166,0,         271462536,0.0,4915
1,      4168,1150,         271578276,0.0,0.0
0,      4170,0,         271755051,0.0,1101
1,      4172,1151,         271778276,0.0,0.0
1,      4174,1152,         271978280,0.0,0.0
0,      4176,0,         272012766,0.0,2596
1,      4178,1153,         272178280,0.0,0.0
0,      4180,0,         272357647,0.0,2260
1,      4182,1154,         272378280,0.0,0.0
1,      4184,1155,         272578284,0.0,0.0
1,      4186,1156,         272778284,0.0,0.0
1,      4188,1157,         272978284,0.0,0.0
1,      4190,1158,         273178284,0.0,0.0
0,      4192,0,         273302216,0.0,4741
1,      4194,1159,         273378288,0.0,0.0
0,      4196,0,         273405992,0.0,74
0,      4198,0,         273443177,0.0,2872
1,      4200,1160,         273578288,0.0,0.0
0,      4202,0,         273768950,0.0,1782
1,      4204,1161,         273778288,0.0,0.0
0,      4206,0,         273947044,0.0,5755
1,      4208,1162,         273978292,0.0,0.0
0,      4210,0,         274098565,0.0,5109
1,      4212,1163,         274178292,0.0,0.0
0,      4214,0,         274259261,0.0,6086
1,      4216,1164,         274378292,0.0,0.0
0,      4218,0,         274486332,0.0,6145
1,      4220,1165,         274578296,0.0,0.0
1,      4222,1166,         274778296,0.0,0.0
1,      4224,1167,         274978296,0.0,0.0
1,      4226,1168,         275178296,0.0,0.0
0,      4228,0,         275334128,0.0,6010
1,      4230,1169,         275378300,0.0,0.0
1,      4232,1170,         275578300,0.0,0.0
0,      4234,0,         275675162,0.0,3584
1,      4236,1171,         275778300,0.0,0.0
0,      4238,0,         275935543,0.0,5720
1,      4240,1172,         275978304,0.0,0.0
0,      4242,0,         276051348,0.0,4623
1,      4244,1173,         276178304,0.0,0.0
1,      4246,1174,         276378304,0.0,0.0
0,      4248,0,         276419882,0.0,2550
1,      4250,1175,         276578308,0.0,0.0
1,      4252,1176,         276778308,0.0,0.0
1,      4254,1177,         276978308,0.0,0.0
1,      4256,1178,         277178308,0.0,0.0
0,      4258,0,         277194080,0.0,482
1,      4260,1179,         277378312,0.0,0.0
0,      4262,0,         277388525,0.0,4834
1,      4264,1180,         277578312,0.0,0.0
1,      4266,1181,         277778312,0.0,0.0
0,      4268,0,         277812091,0.0,2115
0,      4270,0,         277975666,0.0,4194
1,      4272,1182,         277978316,0.0,0.0
1,      4274,1183,         278178316,0.0,0.0
0,      4276,0,         278194711,0.0,4883
1,      4278,1184,         278378316,0.0,0.0
1,      4280,1185,         278578320,0.0,0.0
0,      4282,0,         278741039,0.0,3458
0,      4283,0,         278741041,0.0,3881
1,      4285,1186,         278778320,0.0,0.0
0,      4287,0,         278825040,0.0,5915
1,      4289,1187,         278978320,0.0,0.0
1,      4291,1188,         279178320,0.0,0.0
1,      4293,1189,         279378324,0.0,0.0
1,      4295,1190,         279578324,0.0,0.0
1,      4297,1191,         279778324,0.0,0.0
0,      4299,0,         279899960,0.0,2702
1,      4301,1192,         279978328,0.0,0.0
1,      4303,1193,         280178328,0.0,0.0
1,      4305,1194,         280378328,0.0,0.0
0,      4307,0,         280564129,0.0,5213
1,      4309,1195,         280578328,0.0,0.0
1,      4311,1196,         280778332,0.0,0.0
0,      4313,0,         280855409,0.0,168
0,      4315,0,         280898322,0.0,1814
1,      4317,1197,         280978332,0.0,0.0
1,      4319,1198,         281178332,0.0,0.0
1,      4321,1199,         281378336,0.0,0.0
1,      4323,1200,         281578336,0.0,0.0
0,      4325,0,         281759370,0.0,4459
1,      4327,1201,         281778336,0.0,0.0
0,      4329,0,         281793405,0.0,1251
0,      4331,0,         281830753,0.0,6076
0,      4333,0,         281879239,0.0,3914
1,      4335,1202,         281978340,0.0,0.0
1,      4337,1203,         282178340,0.0,0.0
0,      4339,0,         282256356,0.0,497
1,      4341,1204,         282378340,0.0,0.0
1,      4343,1205,         282578340,0.0,0.0
1,      4345,1206,         282778344,0.0,0.0
1,      4347,1207,         282978344,0.0,0.0
0,      4348,0,         282978984,0.0,6037
1,      4350,1208,         283178344,0.0,0.0
1,      4352,1209,         283378348,0.0,0.0
1,      4354,1210,         283578348,0.0,0.0
0,      4356,0,         283765353,0.0,6055
1,      4358,1211,         283778348,0.0,0.0
0,      4360,0,         283844109,0.0,858
1,      4362,1212,         283978352,0.0,0.0
0,      4364,0,         284008090,0.0,2480
1,      4366,1213,         284178352,0.0,0.0
1,      4368,1214,         284378352,0.0,0.0
1,      4370,1215,         284578352,0.0,0.0
0,      4372,0,         284764837,0.0,4280
1,      4374,1216,         284778356,0.0,0.0
0,      4376,0,         284964773,0.0,3261
1,      4378,1217,         284978356,0.0,0.0
1,      4380,1218,         285178356,0.0,0.0
1,      4382,1219,         285378360,0.0,0.0
1,      4384,1220,         285578360,0.0,0.0
0,      4386,0,         285650085,0.0,15
0,      4388,0,         285756015,0.0,1826
1,      4390,1221,         285778360,0.0,0.0
0,      4392,0,         285846541,0.0,3335
0,      4394,0,         285935107,0.0,3101
1,      4396,1222,         285978360,0.0,0.0
1,      4398,1223,         286178364,0.0,0.0
0,      4400,0,         286281722,0.0,5524
0,      4402,0,         286286173,0.0,4149
0,      4403,0,         286286710,0.0,4169
1,      4405,1224,         286378364,0.0,0.0
1,      4407,1225,         286578364,0.0,0.0
1,      4409,1226,         286778368,0.0,0.0
0,      4411,0,         286783520,0.0,5072
1,      4413,1227,         286978368,0.0,0.0
0,      4415,0,         287105545,0.0,3175
1,      4417,1228,         287178368,0.0,0.0
1,      4419,1229,         287378372,0.0,0.0
0,      4421,0,         287472757,0.0,5449
1,      4423,1230,         287578372,0.0,0.0
0,      4425,0,         287579553,0.0,2287
0,      4427,0,         287616916,0.0,6149
0,      4429,0,         287652005,0.0,3823
1,      4431,1231,         287778372,0.0,0.0
1,      4433,1232,         287978372,0.0,0.0
1,      4435,1233,         288178376,0.0,0.0
1,      4437,1234,         288378376,0.0,0.0
1,      4439,1235,         288578376,0.0,0.0
0,      4441,0,         288661998,0.0,6074
0,      4443,0,         288769285,0.0,2089
1,      4445,1236,         288778380,0.0,0.0
1,      4447,1237,         288978380,0.0,0.0
0,      4449,0,         289024248,0.0,5248
0,      4451,0,         289091405,0.0,1927
1,      4453,1238,         289178380,0.0,0.0
1,      4455,1239,         289378384,0.0,0.0
1,      4457,1240,         289578384,0.0,0.0
0,      4459,0,         289640066,0.0,1509
1,      4461,1241,         289778384,0.0,0.0
0,      4463,0,         289934666,0.0,319
1,      4465,1242,         289978384,0.0,0.0
1,      4467,1243,         290178388,0.0,0.0
1,      4469,1244,         290378388,0.0,0.0
0,      4471,0,         290441430,0.0,1694
0,      4473,0,         290510467,0.0,729
0,      4475,0,         290536646,0.0,3246
0,      4477,0,         290549699,0.0,6011
1,      4479,1245,         290578388,0.0,0.0
0,      4481,0,         290597398,0.0,1001
1,      4483,1246,         290778392,0.0,0.0
1,      4485,1247,         290978392,0.0,0.0
1,      4487,1248,         291178392,0.0,0.0
1,      4489,1249,         291378396,0.0,0.0
1,      4491,1250,         291578396,0.0,0.0
1,      4493,1251,         291778396,0.0,0.0
0,      4495,0,         291783931,0.0,1868
0,      4497,0,         291787990,0.0,3549
0,      4499,0,         291870886,0.0,5779
1,      4501,1252,         291978396,0.0,0.0
1,      4503,1253,         292178400,0.0,0.0
1,      4505,1254,         292378400,0.0,0.0
1,      4507,1255,         292578400,0.0,0.0
1,      4509,1256,         292778404,0.0,0.0
1,      4511,1257,         292978404,0.0,0.0
0,      4513,0,         293029801,0.0,4069
1,      4515,1258,         293178404,0.0,0.0
0,      4517,0,         293197291,0.0,286
1,      4519,1259,         293378408,0.0,0.0
1,      4521,1260,         293578408,0.0,0.0
1,      4523,1261,         293778408,0.0,0.0
0,      4525,0,         293955154,0.0,2708
1,      4527,1262,         293978408,0.0,0.0
0,      4529,0,         294173197,0.0,1931
1,      4531,1263,         294178412,0.0,0.0
0,      4533,0,         294322581,0.0,5017
1,      4535,1264,         294378412,0.0,0.0
1,      4537,1265,         294578412,0.0,0.0
0,      4539,0,         294775205,0.0,4826
1,      4541,1266,         294778416,0.0,0.0
1,      4543,1267,         294978416,0.0,0.0
1,      4545,1268,         295178416,0.0,0.0
1,      4547,1269,         295378416,0.0,0.0
0,      4549,0,         295407563,0.0,4374
0,      4551,0,         295501679,0.0,2548
1,      4553,1270,         295578420,0.0,0.0
1,      4555,1271,         295778420,0.0,0.0
1,      4557,1272,         295978420,0.0,0.0
0,      4559,0,         296021265,0.0,1494
0,      4561,0,         296113735,0.0,4732
1,      4563,1273,         296178424,0.0,0.0
0,      4565,0,         296241551,0.0,4863
1,      4567,1274,         296378424,0.0,0.0
1,      4569,1275,         296578424,0.0,0.0
1,      4571,1276,         296778428,0.0,0.0
0,      4573,0,         296822285,0.0,2961
1,      4575,1277,         296978428,0.0,0.0
1,      4577,1278,         297178428,0.0,0.0
0,      4579,0,         297288163,0.0,983
1,      4581,1279,         297378428,0.0,0.0
0,      4583,0,         297458567,0.0,1488
1,      4585,1280,         297578432,0.0,0.0
1,      4587,1281,         297778432,0.0,0.0
1,      4589,1282,         297978432,0.0,0.0
0,      4591,0,         298142215,0.0,5210
1,      4593,1283,         298178436,0.0,0.0
0,      4595,0,         298287610,0.0,5363
1,      4597,1284,         298378436,0.0,0.0
1,      4599,1285,         298578436,0.0,0.0
0,      4601,0,         298650385,0.0,4399
1,      4603,1286,         298778440,0.0,0.0
1,      4605,1287,         298978440,0.0,0.0
0,      4607,0,         299052356,0.0,4766
0,      4609,0,         299158576,0.0,5903
0,      4610,0,         299159528,0.0,1821
1,      4612,1288,         299178440,0.0,0.0
0,      4614,0,         299211403,0.0,3952
0,      4616,0,         299252768,0.0,5640
1,      4618,1289,         299378440,0.0,0.0
1,      4620,1290,         299578444,0.0,0.0
0,      4622,0,         299772399,0.0,1257
1,      4624,1291,         299778444,0.0,0.0
0,      4626,0,         299786394,0.0,2926
0,      4627,0,         299786433,0.0,5273
1,      4629,1292,         299978444,0.0,0.0
1,      4631,1293,         300178448,0.0,0.0
1,      4633,1294,         300378448,0.0,0.0
1,      4635,1295,         300578448,0.0,0.0
1,      4637,1296,         300778452,0.0,0.0
0,      4639,0,         300870131,0.0,1035
1,      4641,1297,         300978452,0.0,0.0
0,      4643,0,         301102499,0.0,47
1,      4645,1298,         301178452,0.0,0.0
1,      4647,1299,         301378452,0.0,0.0
0,      4649,0,         301393547,0.0,2771
1,      4651,1300,         301578456,0.0,0.0
0,      4653,0,         301750471,0.0,5031
0,      4655,0,         301775621,0.0,3308
1,      4657,1301,         301778456,0.0,0.0
1,      4659,1302,         301978456,0.0,0.0
1,      4661,1303,         302178460,0.0,0.0
0,      4663,0,         302248605,0.0,1616
1,      4665,1304,         302378460,0.0,0.0
1,      4667,1305,         302578460,0.0,0.0
0,      4669,0,         302659969,0.0,234
1,      4671,1306,         302778460,0.0,0.0
0,      4673,0,         302793033,0.0,3341
0,      4675,0,         302902605,0.0,2660
1,      4677,1307,         302978464,0.0,0.0
0,      4679,0,         303046071,0.0,1856
1,      4681,1308,         303178464,0.0,0.0
0,      4683,0,         303200678,0.0,6104
1,      4685,1309,         303378464,0.0,0.0
0,      4687,0,         303379557,0.0,3335
0,      4689,0,         303421346,0.0,6140
1,      4691,1310,         303578468,0.0,0.0
1,      4693,1311,         303778468,0.0,0.0
1,      4695,1312,         303978468,0.0,0.0
0,      4697,0,         304027709,0.0,5226
0,      4699,0,         304124116,0.0,4250
1,      4701,1313,         304178472,0.0,0.0
0,      4703,0,         304182043,0.0,2255
0,      4705,0,         304354076,0.0,3385
1,      4707,1314,         304378472,0.0,0.0
0,      4709,0,         304465624,0.0,5916
0,      4711,0,         304559240,0.0,2326
1,      4713,1315,         304578472,0.0,0.0
1,      4715,1316,         304778472,0.0,0.0
0,      4717,0,         304865937,0.0,3397
1,      4719,1317,         304978476,0.0,0.0
0,      4721,0,         305052412,0.0,810
1,      4723,1318,         305178476,0.0,0.0
1,      4725,1319,         305378476,0.0,0.0
1,      4727,1320,         305578480,0.0,0.0
0,      4729,0,         305584991,0.0,1333
1,      4731,1321,         305778480,0.0,0.0
1,      4733,1322,         305978480,0.0,0.0
0,      4735,0,         305998213,0.0,3412
1,      4737,1323,         306178484,0.0,0.0
0,      4739,0,         306351163,0.0,1071
1,      4741,1324,         306378484,0.0,0.0
0,      4743,0,         306513327,0.0,4526
1,      4745,1325,         306578484,0.0,0.0
1,      4747,1326,         306778484,0.0,0.0
0,      4749,0,         306813859,0.0,6017
0,      4751,0,         306843643,0.0,1374
0,      4753,0,         306963063,0.0,5525
1,      4755,1327,         306978488,0.0,0.0
0,      4757,0,         307131911,0.0,5066
1,      4759,1328,         307178488,0.0,0.0
0,      4761,0,         307179280,0.0,2585
0,      4763,0,         307253243,0.0,4054
0,      4765,0,         307268927,0.0,87
0,      4767,0,         307347890,0.0,5220
1,      4769,1329,         307378488,0.0,0.0
1,      4771,1330,         307578492,0.0,0.0
0,      4773,0,         307661384,0.0,2632
1,      4775,1331,         307778492,0.0,0.0
0,      4777,0,         307811205,0.0,4529
1,      4779,1332,         307978492,0.0,0.0
1,      4781,1333,         308178496,0.0,0.0
1,      4783,1334,         308378496,0.0,0.0
1,      4785,1335,         308578496,0.0,0.0
1,      4787,1336,         308778496,0.0,0.0
1,      4789,1337,         308978500,0.0,0.0
0,      4791,0,         309006121,0.0,6078
1,      4793,1338,         309178500,0.0,0.0
0,      4795,0,         309343672,0.0,5842
1,      4797,1339,         309378500,0.0,0.0
1,      4799,1340,         309578504,0.0,0.0
1,      4801,1341,         309778504,0.0,0.0
1,      4803,1342,         309978504,0.0,0.0
0,      4805,0,         309979618,0.0,258
1,      4807,1343,         310178504,0.0,0.0
0,      4809,0,         310366544,0.0,122
1,      4811,1344,         310378508,0.0,0.0
1,      4813,1345,         310578508,0.0,0.0
1,      4815,1346,         310778508,0.0,0.0
1,      4817,1347,         310978512,0.0,0.0
0,      4819,0,         311012189,0.0,2507
1,      4821,1348,         311178512,0.0,0.0
1,      4823,1349,         311378512,0.0,0.0
0,      4825,0,         311407167,0.0,4911
0,      4827,0,         311514082,0.0,1927
1,      4829,1350,         311578516,0.0,0.0
0,      4831,0,         311755994,0.0,930
1,      4833,1351,         311778516,0.0,0.0
0,      4835,0,         311912386,0.0,1800
1,      4837,1352,         311978516,0.0,0.0
1,      4839,1353,         312178516,0.0,0.0
0,      4841,0,         312238043,0.0,4659
1,      4843,1354,         312378520,0.0,0.0
1,      4845,1355,         312578520,0.0,0.0
1,      4847,1356,         312778520,0.0,0.0
1,      4849,1357,         312978524,0.0,0.0
0,      4851,0,         313137083,0.0,3616
1,      4853,1358,         313178524,0.0,0.0
0,      4855,0,         313281165,0.0,1578
1,      4857,1359,         313378524,0.0,0.0
1,      4859,1360,         313578528,0.0,0.0
1,      4861,1361,         313778528,0.0,0.0
1,      4863,1362,         313978528,0.0,0.0
1,      4865,1363,         314178528,0.0,0.0
1,      4867,1364,         314378532,0.0,0.0
1,      4869,1365,         314578532,0.0,0.0
1,      4871,1366,         314778532,0.0,0.0
1,      4873,1367,         314978536,0.0,0.0
1,      4875,1368,         315178536,0.0,0.0
1,      4877,1369,         315378536,0.0,0.0
1,      4879,1370,         315578540,0.0,0.0
1,      4881,1371,         315778540,0.0,0.0
1,      4883,1372,         315978540,0.0,0.0
0,      4885,0,         316164364,0.0,182
1,      4887,1373,         316178540,0.0,0.0
1,      4889,1374,         316378544,0.0,0.0
1,      4891,1375,         316578544,0.0,0.0
0,      4893,0,         316738882,0.0,698
1,      4895,1376,         316778544,0.0,0.0
0,      4897,0,         316835301,0.0,6181
0,      4898,0,         316835491,0.0,4251
1,      4900,1377,         316978548,0.0,0.0
0,      4902,0,         317053096,0.0,1350
1,      4904,1378,         317178548,0.0,0.0
1,      4906,1379,         317378548,0.0,0.0
0,      4908,0,         317394959,0.0,4615
1,      4910,1380,         317578548,0.0,0.0
0,      4912,0,         317674687,0.0,1722
1,      4914,1381,         317778552,0.0,0.0
1,      4916,1382,         317978552,0.0,0.0
1,      4918,1383,         318178552,0.0,0.0
0,      4920,0,         318339501,0.0,5994
1,      4922,1384,         318378556,0.0,0.0
0,      4924,0,         318380226,0.0,4740
1,      4926,1385,         318578556,0.0,0.0
1,      4928,1386,         318778556,0.0,0.0
1,      4930,1387,         318978560,0.0,0.0
0,      4932,0,         319028139,0.0,5586
0,      4934,0,         319038256,0.0,1793
1,      4936,1388,         319178560,0.0,0.0
1,      4938,1389,         319378560,0.0,0.0
0,      4940,0,         319562211,0.0,4076
1,      4942,1390,         319578560,0.0,0.0
0,      4944,0,         319722326,0.0,1478
1,      4946,1391,         319778564,0.0,0.0
0,      4948,0,         319816310,0.0,5364
0,      4950,0,         319872766,0.0,2322
1,      4952,1392,         319978564,0.0,0.0
0,      4954,0,         320065862,0.0,1467
0,      4956,0,         320177520,0.0,1617
1,      4958,1393,         320178564,0.0,0.0
0,      4960,0,         320312624,0.0,3100
1,      4962,1394,         320378568,0.0,0.0
1,      4964,1395,         320578568,0.0,0.0
1,      4966,1396,         320778568,0.0,0.0
1,      4968,1397,         320978572,0.0,0.0
0,      4970,0,         321117046,0.0,160
0,      4972,0,         321117480,0.0,4526
0,      4974,0,         321157968,0.0,5
1,      4976,1398,         321178572,0.0,0.0
0,      4978,0,         321373961,0.0,5420
1,      4980,1399,         321378572,0.0,0.0
1,      4982,1400,         321578572,0.0,0.0
1,      4984,1401,         321778576,0.0,0.0
0,      4986,0,         321901262,0.0,5387
1,      4988,1402,         321978576,0.0,0.0
1,      4990,1403,         322178576,0.0,0.0
0,      4992,0,         322259957,0.0,2775
1,      4994,1404,         322378580,0.0,0.0
0,      4996,0,         322388202,0.0,4506
0,      4998,0,         322529495,0.0,5432
0,      5000,0,         322570412,0.0,3956
0,      5001,0,         322570655,0.0,5430
1,      5003,1405,         322578580,0.0,0.0
0,      5005,0,         322632830,0.0,1655
0,      5007,0,         322673238,0.0,1449
1,      5009,1406,         322778580,0.0,0.0
0,      5011,0,         322898676,0.0,3074
1,      5013,1407,         322978580,0.0,0.0
0,      5015,0,         323015091,0.0,880
1,      5017,1408,         323178584,0.0,0.0
0,      5019,0,         323350169,0.0,4467
1,      5021,1409,         323378584,0.0,0.0
1,      5023,1410,         323578584,0.0,0.0
1,      5025,1411,         323778588,0.0,0.0
0,      5027,0,         323871259,0.0,827
1,      5029,1412,         323978588,0.0,0.0
1,      5031,1413,         324178588,0.0,0.0
0,      5033,0,         324352624,0.0,3005
1,      5035,1414,         324378592,0.0,0.0
1,      5037,1415,         324578592,0.0,0.0
1,      5039,1416,         324778592,0.0,0.0
1,      5041,1417,         324978592,0.0,0.0
1,      5043,1418,         325178596,0.0,0.0
0,      5045,0,         325223740,0.0,1586
1,      5047,1419,         325378596,0.0,0.0
1,      5049,1420,         325578596,0.0,0.0
0,      5051,0,         325707977,0.0,761
1,      5053,1421,         325778600,0.0,0.0
1,      5055,1422,         325978600,0.0,0.0
1,      5057,1423,         326178600,0.0,0.0
0,      5059,0,         326243755,0.0,1797
1,      5061,1424,         326378604,0.0,0.0
1,      5063,1425,         326578604,0.0,0.0
1,      5065,1426,         326778604,0.0,0.0
1,      5067,1427,         326978604,0.0,0.0
1,      5069,1428,         327178608,0.0,0.0
0,      5071,0,         327189947,0.0,2067
1,      5073,1429,         327378608,0.0,0.0
1,      5075,1430,         327578608,0.0,0.0
1,      5077,1431,         327778612,0.0,0.0
0,      5079,0,         327895795,0.0,5238
1,      5081,1432,         327978612,0.0,0.0
1,      5083,1433,         328178612,0.0,0.0
0,      5085,0,         328246845,0.0,1698
0,      5087,0,         328276079,0.0,4707
1,      5089,1434,         328378616,0.0,0.0
1,      5091,1435,         328578616,0.0,0.0
1,      5093,1436,         328778616,0.0,0.0
1,      5095,1437,         328978616,0.0,0.0
1,      5097,1438,         329178620,0.0,0.0
1,      5099,1439,         329378620,0.0,0.0
0,      5101,0,         329384583,0.0,5087
0,      5102,0,         329384927,0.0,703
0,      5104,0,         329509035,0.0,1571
1,      5106,1440,         329578620,0.0,0.0
0,      5108,0,         329754617,0.0,612
1,      5110,1441,         329778624,0.0,0.0
1,      5112,1442,         329978624,0.0,0.0
0,      5114,0,         330157266,0.0,2592
1,      5116,1443,         330178624,0.0,0.0
1,      5118,1444,         330378624,0.0,0.0
1,      5120,1445,         330578628,0.0,0.0
1,      5122,1446,         330778628,0.0,0.0
0,      5124,0,         330953067,0.0,1849
1,      5126,1447,         330978628,0.0,0.0
0,      5128,0,         331029122,0.0,5356
1,      5130,1448,         331178632,0.0,0.0
0,      5132,0,         331246406,0.0,6218
1,      5134,1449,         331378632,0.0,0.0
0,      5136,0,         331445279,0.0,3327
0,      5138,0,         331497061,0.0,2489
0,      5140,0,         331573270,0.0,4233
1,      5142,1450,         331578632,0.0,0.0
1,      5144,1451,         331778636,0.0,0.0
1,      5146,1452,         331978636,0.0,0.0
0,      5148,0,         332051556,0.0,5035
1,      5150,1453,         332178636,0.0,0.0
0,      5152,0,         332312083,0.0,4992
1,      5154,1454,         332378636,0.0,0.0
0,      5156,0,         332425570,0.0,648
0,      5158,0,         332431035,0.0,3037
1,      5160,1455,         332578640,0.0,0.0
1,      5162,1456,         332778640,0.0,0.0
0,      5164,0,         332970424,0.0,1711
1,      5166,1457,         332978640,0.0,0.0
1,      5168,1458,         333178644,0.0,0.0
1,      5170,1459,         333378644,0.0,0.0
0,      5172,0,         333479287,0.0,780
0,      5174,0,         333574563,0.0,3355
1,      5176,1460,         333578644,0.0,0.0
0,      5178,0,         333654079,0.0,3579
0,      5180,0,         333697375,0.0,2163
1,      5182,1461,         333778648,0.0,0.0
1,      5184,1462,         333978648,0.0,0.0
0,      5186,0,         334073466,0.0,996
1,      5188,1463,         334178648,0.0,0.0
0,      5190,0,         334247425,0.0,1537
0,      5192,0,         334329133,0.0,3780
1,      5194,1464,         334378648,0.0,0.0
0,      5196,0,         334548009,0.0,6130
1,      5198,1465,         334578652,0.0,0.0
1,      5200,1466,         334778652,0.0,0.0
1,      5202,1467,         334978652,0.0,0.0
1,      5204,1468,         335178656,0.0,0.0
1,      5206,1469,         335378656,0.0,0.0
1,      5208,1470,         335578656,0.0,0.0
1,      5210,1471,         335778660,0.0,0.0
0,      5212,0,         335877281,0.0,2893
0,      5214,0,         335969560,0.0,3861
1,      5216,1472,         335978660,0.0,0.0
0,      5218,0,         336004855,0.0,3219
1,      5220,1473,         336178660,0.0,0.0
1,      5222,1474,         336378660,0.0,0.0
0,      5224,0,         336418972,0.0,4743
0,      5226,0,         336467990,0.0,1117
1,      5228,1475,         336578664,0.0,0.0
1,      5230,1476,         336778664,0.0,0.0
1,      5232,1477,         336978664,0.0,0.0
1,      5234,1478,         337178668,0.0,0.0
1,      5236,1479,         337378668,0.0,0.0
0,      5238,0,         337401662,0.0,3452
0,      5240,0,         337469357,0.0,2666
0,      5242,0,         337518850,0.0,5524
1,      5244,1480,         337578668,0.0,0.0
1,      5246,1481,         337778668,0.0,0.0
0,      5248,0,         337813454,0.0,2860
1,      5250,1482,         337978672,0.0,0.0
0,      5252,0,         338087611,0.0,5848
0,      5254,0,         338139599,0.0,571
0,      5256,0,         338157240,0.0,1234
0,      5258,0,         338158442,0.0,1305
1,      5260,1483,         338178672,0.0,0.0
0,      5262,0,         338325652,0.0,2049
1,      5264,1484,         338378672,0.0,0.0
0,      5266,0,         338423606,0.0,3373
1,      5268,1485,         338578676,0.0,0.0
1,      5270,1486,         338778676,0.0,0.0
0,      5272,0,         338899715,0.0,2035
0,      5274,0,         338938956,0.0,3796
1,      5276,1487,         338978676,0.0,0.0
0,      5278,0,         339068442,0.0,2283
1,      5280,1488,         339178680,0.0,0.0
0,      5282,0,         339207281,0.0,6246
1,      5284,1489,         339378680,0.0,0.0
1,      5286,1490,         339578680,0.0,0.0
1,      5288,1491,         339778680,0.0,0.0
0,      5290,0,         339788064,0.0,1278
0,      5292,0,         339860509,0.0,4772
0,      5294,0,         339889999,0.0,4907
0,      5296,0,         339901415,0.0,2651
0,      5298,0,         339913371,0.0,261
1,      5300,1492,         339978684,0.0,0.0
1,      5302,1493,         340178684,0.0,0.0
0,      5304,0,         340290809,0.0,355
1,      5306,1494,         340378684,0.0,0.0
0,      5308,0,         340557022,0.0,3714
1,      5310,1495,         340578688,0.0,0.0
1,      5312,1496,         340778688,0.0,0.0
0,      5314,0,         340877305,0.0,5135
1,      5316,1497,         340978688,0.0,0.0
1,      5318,1498,         341178692,0.0,0.0
0,      5320,0,         341213843,0.0,730
0,      5322,0,         341268884,0.0,2446
0,      5324,0,         341281610,0.0,2241
1,      5326,1499,         341378692,0.0,0.0
0,      5328,0,         341380876,0.0,2242
1,      5330,1500,         341578692,0.0,0.0
0,      5332,0,         341599819,0.0,4038
0,      5334,0,         341621049,0.0,5879
1,      5336,1501,         341778692,0.0,0.0
1,      5338,1502,         341978696,0.0,0.0
1,      5340,1503,         342178696,0.0,0.0
1,      5342,1504,         342378696,0.0,0.0
1,      5344,1505,         342578700,0.0,0.0
0,      5346,0,         342596313,0.0,5148
0,      5348,0,         342692080,0.0,2044
1,      5350,1506,         342778700,0.0,0.0
1,      5352,1507,         342978700,0.0,0.0
1,      5354,1508,         343178704,0.0,0.0
1,      5356,1509,         343378704,0.0,0.0
0,      5358,0,         343390402,0.0,3974
0,      5360,0,         343396683,0.0,1318
0,      5361,0,         343396773,0.0,1226
1,      5363,1510,         343578704,0.0,0.0
0,      5365,0,         343729380,0.0,5579
0,      5367,0,         343752496,0.0,1266
1,      5369,1511,         343778704,0.0,0.0
1,      5371,1512,         343978708,0.0,0.0
0,      5373,0,         344099582,0.0,345
1,      5375,1513,         344178708,0.0,0.0
0,      5377,0,         344187159,0.0,3215
1,      5379,1514,         344378708,0.0,0.0
1,      5381,1515,         344578712,0.0,0.0
1,      5383,1516,         344778712,0.0,0.0
0,      5385,0,         344852018,0.0,1473
1,      5387,1517,         344978712,0.0,0.0
1,      5389,1518,         345178712,0.0,0.0
0,      5391,0,         345345369,0.0,4460
1,      5393,1519,         345378716,0.0,0.0
1,      5395,1520,         345578716,0.0,0.0
1,      5397,1521,         345778716,0.0,0.0
1,      5399,1522,         345978720,0.0,0.0
1,      5401,1523,         346178720,0.0,0.0
0,      5403,0,         346297505,0.0,5876
1,      5405,1524,         346378720,0.0,0.0
1,      5407,1525,         346578724,0.0,0.0
1,      5409,1526,         346778724,0.0,0.0
0,      5411,0,         346827070,0.0,2370
1,      5413,1527,         346978724,0.0,0.0
1,      5415,1528,         347178724,0.0,0.0
0,      5417,0,         347363543,0.0,263
1,      5419,1529,         347378728,0.0,0.0
1,      5421,1530,         347578728,0.0,0.0
1,      5423,1531,         347778728,0.0,0.0
0,      5425,0,         347830635,0.0,3239
1,      5427,1532,         347978732,0.0,0.0
0,      5429,0,         348025292,0.0,1159
1,      5431,1533,         348178732,0.0,0.0
0,      5433,0,         348253840,0.0,401
0,      5434,0,         348253845,0.0,3779
0,      5435,0,         348253848,0.0,4959
0,      5436,0,         348254074,0.0,525
1,      5438,1534,         348378732,0.0,0.0
1,      5440,1535,         348578736,0.0,0.0
1,      5442,1536,         348778736,0.0,0.0
1,      5444,1537,         348978736,0.0,0.0
0,      5446,0,         349124729,0.0,2392
1,      5448,1538,         349178736,0.0,0.0
0,      5450,0,         349192317,0.0,433
1,      5452,1539,         349378740,0.0,0.0
0,      5454,0,         349519159,0.0,1306
1,      5456,1540,         349578740,0.0,0.0
0,      5458,0,         349749731,0.0,1500
1,      5460,1541,         349778740,0.0,0.0
1,      5462,1542,         349978744,0.0,0.0
1,      5464,1543,         350178744,0.0,0.0
1,      5466,1544,         350378744,0.0,0.0
1,      5468,1545,         350578748,0.0,0.0
1,      5470,1546,         350778748,0.0,0.0
1,      5472,1547,         350978748,0.0,0.0
0,      5474,0,         351089259,0.0,4311
0,      5476,0,         351139558,0.0,4886
0,      5478,0,         351139871,0.0,5374
0,      5480,0,         351170577,0.0,5058
1,      5482,1548,         351178748,0.0,0.0
1,      5484,1549,         351378752,0.0,0.0
0,      5486,0,         351386736,0.0,2573
1,      5488,1550,         351578752,0.0,0.0
0,      5490,0,         351611995,0.0,5349
0,      5492,0,         351764382,0.0,994
1,      5494,1551,         351778752,0.0,0.0
1,      5496,1552,         351978756,0.0,0.0
1,      5498,1553,         352178756,0.0,0.0
0,      5500,0,         352279667,0.0,1107
1,      5502,1554,         352378756,0.0,0.0
0,      5504,0,         352405286,0.0,4933
0,      5506,0,         352407948,0.0,193
1,      5508,1555,         352578756,0.0,0.0
1,      5510,1556,         352778760,0.0,0.0
0,      5512,0,         352957155,0.0,3324
1,      5514,1557,         352978760,0.0,0.0
0,      5516,0,         353118755,0.0,2496
1,      5518,1558,         353178760,0.0,0.0
0,      5520,0,         353317837,0.0,2055
1,      5522,1559,         353378764,0.0,0.0
0,      5524,0,         353506074,0.0,4248
1,      5526,1560,         353578764,0.0,0.0
1,      5528,1561,         353778764,0.0,0.0
0,      5530,0,         353821151,0.0,6125
1,      5532,1562,         353978768,0.0,0.0
1,      5534,1563,         354178768,0.0,0.0
0,      5536,0,         354334114,0.0,2203
1,      5538,1564,         354378768,0.0,0.0
0,      5540,0,         354455534,0.0,1966
1,      5542,1565,         354578768,0.0,0.0
1,      5544,1566,         354778772,0.0,0.0
0,      5546,0,         354815145,0.0,4619
1,      5548,1567,         354978772,0.0,0.0
0,      5550,0,         355029056,0.0,1763
0,      5552,0,         355043797,0.0,4319
1,      5554,1568,         355178772,0.0,0.0
1,      5556,1569,         355378776,0.0,0.0
0,      5558,0,         355502538,0.0,3640
1,      5560,1570,         355578776,0.0,0.0
1,      5562,1571,         355778776,0.0,0.0
0,      5564,0,         355836467,0.0,3772
0,      5566,0,         355858594,0.0,3158
1,      5568,1572,         355978780,0.0,0.0
1,      5570,1573,         356178780,0.0,0.0
1,      5572,1574,         356378780,0.0,0.0
0,      5574,0,         356504095,0.0,2398
1,      5576,1575,         356578780,0.0,0.0
0,      5578,0,         356770300,0.0,6129
1,      5580,1576,         356778784,0.0,0.0
0,      5582,0,         356852877,0.0,4854
0,      5584,0,         356922996,0.0,3073
0,      5586,0,         356961591,0.0,4867
1,      5588,1577,         356978784,0.0,0.0
0,      5590,0,         356982731,0.0,3992
1,      5592,1578,         357178784,0.0,0.0
1,      5594,1579,         357378788,0.0,0.0
1,      5596,1580,         357578788,0.0,0.0
1,      5598,1581,         357778788,0.0,0.0
0,      5600,0,         357797897,0.0,3969
0,      5602,0,         357833335,0.0,2746
0,      5604,0,         357977329,0.0,1592
1,      5606,1582,         357978788,0.0,0.0
0,      5608,0,         358145996,0.0,2627
1,      5610,1583,         358178792,0.0,0.0
1,      5612,1584,         358378792,0.0,0.0
1,      5614,1585,         358578792,0.0,0.0
0,      5616,0,         358715481,0.0,5584
1,      5618,1586,         358778796,0.0,0.0
0,      5620,0,         358859694,0.0,5883
1,      5622,1587,         358978796,0.0,0.0
1,      5624,1588,         359178796,0.0,0.0
1,      5626,1589,         359378800,0.0,0.0
1,      5628,1590,         359578800,0.0,0.0
0,      5630,0,         359706413,0.0,4361
1,      5632,1591,         359778800,0.0,0.0
0,      5634,0,         359869240,0.0,1955
1,      5636,1592,         359978800,0.0,0.0
1,      5638,1593,         360178804,0.0,0.0
1,      5640,1594,         360378804,0.0,0.0
0,      5642,0,         360460617,0.0,2976
1,      5644,1595,         360578804,0.0,0.0
1,      5646,1596,         360778808,0.0,0.0
0,      5648,0,         360943158,0.0,3786
0,      5650,0,         360968222,0.0,2933
1,      5652,1597,         360978808,0.0,0.0
1,      5654,1598,         361178808,0.0,0.0
0,      5656,0,         361306279,0.0,2700
1,      5658,1599,         361378812,0.0,0.0
1,      5660,1600,         361578812,0.0,0.0
1,      5662,1601,         361778812,0.0,0.0
0,      5664,0,         361783627,0.0,4697
0,      5666,0,         361920801,0.0,3597
1,      5668,1602,         361978812,0.0,0.0
0,      5670,0,         362066030,0.0,4252
0,      5672,0,         362107111,0.0,1899
0,      5674,0,         362132577,0.0,5773
1,      5676,1603,         362178816,0.0,0.0
1,      5678,1604,         362378816,0.0,0.0
0,      5680,0,         362515806,0.0,4755
1,      5682,1605,         362578816,0.0,0.0
0,      5684,0,         362680532,0.0,4155
1,      5686,1606,         362778820,0.0,0.0
0,      5688,0,         362799180,0.0,2546
1,      5690,1607,         362978820,0.0,0.0
1,      5692,1608,         363178820,0.0,0.0
0,      5694,0,         363221247,0.0,1393
1,      5696,1609,         363378824,0.0,0.0
0,      5698,0,         363406431,0.0,4452
0,      5700,0,         363446007,0.0,5107
1,      5702,1610,         363578824,0.0,0.0
0,      5704,0,         363603229,0.0,5117
0,      5706,0,         363632939,0.0,6
0,      5708,0,         363634704,0.0,3093
1,      5710,1611,         363778824,0.0,0.0
1,      5712,1612,         363978824,0.0,0.0
0,      5714,0,         364034647,0.0,2539
0,      5716,0,         364041825,0.0,894
1,      5718,1613,         364178828,0.0,0.0
1,      5720,1614,         364378828,0.0,0.0
0,      5722,0,         364552237,0.0,5241
1,      5724,1615,         364578828,0.0,0.0
0,      5726,0,         364640330,0.0,434
1,      5728,1616,         364778832,0.0,0.0
0,      5730,0,         364802092,0.0,451
0,      5732,0,         364870260,0.0,1988
0,      5733,0,         364870646,0.0,2424
1,      5735,1617,         364978832,0.0,0.0
1,      5737,1618,         365178832,0.0,0.0
1,      5739,1619,         365378832,0.0,0.0
0,      5741,0,         365475284,0.0,4277
1,      5743,1620,         365578836,0.0,0.0
0,      5745,0,         365727742,0.0,2426
1,      5747,1621,         365778836,0.0,0.0
1,      5749,1622,         365978836,0.0,0.0
0,      5751,0,         366066912,0.0,4795
1,      5753,1623,         366178840,0.0,0.0
1,      5755,1624,         366378840,0.0,0.0
0,      5757,0,         366504819,0.0,4351
1,      5759,1625,         366578840,0.0,0.0
0,      5761,0,         366755078,0.0,3460
1,      5763,1626,         366778844,0.0,0.0
0,      5765,0,         366977003,0.0,1192
1,      5767,1627,         366978844,0.0,0.0
1,      5769,1628,         367178844,0.0,0.0
1,      5771,1629,         367378844,0.0,0.0
1,      5773,1630,         367578848,0.0,0.0
1,      5775,1631,         367778848,0.0,0.0
0,      5777,0,         367824679,0.0,718
0,      5779,0,         367849688,0.0,6085
0,      5781,0,         367883832,0.0,5288
1,      5783,1632,         367978848,0.0,0.0
1,      5785,1633,         368178852,0.0,0.0
1,      5787,1634,         368378852,0.0,0.0
0,      5789,0,         368408775,0.0,6195
0,      5791,0,         368469959,0.0,6117
1,      5793,1635,         368578852,0.0,0.0
0,      5795,0,         368734906,0.0,1526
1,      5797,1636,         368778856,0.0,0.0
1,      5799,1637,         368978856,0.0,0.0
0,      5801,0,         369051653,0.0,3577
0,      5803,0,         369070659,0.0,730
1,      5805,1638,         369178856,0.0,0.0
0,      5807,0,         369339311,0.0,2536
1,      5809,1639,         369378856,0.0,0.0
0,      5811,0,         369418753,0.0,5483
0,      5813,0,         369558832,0.0,114
0,      5814,0,         369558876,0.0,5183
0,      5816,0,         369578329,0.0,755
1,      5817,1640,         369578860,0.0,0.0
1,      5819,1641,         369778860,0.0,0.0
1,      5821,1642,         369978860,0.0,0.0
0,      5823,0,         370060149,0.0,4014
1,      5825,1643,         370178864,0.0,0.0
0,      5827,0,         370258834,0.0,690
1,      5829,1644,         370378864,0.0,0.0
1,      5831,1645,         370578864,0.0,0.0
0,      5833,0,         370590771,0.0,654
0,      5835,0,         370717496,0.0,5415
1,      5837,1646,         370778868,0.0,0.0
0,      5839,0,         370928240,0.0,4983
1,      5841,1647,         370978868,0.0,0.0
1,      5843,1648,         371178868,0.0,0.0
1,      5845,1649,         371378868,0.0,0.0
0,      5847,0,         371426281,0.0,56
1,      5849,1650,         371578872,0.0,0.0
0,      5851,0,         371724286,0.0,174
1,      5853,1651,         371778872,0.0,0.0
1,      5855,1652,         371978872,0.0,0.0
0,      5857,0,         372151769,0.0,3039
1,      5859,1653,         372178876,0.0,0.0
0,      5861,0,         372287129,0.0,4487
1,      5863,1654,         372378876,0.0,0.0
1,      5865,1655,         372578876,0.0,0.0
1,      5867,1656,         372778876,0.0,0.0
0,      5869,0,         372810046,0.0,2925
1,      5871,1657,         372978880,0.0,0.0
1,      5873,1658,         373178880,0.0,0.0
1,      5875,1659,         373378880,0.0,0.0
0,      5877,0,         373456298,0.0,5956
0,      5879,0,         373555330,0.0,2490
1,      5881,1660,         373578884,0.0,0.0
0,      5883,0,         373676820,0.0,3075
0,      5885,0,         373739779,0.0,2434
1,      5887,1661,         373778884,0.0,0.0
1,      5889,1662,         373978884,0.0,0.0
1,      5891,1663,         374178888,0.0,0.0
0,      5893,0,         374361309,0.0,5656
1,      5895,1664,         374378888,0.0,0.0
1,      5897,1665,         374578888,0.0,0.0
1,      5899,1666,         374778888,0.0,0.0
1,      5901,1667,         374978892,0.0,0.0
1,      5903,1668,         375178892,0.0,0.0
0,      5905,0,         375199815,0.0,4719
0,      5907,0,         375345297,0.0,2514
1,      5909,1669,         375378892,0.0,0.0
0,      5911,0,         375569019,0.0,5854
1,      5913,1670,         375578896,0.0,0.0
1,      5915,1671,         375778896,0.0,0.0
0,      5917,0,         375895582,0.0,6084
1,      5919,1672,         375978896,0.0,0.0
1,      5921,1673,         376178900,0.0,0.0
1,      5923,1674,         376378900,0.0,0.0
0,      5925,0,         376429707,0.0,3274
1,      5927,1675,         376578900,0.0,0.0
1,      5929,1676,         376778900,0.0,0.0
0,      5931,0,         376949925,0.0,3636
1,      5933,1677,         376978904,0.0,0.0
1,      5935,1678,         377178904,0.0,0.0
1,      5937,1679,         377378904,0.0,0.0
1,      5939,1680,         377578908,0.0,0.0
1,      5941,1681,         377778908,0.0,0.0
1,      5943,1682,         377978908,0.0,0.0
1,      5945,1683,         378178912,0.0,0.0
1,      5947,1684,         378378912,0.0,0.0
0,      5949,0,         378388384,0.0,4160
0,      5951,0,         378399228,0.0,3420
1,      5953,1685,         378578912,0.0,0.0
1,      5955,1686,         378778912,0.0,0.0
1,      5957,1687,         378978916,0.0,0.0
1,      5959,1688,         379178916,0.0,0.0
1,      5961,1689,         379378916,0.0,0.0
0,      5963,0,         379547818,0.0,5253
1,      5965,1690,         379578920,0.0,0.0
1,      5967,1691,         379778920,0.0,0.0
1,      5969,1692,         379978920,0.0,0.0
1,      5971,1693,         380178920,0.0,0.0
1,      5973,1694,         380378924,0.0,0.0
0,      5975,0,         380567212,0.0,3386
1,      5977,1695,         380578924,0.0,0.0
1,      5979,1696,         380778924,0.0,0.0
0,      5981,0,         380907290,0.0,2922
1,      5983,1697,         380978928,0.0,0.0
0,      5985,0,         381053248,0.0,1361
1,      5987,1698,         381178928,0.0,0.0
1,      5989,1699,         381378928,0.0,0.0
1,      5991,1700,         381578932,0.0,0.0
0,      5993,0,         381714525,0.0,5511
1,      5995,1701,         381778932,0.0,0.0
1,      5997,1702,         381978932,0.0,0.0
1,      5999,1703,         382178932,0.0,0.0
0,      6001,0,         382188376,0.0,3972
0,      6003,0,         382271218,0.0,3343
1,      6005,1704,         382378936,0.0,0.0
0,      6007,0,         382552243,0.0,1818
1,      6009,1705,         382578936,0.0,0.0
1,      6011,1706,         382778936,0.0,0.0
0,      6013,0,         382828890,0.0,6087
0,      6015,0,         382893513,0.0,671
1,      6017,1707,         382978940,0.0,0.0
1,      6019,1708,         383178940,0.0,0.0
1,      6021,1709,         383378940,0.0,0.0
0,      6023,0,         383395521,0.0,400
0,      6025,0,         383526771,0.0,2689
1,      6027,1710,         383578944,0.0,0.0
0,      6029,0,         383624422,0.0,279
0,      6031,0,         383714817,0.0,4653
0,      6033,0,         383724809,0.0,3465
0,      6034,0,         383724852,0.0,4524
1,      6036,1711,         383778944,0.0,0.0
1,      6038,1712,         383978944,0.0,0.0
1,      6040,1713,         384178944,0.0,0.0
1,      6042,1714,         384378948,0.0,0.0
0,      6044,0,         384417344,0.0,5982
0,      6045,0,         384417453,0.0,381
1,      6047,1715,         384578948,0.0,0.0
0,      6049,0,         384644468,0.0,1505
1,      6051,1716,         384778948,0.0,0.0
0,      6053,0,         384812096,0.0,2391
0,      6055,0,         384882858,0.0,3212
1,      6057,1717,         384978952,0.0,0.0
0,      6059,0,         385039776,0.0,1774
1,      6061,1718,         385178952,0.0,0.0
0,      6063,0,         385306311,0.0,319
1,      6065,1719,         385378952,0.0,0.0
1,      6067,1720,         385578952,0.0,0.0
1,      6069,1721,         385778956,0.0,0.0
1,      6071,1722,         385978956,0.0,0.0
1,      6073,1723,         386178956,0.0,0.0
0,      6075,0,         386238935,0.0,313
1,      6077,1724,         386378960,0.0,0.0
0,      6079,0,         386393931,0.0,1833
1,      6081,1725,         386578960,0.0,0.0
1,      6083,1726,         386778960,0.0,0.0
1,      6085,1727,         386978964,0.0,0.0
1,      6087,1728,         387178964,0.0,0.0
0,      6089,0,         387341769,0.0,3510
1,      6091,1729,         387378964,0.0,0.0
1,      6093,1730,         387578964,0.0,0.0
0,      6095,0,         387733015,0.0,5162
1,      6097,1731,         387778968,0.0,0.0
1,      6099,1732,         387978968,0.0,0.0
1,      6101,1733,         388178968,0.0,0.0
0,      6103,0,         388296253,0.0,5110
0,      6105,0,         388317463,0.0,4555
1,      6107,1734,         388378972,0.0,0.0
0,      6109,0,         388437041,0.0,646
0,      6111,0,         388571690,0.0,5773
1,      6113,1735,         388578972,0.0,0.0
0,      6115,0,         388624597,0.0,2888
0,      6117,0,         388660447,0.0,4680
0,      6119,0,         388699103,0.0,5368
1,      6121,1736,         388778972,0.0,0.0
1,      6123,1737,         388978976,0.0,0.0
0,      6125,0,         389149278,0.0,799
1,      6127,1738,         389178976,0.0,0.0
1,      6129,1739,         389378976,0.0,0.0
0,      6131,0,         389577753,0.0,3143
1,      6133,1740,         389578976,0.0,0.0
0,      6135,0,         389705665,0.0,5694
1,      6137,1741,         389778980,0.0,0.0
0,      6139,0,         389813844,0.0,2364
0,      6141,0,         389833797,0.0,4269
0,      6143,0,         389962443,0.0,1094
1,      6145,1742,         389978980,0.0,0.0
0,      6147,0,         390044313,0.0,2348
1,      6149,1743,         390178980,0.0,0.0
1,      6151,1744,         390378984,0.0,0.0
0,      6153,0,         390528475,0.0,4941
1,      6155,1745,         390578984,0.0,0.0
0,      6157,0,         390719932,0.0,2293
1,      6159,1746,         390778984,0.0,0.0
1,      6161,1747,         390978988,0.0,0.0
1,      6163,1748,         391178988,0.0,0.0
1,      6165,1749,         391378988,0.0,0.0
1,      6167,1750,         391578988,0.0,0.0
1,      6169,1751,         391778992,0.0,0.0
1,      6171,1752,         391978992,0.0,0.0
0,      6173,0,         392086436,0.0,3821
1,      6175,1753,         392178992,0.0,0.0
1,      6177,1754,         392378996,0.0,0.0
0,      6179,0,         392466642,0.0,5660
1,      6181,1755,         392578996,0.0,0.0
1,      6183,1756,         392778996,0.0,0.0
1,      6185,1757,         392978996,0.0,0.0
0,      6187,0,         393065535,0.0,4775
0,      6189,0,         393120048,0.0,1678
1,      6191,1758,         393179000,0.0,0.0
1,      6193,1759,         393379000,0.0,0.0
1,      6195,1760,         393579000,0.0,0.0
0,      6197,0,         393590181,0.0,5995
0,      6199,0,         393679803,0.0,6122
1,      6201,1761,         393779004,0.0,0.0
1,      6203,1762,         393979004,0.0,0.0
0,      6205,0,         394051702,0.0,5919
1,      6207,1763,         394179004,0.0,0.0
1,      6209,1764,         394379008,0.0,0.0
0,      6211,0,         394387525,0.0,3008
1,      6213,1765,         394579008,0.0,0.0
0,      6215,0,         394651422,0.0,2318
1,      6217,1766,         394779008,0.0,0.0
0,      6219,0,         394783109,0.0,2638
1,      6221,1767,         394979008,0.0,0.0
1,      6223,1768,         395179012,0.0,0.0
1,      6225,1769,         395379012,0.0,0.0
1,      6227,1770,         395579012,0.0,0.0
1,      6229,1771,         395779016,0.0,0.0
1,      6231,1772,         395979016,0.0,0.0
0,      6233,0,         396112742,0.0,4308
1,      6235,1773,         396179016,0.0,0.0
1,      6237,1774,         396379020,0.0,0.0
1,      6239,1775,         396579020,0.0,0.0
1,      6241,1776,         396779020,0.0,0.0
0,      6243,0,         396908641,0.0,3223
0,      6245,0,         396917329,0.0,3263
1,      6247,1777,         396979020,0.0,0.0
0,      6249,0,         397176542,0.0,3212
1,      6251,1778,         397179024,0.0,0.0
0,      6253,0,         397187948,0.0,2963
1,      6255,1779,         397379024,0.0,0.0
0,      6257,0,         397397155,0.0,734
0,      6259,0,         397422620,0.0,3539
0,      6261,0,         397547706,0.0,2936
1,      6263,1780,         397579024,0.0,0.0
1,      6265,1781,         397779028,0.0,0.0
1,      6267,1782,         397979028,0.0,0.0
0,      6269,0,         398141535,0.0,893
1,      6271,1783,         398179028,0.0,0.0
1,      6273,1784,         398379032,0.0,0.0
0,      6275,0,         398572279,0.0,2490
1,      6277,1785,         398579032,0.0,0.0
0,      6279,0,         398583772,0.0,3749
0,      6281,0,         398743406,0.0,5603
1,      6283,1786,         398779032,0.0,0.0
1,      6285,1787,         398979032,0.0,0.0
1,      6287,1788,         399179036,0.0,0.0
0,      6289,0,         399327178,0.0,3339
1,      6291,1789,         399379036,0.0,0.0
1,      6293,1790,         399579036,0.0,0.0
0,      6295,0,         399721747,0.0,1334
1,      6297,1791,         399779040,0.0,0.0
1,      6299,1792,         399979040,0.0,0.0
1,      6301,1793,         400179040,0.0,0.0
0,      6303,0,         400300159,0.0,199
1,      6305,1794,         400379040,0.0,0.0
0,      6307,0,         400416236,0.0,3688
0,      6309,0,         400533738,0.0,336
0,      6311,0,         400550386,0.0,5198
1,      6313,1795,         400579044,0.0,0.0
0,      6315,0,         400645498,0.0,4885
1,      6317,1796,         400779044,0.0,0.0
0,      6319,0,         400818053,0.0,422
1,      6321,1797,         400979044,0.0,0.0
0,      6323,0,         401149781,0.0,3156
1,      6325,1798,         401179048,0.0,0.0
1,      6327,1799,         401379048,0.0,0.0
1,      6329,1800,         401579048,0.0,0.0
0,      6331,0,         401709110,0.0,5440
1,      6333,1801,         401779052,0.0,0.0
1,      6335,1802,         401979052,0.0,0.0
0,      6337,0,         402143797,0.0,2666
1,      6339,1803,         402179052,0.0,0.0
0,      6341,0,         402258403,0.0,3093
1,      6343,1804,         402379052,0.0,0.0
1,      6345,1805,         402579056,0.0,0.0
0,      6347,0,         402705006,0.0,6019
0,      6349,0,         402739012,0.0,2844
1,      6351,1806,         402779056,0.0,0.0
1,      6353,1807,         402979056,0.0,0.0
0,      6355,0,         403116032,0.0,895
1,      6357,1808,         403179060,0.0,0.0
1,      6359,1809,         403379060,0.0,0.0
0,      6361,0,         403531150,0.0,2558
1,      6363,1810,         403579060,0.0,0.0
1,      6365,1811,         403779064,0.0,0.0
1,      6367,1812,         403979064,0.0,0.0
0,      6369,0,         404091188,0.0,2080
1,      6371,1813,         404179064,0.0,0.0
1,      6373,1814,         404379064,0.0,0.0
0,      6375,0,         404429057,0.0,5010
1,      6377,1815,         404579068,0.0,0.0
1,      6379,1816,         404779068,0.0,0.0
1,      6381,1817,         404979068,0.0,0.0
1,      6383,1818,         405179072,0.0,0.0
1,      6385,1819,         405379072,0.0,0.0
0,      6387,0,         405411232,0.0,2457
1,      6389,1820,         405579072,0.0,0.0
0,      6391,0,         405707738,0.0,1828
1,      6393,1821,         405779076,0.0,0.0
1,      6395,1822,         405979076,0.0,0.0
0,      6397,0,         406019973,0.0,1363
1,      6399,1823,         406179076,0.0,0.0
0,      6401,0,         406361004,0.0,4812
1,      6403,1824,         406379076,0.0,0.0
1,      6405,1825,         406579080,0.0,0.0
1,      6407,1826,         406779080,0.0,0.0
1,      6409,1827,         406979080,0.0,0.0
1,      6411,1828,         407179084,0.0,0.0
0,      6413,0,         407194758,0.0,4338
1,      6415,1829,         407379084,0.0,0.0
1,      6417,1830,         407579084,0.0,0.0
1,      6419,1831,         407779084,0.0,0.0
1,      6421,1832,         407979088,0.0,0.0
1,      6423,1833,         408179088,0.0,0.0
1,      6425,1834,         408379088,0.0,0.0
0,      6427,0,         408453021,0.0,2322
0,      6429,0,         408453214,0.0,4032
0,      6431,0,         408529198,0.0,411
1,      6433,1835,         408579092,0.0,0.0
1,      6435,1836,         408779092,0.0,0.0
1,      6437,1837,         408979092,0.0,0.0
0,      6439,0,         409080524,0.0,2724
1,      6441,1838,         409179096,0.0,0.0
0,      6443,0,         409305265,0.0,2769
0,      6444,0,         409305514,0.0,3210
1,      6446,1839,         409379096,0.0,0.0
1,      6448,1840,         409579096,0.0,0.0
1,      6450,1841,         409779096,0.0,0.0
0,      6452,0,         409828647,0.0,703
1,      6454,1842,         409979100,0.0,0.0
0,      6456,0,         410018618,0.0,636
1,      6458,1843,         410179100,0.0,0.0
0,      6460,0,         410185953,0.0,5453
0,      6462,0,         410317702,0.0,2302
1,      6464,1844,         410379100,0.0,0.0
1,      6466,1845,         410579104,0.0,0.0
0,      6468,0,         410624910,0.0,2223
1,      6470,1846,         410779104,0.0,0.0
0,      6472,0,         410811349,0.0,1856
0,      6474,0,         410812566,0.0,5630
1,      6476,1847,         410979104,0.0,0.0
1,      6478,1848,         411179108,0.0,0.0
1,      6480,1849,         411379108,0.0,0.0
1,      6482,1850,         411579108,0.0,0.0
0,      6484,0,         411644988,0.0,4917
0,      6486,0,         411727304,0.0,3370
1,      6488,1851,         411779108,0.0,0.0
0,      6490,0,         411845216,0.0,2822
0,      6492,0,         411890042,0.0,2199
1,      6494,1852,         411979112,0.0,0.0
1,      6496,1853,         412179112,0.0,0.0
1,      6498,1854,         412379112,0.0,0.0
0,      6500,0,         412462355,0.0,3781
0,      6502,0,         412544595,0.0,5743
1,      6504,1855,         412579116,0.0,0.0
0,      6506,0,         412605450,0.0,630
1,      6508,1856,         412779116,0.0,0.0
1,      6510,1857,         412979116,0.0,0.0
0,      6512,0,         413016214,0.0,3471
1,      6514,1858,         413179116,0.0,0.0
0,      6516,0,         413300420,0.0,5269
1,      6518,1859,         413379120,0.0,0.0
0,      6520,0,         413476030,0.0,1291
0,      6521,0,         413476038,0.0,1363
1,      6523,1860,         413579120,0.0,0.0
0,      6525,0,         413646220,0.0,5774
0,      6526,0,         413646282,0.0,2722
0,      6528,0,         413664972,0.0,3547
1,      6530,1861,         413779120,0.0,0.0
0,      6532,0,         413828967,0.0,2112
1,      6534,1862,         413979124,0.0,0.0
0,      6536,0,         414094052,0.0,4530
0,      6538,0,         414166350,0.0,164
1,      6540,1863,         414179124,0.0,0.0
1,      6542,1864,         414379124,0.0,0.0
1,      6544,1865,         414579128,0.0,0.0
1,      6546,1866,         414779128,0.0,0.0
0,      6548,0,         414791309,0.0,3271
1,      6550,1867,         414979128,0.0,0.0
1,      6552,1868,         415179132,0.0,0.0
0,      6554,0,         415255070,0.0,5224
1,      6556,1869,         415379132,0.0,0.0
1,      6558,1870,         415579132,0.0,0.0
0,      6560,0,         415767465,0.0,1051
1,      6562,1871,         415779132,0.0,0.0
0,      6564,0,         415860601,0.0,300
0,      6566,0,         415860977,0.0,1733
1,      6568,1872,         415979136,0.0,0.0
1,      6570,1873,         416179136,0.0,0.0
1,      6572,1874,         416379136,0.0,0.0
1,      6574,1875,         416579140,0.0,0.0
0,      6576,0,         416660074,0.0,3371
1,      6578,1876,         416779140,0.0,0.0
0,      6580,0,         416782394,0.0,5602
0,      6582,0,         416866996,0.0,718
1,      6584,1877,         416979140,0.0,0.0
0,      6586,0,         417104402,0.0,405
1,      6588,1878,         417179140,0.0,0.0
0,      6590,0,         417281132,0.0,2714
1,      6592,1879,         417379144,0.0,0.0
0,      6594,0,         417382301,0.0,128
1,      6596,1880,         417579144,0.0,0.0
1,      6598,1881,         417779144,0.0,0.0
1,      6600,1882,         417979148,0.0,0.0
1,      6602,1883,         418179148,0.0,0.0
1,      6604,1884,         418379148,0.0,0.0
0,      6606,0,         418421647,0.0,724
1,      6608,1885,         418579152,0.0,0.0
1,      6610,1886,         418779152,0.0,0.0
0,      6612,0,         418902967,0.0,5805
1,      6614,1887,         418979152,0.0,0.0
0,      6616,0,         419173625,0.0,3526
1,      6618,1888,         419179152,0.0,0.0
1,      6620,1889,         419379156,0.0,0.0
1,      6622,1890,         419579156,0.0,0.0
1,      6624,1891,         419779156,0.0,0.0
1,      6626,1892,         419979160,0.0,0.0
1,      6628,1893,         420179160,0.0,0.0
1,      6630,1894,         420379160,0.0,0.0
1,      6632,1895,         420579160,0.0,0.0
1,      6634,1896,         420779164,0.0,0.0
1,      6636,1897,         420979164,0.0,0.0
1,      6638,1898,         421179164,0.0,0.0
0,      6640,0,         421352498,0.0,105
1,      6642,1899,         421379168,0.0,0.0
1,      6644,1900,         421579168,0.0,0.0
1,      6646,1901,         421779168,0.0,0.0
1,      6648,1902,         421979172,0.0,0.0
0,      6650,0,         422020271,0.0,5860
1,      6652,1903,         422179172,0.0,0.0
1,      6654,1904,         422379172,0.0,0.0
1,      6656,1905,         422579172,0.0,0.0
0,      6658,0,         422701743,0.0,6022
0,      6660,0,         422762932,0.0,1801
1,      6662,1906,         422779176,0.0,0.0
1,      6664,1907,         422979176,0.0,0.0
0,      6666,0,         423094441,0.0,2535
1,      6668,1908,         423179176,0.0,0.0
0,      6670,0,         423231181,0.0,2983
1,      6672,1909,         423379180,0.0,0.0
0,      6674,0,         423385517,0.0,506
1,      6676,1910,         423579180,0.0,0.0
0,      6678,0,         423626163,0.0,1138
0,      6680,0,         423700312,0.0,1826
1,      6682,1911,         423779180,0.0,0.0
1,      6684,1912,         423979184,0.0,0.0
1,      6686,1913,         424179184,0.0,0.0
0,      6688,0,         424316634,0.0,3742
0,      6690,0,         424359023,0.0,2862
1,      6692,1914,         424379184,0.0,0.0
0,      6694,0,         424393194,0.0,3749
1,      6696,1915,         424579184,0.0,0.0
1,      6698,1916,         424779188,0.0,0.0
1,      6700,1917,         424979188,0.0,0.0
1,      6702,1918,         425179188,0.0,0.0
1,      6704,1919,         425379192,0.0,0.0
0,      6706,0,         425434644,0.0,1079
1,      6708,1920,         425579192,0.0,0.0
0,      6710,0,         425763400,0.0,140
1,      6712,1921,         425779192,0.0,0.0
0,      6714,0,         425926196,0.0,1288
0,      6716,0,         425929788,0.0,2780
1,      6718,1922,         425979196,0.0,0.0
0,      6720,0,         426039880,0.0,6184
0,      6722,0,         426066053,0.0,3976
0,      6723,0,         426066073,0.0,4240
0,      6724,0,         426066076,0.0,3770
1,      6726,1923,         426179196,0.0,0.0
1,      6728,1924,         426379196,0.0,0.0
0,      6730,0,         426470793,0.0,2345
1,      6732,1925,         426579196,0.0,0.0
1,      6734,1926,         426779200,0.0,0.0
1,      6736,1927,         426979200,0.0,0.0
1,      6738,1928,         427179200,0.0,0.0
1,      6740,1929,         427379204,0.0,0.0
1,      6742,1930,         427579204,0.0,0.0
0,      6744,0,         427673246,0.0,2615
0,      6745,0,         427673434,0.0,710
0,      6747,0,         427770497,0.0,1383
1,      6749,1931,         427779204,0.0,0.0
1,      6751,1932,         427979208,0.0,0.0
1,      6753,1933,         428179208,0.0,0.0
1,      6755,1934,         428379208,0.0,0.0
0,      6757,0,         428400126,0.0,380
0,      6759,0,         428402145,0.0,5825
1,      6761,1935,         428579208,0.0,0.0
1,      6763,1936,         428779212,0.0,0.0
0,      6765,0,         428894867,0.0,5947
0,      6767,0,         428943441,0.0,436
1,      6769,1937,         428979212,0.0,0.0
1,      6771,1938,         429179212,0.0,0.0
0,      6773,0,         429292072,0.0,5010
1,      6775,1939,         429379216,0.0,0.0
0,      6777,0,         429391976,0.0,5862
0,      6779,0,         429410978,0.0,3208
1,      6781,1940,         429579216,0.0,0.0
0,      6783,0,         429696807,0.0,2827
1,      6785,1941,         429779216,0.0,0.0
1,      6787,1942,         429979216,0.0,0.0
1,      6789,1943,         430179220,0.0,0.0
0,      6791,0,         430291988,0.0,257
1,      6793,1944,         430379220,0.0,0.0
0,      6795,0,         430513277,0.0,1248
1,      6797,1945,         430579220,0.0,0.0
1,      6799,1946,         430779224,0.0,0.0
0,      6801,0,         430827783,0.0,346
1,      6803,1947,         430979224,0.0,0.0
0,      6805,0,         431052173,0.0,5022
1,      6807,1948,         431179224,0.0,0.0
0,      6809,0,         431283747,0.0,6173
0,      6811,0,         431365182,0.0,1419
1,      6813,1949,         431379228,0.0,0.0
0,      6815,0,         431398440,0.0,6005
1,      6817,1950,         431579228,0.0,0.0
0,      6818,0,         431579313,0.0,2459
0,      6820,0,         431581470,0.0,3843
1,      6822,1951,         431779228,0.0,0.0
0,      6824,0,         431910747,0.0,2544
0,      6826,0,         431952848,0.0,5281
1,      6828,1952,         431979228,0.0,0.0
1,      6830,1953,         432179232,0.0,0.0
0,      6832,0,         432285024,0.0,6175
1,      6834,1954,         432379232,0.0,0.0
1,      6836,1955,         432579232,0.0,0.0
1,      6838,1956,         432779236,0.0,0.0
0,      6840,0,         432909313,0.0,3320
0,      6842,0,         432960799,0.0,3572
1,      6844,1957,         432979236,0.0,0.0
0,      6846,0,         433163380,0.0,5249
1,      6848,1958,         433179236,0.0,0.0
0,      6850,0,         433207802,0.0,389
0,      6852,0,         433235858,0.0,2787
1,      6854,1959,         433379240,0.0,0.0
0,      6856,0,         433567022,0.0,2769
1,      6858,1960,         433579240,0.0,0.0
1,      6860,1961,         433779240,0.0,0.0
0,      6862,0,         433953161,0.0,681
1,      6864,1962,         433979240,0.0,0.0
0,      6866,0,         434023875,0.0,1375
0,      6867,0,         434023880,0.0,4538
0,      6868,0,         434023883,0.0,2010
1,      6870,1963,         434179244,0.0,0.0
1,      6872,1964,         434379244,0.0,0.0
1,      6874,1965,         434579244,0.0,0.0
0,      6876,0,         434610156,0.0,4611
0,      6878,0,         434772455,0.0,3574
1,      6880,1966,         434779248,0.0,0.0
0,      6882,0,         434793906,0.0,306
1,      6884,1967,         434979248,0.0,0.0
1,      6886,1968,         435179248,0.0,0.0
1,      6888,1969,         435379252,0.0,0.0
1,      6890,1970,         435579252,0.0,0.0
0,      6892,0,         435610842,0.0,149
0,      6894,0,         435770987,0.0,5326
1,      6896,1971,         435779252,0.0,0.0
1,      6898,1972,         435979252,0.0,0.0
1,      6900,1973,         436179256,0.0,0.0
1,      6902,1974,         436379256,0.0,0.0
0,      6904,0,         436509927,0.0,4981
1,      6906,1975,         436579256,0.0,0.0
1,      6908,1976,         436779260,0.0,0.0
1,      6910,1977,         436979260,0.0,0.0
0,      6912,0,         437036434,0.0,3178
1,      6914,1978,         437179260,0.0,0.0
0,      6916,0,         437192474,0.0,1202
0,      6918,0,         437203207,0.0,4216
1,      6920,1979,         437379260,0.0,0.0
1,      6922,1980,         437579264,0.0,0.0
1,      6924,1981,         437779264,0.0,0.0
1,      6926,1982,         437979264,0.0,0.0
1,      6928,1983,         438179268,0.0,0.0
1,      6930,1984,         438379268,0.0,0.0
1,      6932,1985,         438579268,0.0,0.0
0,      6934,0,         438691798,0.0,3431
1,      6936,1986,         438779272,0.0,0.0
1,      6938,1987,         438979272,0.0,0.0
1,      6940,1988,         439179272,0.0,0.0
1,      6942,1989,         439379272,0.0,0.0
0,      6944,0,         439434053,0.0,1510
1,      6946,1990,         439579276,0.0,0.0
0,      6948,0,         439607001,0.0,44
0,      6950,0,         439634039,0.0,4715
1,      6952,1991,         439779276,0.0,0.0
1,      6954,1992,         439979276,0.0,0.0
1,      6956,1993,         440179280,0.0,0.0
0,      6958,0,         440229354,0.0,596
1,      6960,1994,         440379280,0.0,0.0
1,      6962,1995,         440579280,0.0,0.0
1,      6964,1996,         440779284,0.0,0.0
0,      6966,0,         440876586,0.0,6080
1,      6968,1997,         440979284,0.0,0.0
0,      6970,0,         441036636,0.0,6017
1,      6972,1998,         441179284,0.0,0.0
0,      6974,0,         441274850,0.0,4321
0,      6976,0,         441340475,0.0,544
1,      6978,1999,         441379284,0.0,0.0
0,      6980,0,         441428475,0.0,3578
0,      6982,0,         441499038,0.0,3358
0,      6983,0,         441499630,0.0,5475
1,      6985,2000,         441579288,0.0,0.0
1,      6987,2001,         441779288,0.0,0.0
0,      6989,0,         441792336,0.0,1084
0,      6991,0,         441816823,0.0,374
0,      6993,0,         441977249,0.0,4968
1,      6995,2002,         441979288,0.0,0.0
1,      6997,2003,         442179292,0.0,0.0
1,      6999,2004,         442379292,0.0,0.0
1,      7001,2005,         442579292,0.0,0.0
1,      7003,2006,         442779292,0.0,0.0
0,      7005,0,         442822659,0.0,3454
0,      7007,0,         442842871,0.0,2497
1,      7009,2007,         442979296,0.0,0.0
0,      7011,0,         443096628,0.0,3982
0,      7012,0,         443096631,0.0,731
1,      7014,2008,         443179296,0.0,0.0
1,      7016,2009,         443379296,0.0,0.0
0,      7018,0,         443415283,0.0,5238
1,      7020,2010,         443579300,0.0,0.0
1,      7022,2011,         443779300,0.0,0.0
1,      7024,2012,         443979300,0.0,0.0
1,      7026,2013,         444179304,0.0,0.0
1,      7028,2014,         444379304,0.0,0.0
0,      7030,0,         444447042,0.0,363
1,      7032,2015,         444579304,0.0,0.0
0,      7034,0,         444727693,0.0,845
1,      7036,2016,         444779304,0.0,0.0
1,      7038,2017,         444979308,0.0,0.0
1,      7040,2018,         445179308,0.0,0.0
0,      7042,0,         445216716,0.0,2249
0,      7044,0,         445237010,0.0,3617
0,      7046,0,         445336747,0.0,5003
1,      7048,2019,         445379308,0.0,0.0
1,      7050,2020,         445579312,0.0,0.0
0,      7052,0,         445608400,0.0,66
1,      7054,2021,         445779312,0.0,0.0
1,      7056,2022,         445979312,0.0,0.0
1,      7058,2023,         446179316,0.0,0.0
0,      7060,0,         446243057,0.0,2471
1,      7062,2024,         446379316,0.0,0.0
0,      7064,0,         446389639,0.0,55
0,      7066,0,         446417557,0.0,3524
0,      7068,0,         446427748,0.0,4727
0,      7070,0,         446526135,0.0,849
1,      7072,2025,         446579316,0.0,0.0
0,      7074,0,         446618374,0.0,5975
1,      7076,2026,         446779316,0.0,0.0
0,      7078,0,         446810633,0.0,2819
0,      7080,0,         446852901,0.0,4818
0,      7082,0,         446945022,0.0,263
1,      7084,2027,         446979320,0.0,0.0
0,      7086,0,         447014764,0.0,5288
1,      7088,2028,         447179320,0.0,0.0
1,      7090,2029,         447379320,0.0,0.0
1,      7092,2030,         447579324,0.0,0.0
1,      7094,2031,         447779324,0.0,0.0
1,      7096,2032,         447979324,0.0,0.0
0,      7098,0,         448161165,0.0,1386
1,      7100,2033,         448179328,0.0,0.0
1,      7102,2034,         448379328,0.0,0.0
1,      7104,2035,         448579328,0.0,0.0
1,      7106,2036,         448779328,0.0,0.0
1,      7108,2037,         448979332,0.0,0.0
0,      7110,0,         449127859,0.0,84
1,      7112,2038,         449179332,0.0,0.0
0,      7114,0,         449324842,0.0,5178
1,      7116,2039,         449379332,0.0,0.0
0,      7118,0,         449409073,0.0,1612
0,      7120,0,         449448156,0.0,665
1,      7122,2040,         449579336,0.0,0.0
1,      7124,2041,         449779336,0.0,0.0
0,      7126,0,         449799641,0.0,5865
0,      7128,0,         449864987,0.0,2917
1,      7130,2042,         449979336,0.0,0.0
1,      7132,2043,         450179336,0.0,0.0
0,      7134,0,         450219594,0.0,3880
1,      7136,2044,         450379340,0.0,0.0
0,      7138,0,         450535886,0.0,2569
1,      7140,2045,         450579340,0.0,0.0
0,      7142,0,         450643372,0.0,2165
1,      7144,2046,         450779340,0.0,0.0
0,      7146,0,         450831434,0.0,4683
0,      7148,0,         450904682,0.0,594
1,      7150,2047,         450979344,0.0,0.0
0,      7152,0,         451144304,0.0,322
1,      7154,2048,         451179344,0.0,0.0
0,      7156,0,         451187248,0.0,2234
0,      7158,0,         451249645,0.0,1098
0,      7160,0,         451260059,0.0,146
1,      7162,2049,         451379344,0.0,0.0
1,      7164,2050,         451579348,0.0,0.0
0,      7166,0,         451712527,0.0,4875
0,      7168,0,         451736167,0.0,3154
1,      7170,2051,         451779348,0.0,0.0
1,      7172,2052,         451979348,0.0,0.0
0,      7174,0,         452163988,0.0,4725
1,      7176,2053,         452179348,0.0,0.0
0,      7178,0,         452332005,0.0,3561
1,      7180,2054,         452379352,0.0,0.0
0,      7182,0,         452551223,0.0,4820
1,      7184,2055,         452579352,0.0,0.0
1,      7186,2056,         452779352,0.0,0.0
0,      7188,0,         452852126,0.0,1849
1,      7190,2057,         452979356,0.0,0.0
0,      7192,0,         453028976,0.0,4423
1,      7194,2058,         453179356,0.0,0.0
1,      7196,2059,         453379356,0.0,0.0
0,      7198,0,         453488873,0.0,3288
1,      7200,2060,         453579360,0.0,0.0
0,      7202,0,         453604303,0.0,2531
1,      7204,2061,         453779360,0.0,0.0
1,      7206,2062,         453979360,0.0,0.0
1,      7208,2063,         454179360,0.0,0.0
0,      7210,0,         454342091,0.0,1807
0,      7212,0,         454373290,0.0,1789
1,      7214,2064,         454379364,0.0,0.0
1,      7216,2065,         454579364,0.0,0.0
0,      7218,0,         454686067,0.0,1529
0,      7220,0,         454703906,0.0,3315
0,      7222,0,         454709545,0.0,2915
0,      7224,0,         454746261,0.0,647
1,      7226,2066,         454779364,0.0,0.0
0,      7228,0,         454903862,0.0,3379
1,      7230,2067,         454979368,0.0,0.0
1,      7232,2068,         455179368,0.0,0.0
0,      7234,0,         455185676,0.0,3451
0,      7236,0,         455275358,0.0,2595
1,      7238,2069,         455379368,0.0,0.0
0,      7240,0,         455411579,0.0,5412
0,      7242,0,         455566503,0.0,2867
1,      7244,2070,         455579372,0.0,0.0
1,      7246,2071,         455779372,0.0,0.0
1,      7248,2072,         455979372,0.0,0.0
1,      7250,2073,         456179372,0.0,0.0
0,      7252,0,         456348122,0.0,1711
0,      7254,0,         456356734,0.0,5467
1,      7256,2074,         456379376,0.0,0.0
1,      7258,2075,         456579376,0.0,0.0
0,      7260,0,         456741848,0.0,5395
0,      7262,0,         456758324,0.0,2438
1,      7264,2076,         456779376,0.0,0.0
0,      7266,0,         456928069,0.0,4728
0,      7268,0,         456952812,0.0,1318
1,      7270,2077,         456979380,0.0,0.0
0,      7272,0,         457008124,0.0,634
1,      7274,2078,         457179380,0.0,0.0
1,      7276,2079,         457379380,0.0,0.0
1,      7278,2080,         457579380,0.0,0.0
1,      7280,2081,         457779384,0.0,0.0
1,      7282,2082,         457979384,0.0,0.0
0,      7284,0,         457980216,0.0,3099
1,      7286,2083,         458179384,0.0,0.0
1,      7288,2084,         458379388,0.0,0.0
1,      7290,2085,         458579388,0.0,0.0
0,      7292,0,         458586738,0.0,3066
1,      7294,2086,         458779388,0.0,0.0
1,      7296,2087,         458979392,0.0,0.0
1,      7298,2088,         459179392,0.0,0.0
0,      7300,0,         459365900,0.0,2227
1,      7302,2089,         459379392,0.0,0.0
0,      7304,0,         459429379,0.0,433
1,      7306,2090,         459579392,0.0,0.0
0,      7308,0,         459761794,0.0,1346
1,      7310,2091,         459779396,0.0,0.0
1,      7312,2092,         459979396,0.0,0.0
0,      7314,0,         460128290,0.0,2738
1,      7316,2093,         460179396,0.0,0.0
0,      7318,0,         460225319,0.0,2366
1,      7320,2094,         460379400,0.0,0.0
1,      7322,2095,         460579400,0.0,0.0
1,      7324,2096,         460779400,0.0,0.0
1,      7326,2097,         460979404,0.0,0.0
0,      7328,0,         461166185,0.0,21
1,      7330,2098,         461179404,0.0,0.0
1,      7332,2099,         461379404,0.0,0.0
1,      7334,2100,         461579404,0.0,0.0
0,      7336,0,         461685865,0.0,4622
0,      7338,0,         461722951,0.0,6056
1,      7340,2101,         461779408,0.0,0.0
1,      7342,2102,         461979408,0.0,0.0
1,      7344,2103,         462179408,0.0,0.0
0,      7346,0,         462305507,0.0,2402
1,      7348,2104,         462379412,0.0,0.0
1,      7350,2105,         462579412,0.0,0.0
1,      7352,2106,         462779412,0.0,0.0
0,      7354,0,         462942258,0.0,6181
1,      7356,2107,         462979412,0.0,0.0
0,      7358,0,         463132815,0.0,1108
1,      7360,2108,         463179416,0.0,0.0
1,      7362,2109,         463379416,0.0,0.0
0,      7364,0,         463500233,0.0,2811
1,      7366,2110,         463579416,0.0,0.0
1,      7368,2111,         463779420,0.0,0.0
1,      7370,2112,         463979420,0.0,0.0
0,      7372,0,         464019994,0.0,3456
0,      7374,0,         464067398,0.0,2743
1,      7376,2113,         464179420,0.0,0.0
0,      7378,0,         464377632,0.0,5192
1,      7380,2114,         464379424,0.0,0.0
0,      7382,0,         464438775,0.0,2001
1,      7384,2115,         464579424,0.0,0.0
1,      7386,2116,         464779424,0.0,0.0
0,      7388,0,         464795965,0.0,4332
0,      7390,0,         464833711,0.0,1224
0,      7392,0,         464901843,0.0,5131
1,      7394,2117,         464979424,0.0,0.0
1,      7396,2118,         465179428,0.0,0.0
1,      7398,2119,         465379428,0.0,0.0
0,      7400,0,         465515038,0.0,2732
1,      7402,2120,         465579428,0.0,0.0
1,      7404,2121,         465779432,0.0,0.0
1,      7406,2122,         465979432,0.0,0.0
0,      7408,0,         466003273,0.0,714
0,      7409,0,         466003527,0.0,2361
1,      7411,2123,         466179432,0.0,0.0
0,      7413,0,         466251159,0.0,1504
0,      7415,0,         466335783,0.0,779
1,      7417,2124,         466379436,0.0,0.0
0,      7419,0,         466468939,0.0,1890
1,      7421,2125,         466579436,0.0,0.0
1,      7423,2126,         466779436,0.0,0.0
1,      7425,2127,         466979436,0.0,0.0
0,      7427,0,         467172195,0.0,3022
1,      7429,2128,         467179440,0.0,0.0
1,      7431,2129,         467379440,0.0,0.0
0,      7433,0,         467418395,0.0,2087
0,      7435,0,         467432775,0.0,3078
0,      7437,0,         467550302,0.0,4351
1,      7439,2130,         467579440,0.0,0.0
1,      7441,2131,         467779444,0.0,0.0
0,      7443,0,         467801533,0.0,635
0,      7445,0,         467891973,0.0,312
0,      7446,0,         467891995,0.0,2635
1,      7448,2132,         467979444,0.0,0.0
0,      7450,0,         468053140,0.0,4738
0,      7452,0,         468089121,0.0,2019
1,      7454,2133,         468179444,0.0,0.0
0,      7456,0,         468285952,0.0,3069
1,      7458,2134,         468379448,0.0,0.0
0,      7460,0,         468555851,0.0,2527
1,      7462,2135,         468579448,0.0,0.0
0,      7464,0,         468638957,0.0,2992
1,      7466,2136,         468779448,0.0,0.0
1,      7468,2137,         468979448,0.0,0.0
1,      7470,2138,         469179452,0.0,0.0
1,      7472,2139,         469379452,0.0,0.0
0,      7474,0,         469390869,0.0,448
0,      7476,0,         469577741,0.0,5538
1,      7478,2140,         469579452,0.0,0.0
0,      7480,0,         469673507,0.0,1396
1,      7482,2141,         469779456,0.0,0.0
0,      7484,0,         469901432,0.0,5902
1,      7486,2142,         469979456,0.0,0.0
0,      7488,0,         470101944,0.0,3595
1,      7490,2143,         470179456,0.0,0.0
0,      7492,0,         470194501,0.0,5226
1,      7494,2144,         470379456,0.0,0.0
1,      7496,2145,         470579460,0.0,0.0
1,      7498,2146,         470779460,0.0,0.0
0,      7500,0,         470876958,0.0,2412
1,      7502,2147,         470979460,0.0,0.0
0,      7504,0,         470998481,0.0,762
0,      7506,0,         471156053,0.0,3420
1,      7508,2148,         471179464,0.0,0.0
0,      7510,0,         471328212,0.0,1774
1,      7512,2149,         471379464,0.0,0.0
0,      7514,0,         471473616,0.0,2171
0,      7516,0,         471525299,0.0,1348
1,      7518,2150,         471579464,0.0,0.0
1,      7520,2151,         471779468,0.0,0.0
0,      7522,0,         471825906,0.0,5649
0,      7524,0,         471830881,0.0,5142
1,      7526,2152,         471979468,0.0,0.0
1,      7528,2153,         472179468,0.0,0.0
0,      7530,0,         472267594,0.0,1714
1,      7532,2154,         472379468,0.0,0.0
1,      7534,2155,         472579472,0.0,0.0
0,      7536,0,         472702708,0.0,3518
1,      7538,2156,         472779472,0.0,0.0
1,      7540,2157,         472979472,0.0,0.0
0,      7542,0,         472997896,0.0,3744
1,      7544,2158,         473179476,0.0,0.0
1,      7546,2159,         473379476,0.0,0.0
1,      7548,2160,         473579476,0.0,0.0
0,      7550,0,         473710203,0.0,1632
1,      7552,2161,         473779480,0.0,0.0
0,      7554,0,         473838190,0.0,2490
1,      7556,2162,         473979480,0.0,0.0
1,      7558,2163,         474179480,0.0,0.0
0,      7560,0,         474285425,0.0,4288
0,      7562,0,         474362630,0.0,2712
1,      7564,2164,         474379480,0.0,0.0
0,      7566,0,         474401569,0.0,4741
1,      7568,2165,         474579484,0.0,0.0
0,      7570,0,         474636015,0.0,2051
1,      7572,2166,         474779484,0.0,0.0
0,      7574,0,         474882215,0.0,228
1,      7576,2167,         474979484,0.0,0.0
1,      7578,2168,         475179488,0.0,0.0
0,      7580,0,         475269669,0.0,5353
1,      7582,2169,         475379488,0.0,0.0
1,      7584,2170,         475579488,0.0,0.0
1,      7586,2171,         475779492,0.0,0.0
1,      7588,2172,         475979492,0.0,0.0
1,      7590,2173,         476179492,0.0,0.0
0,      7592,0,         476329374,0.0,2815
1,      7594,2174,         476379492,0.0,0.0
0,      7596,0,         476561646,0.0,2435
1,      7598,2175,         476579496,0.0,0.0
1,      7600,2176,         476779496,0.0,0.0
0,      7602,0,         476959600,0.0,5071
1,      7604,2177,         476979496,0.0,0.0
0,      7606,0,         477115057,0.0,1781
1,      7608,2178,         477179500,0.0,0.0
0,      7610,0,         477241477,0.0,4881
0,      7612,0,         477360154,0.0,4025
1,      7614,2179,         477379500,0.0,0.0
1,      7616,2180,         477579500,0.0,0.0
1,      7618,2181,         477779504,0.0,0.0
1,      7620,2182,         477979504,0.0,0.0
1,      7622,2183,         478179504,0.0,0.0
0,      7624,0,         478358608,0.0,3294
1,      7626,2184,         478379504,0.0,0.0
1,      7628,2185,         478579508,0.0,0.0
1,      7630,2186,         478779508,0.0,0.0
1,      7632,2187,         478979508,0.0,0.0
0,      7634,0,         479115341,0.0,1366
0,      7636,0,         479135505,0.0,4270
0,      7637,0,         479135641,0.0,84
1,      7639,2188,         479179512,0.0,0.0
0,      7641,0,         479243952,0.0,4803
1,      7643,2189,         479379512,0.0,0.0
0,      7645,0,         479531903,0.0,2446
0,      7647,0,         479549406,0.0,3326
1,      7649,2190,         479579512,0.0,0.0
0,      7651,0,         479605885,0.0,6114
0,      7653,0,         479773919,0.0,4436
1,      7655,2191,         479779512,0.0,0.0
1,      7657,2192,         479979516,0.0,0.0
0,      7659,0,         480091294,0.0,2193
1,      7661,2193,         480179516,0.0,0.0
0,      7663,0,         480229825,0.0,2521
1,      7665,2194,         480379516,0.0,0.0
1,      7667,2195,         480579520,0.0,0.0
1,      7669,2196,         480779520,0.0,0.0
1,      7671,2197,         480979520,0.0,0.0
1,      7673,2198,         481179524,0.0,0.0
0,      7675,0,         481366369,0.0,3508
1,      7677,2199,         481379524,0.0,0.0
1,      7679,2200,         481579524,0.0,0.0
1,      7681,2201,         481779524,0.0,0.0
0,      7683,0,         481909011,0.0,4360
0,      7685,0,         481923703,0.0,1338
1,      7687,2202,         481979528,0.0,0.0
0,      7689,0,         482156134,0.0,1026
1,      7691,2203,         482179528,0.0,0.0
0,      7693,0,         482371817,0.0,1825
1,      7695,2204,         482379528,0.0,0.0
0,      7697,0,         482523770,0.0,5855
1,      7699,2205,         482579532,0.0,0.0
1,      7701,2206,         482779532,0.0,0.0
0,      7703,0,         482832539,0.0,5258
0,      7705,0,         482932782,0.0,46
0,      7707,0,         482972255,0.0,160
1,      7709,2207,         482979532,0.0,0.0
1,      7711,2208,         483179536,0.0,0.0
1,      7713,2209,         483379536,0.0,0.0
0,      7715,0,         483456544,0.0,326
1,      7717,2210,         483579536,0.0,0.0
1,      7719,2211,         483779536,0.0,0.0
0,      7721,0,         483823409,0.0,4207
1,      7723,2212,         483979540,0.0,0.0
0,      7725,0,         484047335,0.0,988
0,      7727,0,         484175759,0.0,1190
1,      7729,2213,         484179540,0.0,0.0
1,      7731,2214,         484379540,0.0,0.0
0,      7733,0,         484429188,0.0,5341
1,      7735,2215,         484579544,0.0,0.0
0,      7737,0,         484659601,0.0,5511
0,      7739,0,         484676919,0.0,4090
1,      7741,2216,         484779544,0.0,0.0
0,      7743,0,         484858190,0.0,3835
1,      7745,2217,         484979544,0.0,0.0
0,      7747,0,         484993434,0.0,1900
0,      7749,0,         485170535,0.0,3415
1,      7751,2218,         485179544,0.0,0.0
0,      7753,0,         485272223,0.0,2154
0,      7755,0,         485313212,0.0,1611
0,      7757,0,         485337330,0.0,3863
0,      7759,0,         485351746,0.0,4644
1,      7761,2219,         485379548,0.0,0.0
1,      7763,2220,         485579548,0.0,0.0
1,      7765,2221,         485779548,0.0,0.0
0,      7767,0,         485834185,0.0,1197
1,      7769,2222,         485979552,0.0,0.0
0,      7771,0,         486092855,0.0,1414
1,      7773,2223,         486179552,0.0,0.0
0,      7775,0,         486217290,0.0,4653
0,      7777,0,         486253343,0.0,381
1,      7779,2224,         486379552,0.0,0.0
0,      7781,0,         486497567,0.0,4471
0,      7783,0,         486556365,0.0,1126
1,      7785,2225,         486579556,0.0,0.0
1,      7787,2226,         486779556,0.0,0.0
0,      7789,0,         486963166,0.0,5369
1,      7791,2227,         486979556,0.0,0.0
0,      7793,0,         487132055,0.0,5827
1,      7795,2228,         487179556,0.0,0.0
1,      7797,2229,         487379560,0.0,0.0
0,      7799,0,         487405570,0.0,3524
0,      7801,0,         487542715,0.0,3650
1,      7803,2230,         487579560,0.0,0.0
1,      7805,2231,         487779560,0.0,0.0
1,      7807,2232,         487979564,0.0,0.0
1,      7809,2233,         488179564,0.0,0.0
0,      7811,0,         488352132,0.0,2121
1,      7813,2234,         488379564,0.0,0.0
1,      7815,2235,         488579568,0.0,0.0
0,      7817,0,         488692812,0.0,4702
1,      7819,2236,         488779568,0.0,0.0
1,      7821,2237,         488979568,0.0,0.0
1,      7823,2238,         489179568,0.0,0.0
1,      7825,2239,         489379572,0.0,0.0
0,      7827,0,         489562112,0.0,1924
1,      7829,2240,         489579572,0.0,0.0
1,      7831,2241,         489779572,0.0,0.0
0,      7833,0,         489917780,0.0,571
1,      7835,2242,         489979576,0.0,0.0
1,      7837,2243,         490179576,0.0,0.0
1,      7839,2244,         490379576,0.0,0.0
1,      7841,2245,         490579580,0.0,0.0
0,      7843,0,         490594398,0.0,5233
0,      7845,0,         490679920,0.0,2280
1,      7847,2246,         490779580,0.0,0.0
0,      7849,0,         490836256,0.0,1399
1,      7851,2247,         490979580,0.0,0.0
1,      7853,2248,         491179580,0.0,0.0
1,      7855,2249,         491379584,0.0,0.0
0,      7857,0,         491446777,0.0,5530
1,      7859,2250,         491579584,0.0,0.0
1,      7861,2251,         491779584,0.0,0.0
0,      7863,0,         491858549,0.0,5084
0,      7865,0,         491900268,0.0,5231
0,      7866,0,         491900373,0.0,1431
1,      7868,2252,         491979588,0.0,0.0
0,      7870,0,         492058248,0.0,3014
0,      7872,0,         492083834,0.0,2457
0,      7874,0,         492147154,0.0,5870
1,      7876,2253,         492179588,0.0,0.0
0,      7878,0,         492303328,0.0,3906
0,      7880,0,         492303375,0.0,6147
1,      7882,2254,         492379588,0.0,0.0
0,      7884,0,         492542133,0.0,3276
1,      7886,2255,         492579588,0.0,0.0
0,      7888,0,         492584686,0.0,569
0,      7890,0,         492722632,0.0,4222
0,      7892,0,         492733264,0.0,4259
1,      7894,2256,         492779592,0.0,0.0
0,      7896,0,         492849612,0.0,3692
0,      7898,0,         492943955,0.0,3590
1,      7900,2257,         492979592,0.0,0.0
1,      7902,2258,         493179592,0.0,0.0
1,      7904,2259,         493379596,0.0,0.0
0,      7906,0,         493421793,0.0,1901
1,      7908,2260,         493579596,0.0,0.0
0,      7910,0,         493738634,0.0,5969
1,      7912,2261,         493779596,0.0,0.0
1,      7914,2262,         493979600,0.0,0.0
1,      7916,2263,         494179600,0.0,0.0
0,      7918,0,         494223361,0.0,627
1,      7920,2264,         494379600,0.0,0.0
1,      7922,2265,         494579600,0.0,0.0
1,      7924,2266,         494779604,0.0,0.0
0,      7926,0,         494906809,0.0,4454
1,      7928,2267,         494979604,0.0,0.0
0,      7930,0,         495149098,0.0,2467
1,      7932,2268,         495179604,0.0,0.0
0,      7934,0,         495273103,0.0,3166
1,      7936,2269,         495379608,0.0,0.0
1,      7938,2270,         495579608,0.0,0.0
1,      7940,2271,         495779608,0.0,0.0
1,      7942,2272,         495979612,0.0,0.0
1,      7944,2273,         496179612,0.0,0.0
0,      7946,0,         496266020,0.0,290
0,      7948,0,         496340345,0.0,387
1,      7950,2274,         496379612,0.0,0.0
0,      7952,0,         496494924,0.0,241
0,      7954,0,         496579318,0.0,2882
1,      7956,2275,         496579612,0.0,0.0
0,      7958,0,         496615689,0.0,2578
1,      7960,2276,         496779616,0.0,0.0
1,      7962,2277,         496979616,0.0,0.0
1,      7964,2278,         497179616,0.0,0.0
0,      7966,0,         497303919,0.0,3752
1,      7968,2279,         497379620,0.0,0.0
0,      7970,0,         497394369,0.0,5999
1,      7972,2280,         497579620,0.0,0.0
1,      7974,2281,         497779620,0.0,0.0
1,      7976,2282,         497979624,0.0,0.0
1,      7978,2283,         498179624,0.0,0.0
1,      7980,2284,         498379624,0.0,0.0
0,      7982,0,         498382461,0.0,4319
1,      7984,2285,         498579624,0.0,0.0
0,      7986,0,         498737781,0.0,3752
1,      7988,2286,         498779628,0.0,0.0
1,      7990,2287,         498979628,0.0,0.0
1,      7992,2288,         499179628,0.0,0.0
1,      7994,2289,         499379632,0.0,0.0
0,      7996,0,         499559601,0.0,581
1,      7998,2290,         499579632,0.0,0.0
0,      8000,0,         499594984,0.0,5276
0,      8002,0,         499766851,0.0,4435
1,      8004,2291,         499779632,0.0,0.0
0,      8006,0,         499835697,0.0,4897
1,      8008,2292,         499979632,0.0,0.0
0,      8010,0,         499986525,0.0,1497
1,      8012,2293,         500179636,0.0,0.0
1,      8014,2294,         500379636,0.0,0.0
1,      8016,2295,         500579636,0.0,0.0
0,      8018,0,         500717317,0.0,4162
1,      8020,2296,         500779640,0.0,0.0
1,      8022,2297,         500979640,0.0,0.0
0,      8024,0,         501154810,0.0,898
1,      8026,2298,         501179640,0.0,0.0
1,      8028,2299,         501379644,0.0,0.0
0,      8030,0,         501402364,0.0,5932
0,      8032,0,         501402698,0.0,2166
0,      8034,0,         501518275,0.0,5029
1,      8036,2300,         501579644,0.0,0.0
0,      8038,0,         501657662,0.0,4884
1,      8040,2301,         501779644,0.0,0.0
0,      8042,0,         501862481,0.0,4968
1,      8044,2302,         501979644,0.0,0.0
0,      8046,0,         501991476,0.0,2292
1,      8048,2303,         502179648,0.0,0.0
0,      8050,0,         502268772,0.0,3683
1,      8052,2304,         502379648,0.0,0.0
0,      8054,0,         502522317,0.0,1932
0,      8056,0,         502539705,0.0,4132
1,      8058,2305,         502579648,0.0,0.0
0,      8060,0,         502633099,0.0,293
0,      8062,0,         502701363,0.0,827
1,      8064,2306,         502779652,0.0,0.0
0,      8066,0,         502916122,0.0,699
1,      8068,2307,         502979652,0.0,0.0
1,      8070,2308,         503179652,0.0,0.0
1,      8072,2309,         503379656,0.0,0.0
1,      8074,2310,         503579656,0.0,0.0
0,      8076,0,         503672584,0.0,1546
1,      8078,2311,         503779656,0.0,0.0
0,      8080,0,         503886974,0.0,281
0,      8082,0,         503941971,0.0,2406
1,      8084,2312,         503979656,0.0,0.0
0,      8086,0,         504039176,0.0,4481
1,      8088,2313,         504179660,0.0,0.0
1,      8090,2314,         504379660,0.0,0.0
0,      8092,0,         504428917,0.0,853
1,      8094,2315,         504579660,0.0,0.0
1,      8096,2316,         504779664,0.0,0.0
1,      8098,2317,         504979664,0.0,0.0
1,      8100,2318,         505179664,0.0,0.0
0,      8102,0,         505357907,0.0,4144
1,      8104,2319,         505379664,0.0,0.0
0,      8106,0,         505520233,0.0,4065
1,      8108,2320,         505579668,0.0,0.0
1,      8110,2321,         505779668,0.0,0.0
0,      8112,0,         505804460,0.0,5164
1,      8114,2322,         505979668,0.0,0.0
1,      8116,2323,         506179672,0.0,0.0
0,      8118,0,         506217215,0.0,3672
1,      8120,2324,         506379672,0.0,0.0
1,      8122,2325,         506579672,0.0,0.0
1,      8124,2326,         506779676,0.0,0.0
1,      8126,2327,         506979676,0.0,0.0
0,      8128,0,         507079425,0.0,3008
1,      8130,2328,         507179676,0.0,0.0
0,      8132,0,         507264272,0.0,3997
0,      8134,0,         507374536,0.0,4252
0,      8136,0,         507375507,0.0,1004
1,      8138,2329,         507379676,0.0,0.0
0,      8140,0,         507459806,0.0,1027
1,      8142,2330,         507579680,0.0,0.0
0,      8144,0,         507659355,0.0,1271
1,      8146,2331,         507779680,0.0,0.0
1,      8148,2332,         507979680,0.0,0.0
0,      8150,0,         508032080,0.0,191
0,      8152,0,         508170507,0.0,1449
1,      8154,2333,         508179684,0.0,0.0
0,      8156,0,         508212719,0.0,4924
0,      8158,0,         508214966,0.0,4225
1,      8160,2334,         508379684,0.0,0.0
1,      8162,2335,         508579684,0.0,0.0
0,      8164,0,         508774652,0.0,6221
0,      8166,0,         508779326,0.0,4992
1,      8168,2336,         508779688,0.0,0.0
0,      8170,0,         508790083,0.0,4603
1,      8172,2337,         508979688,0.0,0.0
0,      8174,0,         509062894,0.0,3583
1,      8176,2338,         509179688,0.0,0.0
0,      8178,0,         509215969,0.0,5037
0,      8179,0,         509215973,0.0,4303
1,      8181,2339,         509379688,0.0,0.0
1,      8183,2340,         509579692,0.0,0.0
1,      8185,2341,         509779692,0.0,0.0
1,      8187,2342,         509979692,0.0,0.0
0,      8189,0,         510104503,0.0,4234
0,      8191,0,         510151061,0.0,3765
0,      8193,0,         510176146,0.0,1208
1,      8195,2343,         510179696,0.0,0.0
0,      8197,0,         510213670,0.0,1504
0,      8199,0,         510255947,0.0,488
0,      8201,0,         510354895,0.0,2161
0,      8202,0,         510354916,0.0,1718
1,      8204,2344,         510379696,0.0,0.0
0,      8206,0,         510561615,0.0,2822
0,      8207,0,         510561973,0.0,6107
1,      8209,2345,         510579696,0.0,0.0
1,      8211,2346,         510779700,0.0,0.0
0,      8213,0,         510941711,0.0,6040
1,      8215,2347,         510979700,0.0,0.0
1,      8217,2348,         511179700,0.0,0.0
1,      8219,2349,         511379700,0.0,0.0
0,      8221,0,         511417695,0.0,3040
1,      8223,2350,         511579704,0.0,0.0
1,      8225,2351,         511779704,0.0,0.0
0,      8227,0,         511874677,0.0,4489
0,      8229,0,         511937187,0.0,3729
1,      8231,2352,         511979704,0.0,0.0
0,      8233,0,         512078600,0.0,3388
1,      8235,2353,         512179708,0.0,0.0
0,      8237,0,         512246844,0.0,3543
0,      8239,0,         512360017,0.0,6099
1,      8241,2354,         512379708,0.0,0.0
0,      8243,0,         512397173,0.0,3582
1,      8245,2355,         512579708,0.0,0.0
1,      8247,2356,         512779708,0.0,0.0
1,      8249,2357,         512979712,0.0,0.0
1,      8251,2358,         513179712,0.0,0.0
1,      8253,2359,         513379712,0.0,0.0
0,      8255,0,         513490878,0.0,5133
1,      8257,2360,         513579716,0.0,0.0
0,      8259,0,         513582048,0.0,1863
0,      8261,0,         513607831,0.0,3690
1,      8263,2361,         513779716,0.0,0.0
0,      8265,0,         513871651,0.0,5561
1,      8267,2362,         513979716,0.0,0.0
0,      8269,0,         514123025,0.0,1382
1,      8271,2363,         514179720,0.0,0.0
1,      8273,2364,         514379720,0.0,0.0
1,      8275,2365,         514579720,0.0,0.0
0,      8277,0,         514585736,0.0,3194
0,      8279,0,         514633073,0.0,1016
1,      8281,2366,         514779720,0.0,0.0
1,      8283,2367,         514979724,0.0,0.0
0,      8285,0,         515002034,0.0,998
0,      8287,0,         515148382,0.0,3514
1,      8289,2368,         515179724,0.0,0.0
1,      8291,2369,         515379724,0.0,0.0
0,      8293,0,         515555566,0.0,5917
1,      8295,2370,         515579728,0.0,0.0
1,      8297,2371,         515779728,0.0,0.0
0,      8299,0,         515839273,0.0,2573
0,      8301,0,         515879233,0.0,1918
1,      8303,2372,         515979728,0.0,0.0
1,      8305,2373,         516179732,0.0,0.0
0,      8307,0,         516187673,0.0,2888
0,      8309,0,         516195545,0.0,4723
1,      8311,2374,         516379732,0.0,0.0
1,      8313,2375,         516579732,0.0,0.0
0,      8315,0,         516727156,0.0,4266
1,      8317,2376,         516779732,0.0,0.0
1,      8319,2377,         516979736,0.0,0.0
0,      8321,0,         517032611,0.0,1990
1,      8323,2378,         517179736,0.0,0.0
1,      8325,2379,         517379736,0.0,0.0
1,      8327,2380,         517579740,0.0,0.0
0,      8329,0,         517644582,0.0,1124
1,      8331,2381,         517779740,0.0,0.0
1,      8333,2382,         517979740,0.0,0.0
1,      8335,2383,         518179744,0.0,0.0
0,      8337,0,         518341569,0.0,2103
1,      8339,2384,         518379744,0.0,0.0
0,      8341,0,         518575450,0.0,4557
1,      8343,2385,         518579744,0.0,0.0
1,      8345,2386,         518779744,0.0,0.0
1,      8347,2387,         518979748,0.0,0.0
0,      8349,0,         519111525,0.0,957
1,      8351,2388,         519179748,0.0,0.0
0,      8353,0,         519270550,0.0,1454
1,      8355,2389,         519379748,0.0,0.0
0,      8357,0,         519488270,0.0,5934
1,      8359,2390,         519579752,0.0,0.0
0,      8361,0,         519730039,0.0,3294
1,      8363,2391,         519779752,0.0,0.0
0,      8365,0,         519929383,0.0,1711
1,      8367,2392,         519979752,0.0,0.0
1,      8369,2393,         520179756,0.0,0.0
1,      8371,2394,         520379756,0.0,0.0
0,      8373,0,         520567288,0.0,3974
1,      8375,2395,         520579756,0.0,0.0
1,      8377,2396,         520779756,0.0,0.0
1,      8379,2397,         520979760,0.0,0.0
1,      8381,2398,         521179760,0.0,0.0
0,      8383,0,         521218628,0.0,4859
1,      8385,2399,         521379760,0.0,0.0
0,      8387,0,         521464119,0.0,4479
1,      8389,2400,         521579764,0.0,0.0
1,      8391,2401,         521779764,0.0,0.0
1,      8393,2402,         521979764,0.0,0.0
0,      8395,0,         522136871,0.0,1736
1,      8397,2403,         522179764,0.0,0.0
1,      8399,2404,         522379768,0.0,0.0
0,      8401,0,         522574925,0.0,4576
1,      8403,2405,         522579768,0.0,0.0
0,      8405,0,         522632335,0.0,4048
0,      8406,0,         522632796,0.0,1254
0,      8408,0,         522685616,0.0,989
1,      8410,2406,         522779768,0.0,0.0
1,      8412,2407,         522979772,0.0,0.0
1,      8414,2408,         523179772,0.0,0.0
0,      8416,0,         523230687,0.0,4723
0,      8418,0,         523300305,0.0,1015
1,      8420,2409,         523379772,0.0,0.0
1,      8422,2410,         523579776,0.0,0.0
1,      8424,2411,         523779776,0.0,0.0
0,      8426,0,         523966952,0.0,2025
1,      8428,2412,         523979776,0.0,0.0
0,      8430,0,         524099057,0.0,28
1,      8432,2413,         524179776,0.0,0.0
0,      8434,0,         524195283,0.0,815
0,      8436,0,         524259285,0.0,4979
0,      8438,0,         524362833,0.0,1801
1,      8440,2414,         524379780,0.0,0.0
0,      8442,0,         524384606,0.0,6004
0,      8444,0,         524465830,0.0,3019
1,      8446,2415,         524579780,0.0,0.0
1,      8448,2416,         524779780,0.0,0.0
1,      8450,2417,         524979784,0.0,0.0
1,      8452,2418,         525179784,0.0,0.0
0,      8454,0,         525180673,0.0,6196
1,      8456,2419,         525379784,0.0,0.0
1,      8458,2420,         525579788,0.0,0.0
0,      8460,0,         525698704,0.0,3235
1,      8462,2421,         525779788,0.0,0.0
0,      8464,0,         525826987,0.0,3769
1,      8466,2422,         525979788,0.0,0.0
0,      8468,0,         526116851,0.0,6230
0,      8470,0,         526174303,0.0,4477
0,      8471,0,         526174345,0.0,147
0,      8472,0,         526174398,0.0,4452
1,      8474,2423,         526179788,0.0,0.0
0,      8476,0,         526194496,0.0,4489
0,      8478,0,         526246225,0.0,3762
1,      8480,2424,         526379792,0.0,0.0
0,      8482,0,         526568993,0.0,4351
1,      8484,2425,         526579792,0.0,0.0
0,      8486,0,         526629352,0.0,3731
0,      8488,0,         526676346,0.0,2019
0,      8490,0,         526694288,0.0,4302
1,      8492,2426,         526779792,0.0,0.0
0,      8494,0,         526877760,0.0,3338
1,      8496,2427,         526979796,0.0,0.0
1,      8498,2428,         527179796,0.0,0.0
0,      8500,0,         527226509,0.0,669
1,      8502,2429,         527379796,0.0,0.0
1,      8504,2430,         527579796,0.0,0.0
0,      8506,0,         527637851,0.0,136
1,      8508,2431,         527779800,0.0,0.0
0,      8510,0,         527941992,0.0,2253
0,      8511,0,         527942053,0.0,2485
1,      8513,2432,         527979800,0.0,0.0
1,      8515,2433,         528179800,0.0,0.0
0,      8517,0,         528203218,0.0,241
1,      8519,2434,         528379804,0.0,0.0
0,      8521,0,         528404230,0.0,2454
0,      8523,0,         528575238,0.0,3862
1,      8525,2435,         528579804,0.0,0.0
1,      8527,2436,         528779804,0.0,0.0
1,      8529,2437,         528979808,0.0,0.0
1,      8531,2438,         529179808,0.0,0.0
0,      8533,0,         529199395,0.0,5218
0,      8534,0,         529199520,0.0,1377
1,      8536,2439,         529379808,0.0,0.0
1,      8538,2440,         529579808,0.0,0.0
0,      8540,0,         529630973,0.0,3287
1,      8542,2441,         529779812,0.0,0.0
0,      8544,0,         529782332,0.0,869
0,      8546,0,         529973693,0.0,5901
1,      8548,2442,         529979812,0.0,0.0
1,      8550,2443,         530179812,0.0,0.0
0,      8552,0,         530319201,0.0,3949
0,      8554,0,         530320530,0.0,4940
1,      8556,2444,         530379816,0.0,0.0
1,      8558,2445,         530579816,0.0,0.0
0,      8560,0,         530714486,0.0,5568
1,      8562,2446,         530779816,0.0,0.0
0,      8564,0,         530869760,0.0,3388
1,      8566,2447,         530979820,0.0,0.0
1,      8568,2448,         531179820,0.0,0.0
1,      8570,2449,         531379820,0.0,0.0
1,      8572,2450,         531579820,0.0,0.0
1,      8574,2451,         531779824,0.0,0.0
1,      8576,2452,         531979824,0.0,0.0
1,      8578,2453,         532179824,0.0,0.0
0,      8580,0,         532293469,0.0,1911
1,      8582,2454,         532379828,0.0,0.0
0,      8584,0,         532382451,0.0,5581
0,      8586,0,         532478060,0.0,3027
0,      8588,0,         532576733,0.0,5403
1,      8590,2455,         532579828,0.0,0.0
1,      8592,2456,         532779828,0.0,0.0
0,      8594,0,         532873237,0.0,2487
1,      8596,2457,         532979832,0.0,0.0
0,      8598,0,         533063670,0.0,317
1,      8600,2458,         533179832,0.0,0.0
0,      8602,0,         533301327,0.0,2031
1,      8604,2459,         533379832,0.0,0.0
0,      8606,0,         533485305,0.0,3231
1,      8608,2460,         533579832,0.0,0.0
0,      8610,0,         533684131,0.0,1510
1,      8612,2461,         533779836,0.0,0.0
0,      8614,0,         533792136,0.0,2095
0,      8616,0,         533824318,0.0,324
0,      8618,0,         533839031,0.0,1560
0,      8620,0,         533919243,0.0,4693
0,      8622,0,         533968776,0.0,1207
1,      8624,2462,         533979836,0.0,0.0
1,      8626,2463,         534179836,0.0,0.0
1,      8628,2464,         534379840,0.0,0.0
1,      8630,2465,         534579840,0.0,0.0
1,      8632,2466,         534779840,0.0,0.0
1,      8634,2467,         534979840,0.0,0.0
0,      8636,0,         535010259,0.0,2034
0,      8638,0,         535057013,0.0,496
0,      8640,0,         535137446,0.0,238
1,      8642,2468,         535179844,0.0,0.0
1,      8644,2469,         535379844,0.0,0.0
1,      8646,2470,         535579844,0.0,0.0
1,      8648,2471,         535779848,0.0,0.0
1,      8650,2472,         535979848,0.0,0.0
0,      8652,0,         536126324,0.0,5725
1,      8654,2473,         536179848,0.0,0.0
1,      8656,2474,         536379852,0.0,0.0
1,      8658,2475,         536579852,0.0,0.0
0,      8660,0,         536614236,0.0,1702
1,      8662,2476,         536779852,0.0,0.0
1,      8664,2477,         536979852,0.0,0.0
1,      8666,2478,         537179856,0.0,0.0
1,      8668,2479,         537379856,0.0,0.0
0,      8670,0,         537514549,0.0,4184
0,      8672,0,         537577301,0.0,3831
1,      8674,2480,         537579856,0.0,0.0
1,      8676,2481,         537779860,0.0,0.0
0,      8678,0,         537792081,0.0,4189
0,      8680,0,         537890834,0.0,1941
1,      8682,2482,         537979860,0.0,0.0
1,      8684,2483,         538179860,0.0,0.0
0,      8686,0,         538250603,0.0,1091
0,      8688,0,         538301053,0.0,2329
1,      8690,2484,         538379864,0.0,0.0
1,      8692,2485,         538579864,0.0,0.0
1,      8694,2486,         538779864,0.0,0.0
1,      8696,2487,         538979864,0.0,0.0
1,      8698,2488,         539179868,0.0,0.0
1,      8700,2489,         539379868,0.0,0.0
0,      8702,0,         539487957,0.0,3689
1,      8704,2490,         539579868,0.0,0.0
1,      8706,2491,         539779872,0.0,0.0
0,      8708,0,         539974887,0.0,2824
1,      8710,2492,         539979872,0.0,0.0
0,      8712,0,         540038314,0.0,979
0,      8714,0,         540107398,0.0,2427
0,      8716,0,         540177650,0.0,1592
1,      8718,2493,         540179872,0.0,0.0
1,      8720,2494,         540379876,0.0,0.0
1,      8722,2495,         540579876,0.0,0.0
0,      8724,0,         540613885,0.0,2924
1,      8726,2496,         540779876,0.0,0.0
0,      8728,0,         540817317,0.0,6065
1,      8730,2497,         540979876,0.0,0.0
0,      8732,0,         541024195,0.0,1258
1,      8734,2498,         541179880,0.0,0.0
0,      8736,0,         541214262,0.0,388
0,      8738,0,         541254360,0.0,50
0,      8740,0,         541349292,0.0,2952
1,      8742,2499,         541379880,0.0,0.0
0,      8744,0,         541396190,0.0,2002
1,      8746,2500,         541579880,0.0,0.0
0,      8748,0,         541691690,0.0,1799
1,      8750,2501,         541779884,0.0,0.0
0,      8752,0,         541844683,0.0,3761
1,      8754,2502,         541979884,0.0,0.0
1,      8756,2503,         542179884,0.0,0.0
0,      8758,0,         542221056,0.0,3326
1,      8760,2504,         542379884,0.0,0.0
1,      8762,2505,         542579888,0.0,0.0
0,      8764,0,         542729630,0.0,91
1,      8766,2506,         542779888,0.0,0.0
1,      8768,2507,         542979888,0.0,0.0
0,      8770,0,         543014862,0.0,5933
0,      8772,0,         543030069,0.0,886
1,      8774,2508,         543179892,0.0,0.0
1,      8776,2509,         543379892,0.0,0.0
1,      8778,2510,         543579892,0.0,0.0
0,      8780,0,         543582284,0.0,4413
0,      8782,0,         543631517,0.0,689
1,      8784,2511,         543779896,0.0,0.0
1,      8786,2512,         543979896,0.0,0.0
0,      8788,0,         544179609,0.0,6141
1,      8789,2513,         544179896,0.0,0.0
0,      8791,0,         544276389,0.0,6214
0,      8793,0,         544361798,0.0,3579
1,      8795,2514,         544379896,0.0,0.0
1,      8797,2515,         544579900,0.0,0.0
1,      8799,2516,         544779900,0.0,0.0
0,      8801,0,         544801465,0.0,3170
1,      8803,2517,         544979900,0.0,0.0
0,      8805,0,         545118584,0.0,4909
1,      8807,2518,         545179904,0.0,0.0
0,      8809,0,         545302556,0.0,4015
1,      8811,2519,         545379904,0.0,0.0
0,      8813,0,         545489335,0.0,3863
0,      8815,0,         545503057,0.0,290
1,      8817,2520,         545579904,0.0,0.0
0,      8819,0,         545651839,0.0,2062
0,      8821,0,         545760474,0.0,3192
1,      8823,2521,         545779908,0.0,0.0
1,      8825,2522,         545979908,0.0,0.0
1,      8827,2523,         546179908,0.0,0.0
0,      8829,0,         546369105,0.0,4305
1,      8831,2524,         546379908,0.0,0.0
0,      8833,0,         546387771,0.0,394
1,      8835,2525,         546579912,0.0,0.0
1,      8837,2526,         546779912,0.0,0.0
1,      8839,2527,         546979912,0.0,0.0
1,      8841,2528,         547179916,0.0,0.0
1,      8843,2529,         547379916,0.0,0.0
0,      8845,0,         547448911,0.0,1072
0,      8847,0,         547562776,0.0,2407
1,      8849,2530,         547579916,0.0,0.0
1,      8851,2531,         547779916,0.0,0.0
1,      8853,2532,         547979920,0.0,0.0
1,      8855,2533,         548179920,0.0,0.0
1,      8857,2534,         548379920,0.0,0.0
0,      8859,0,         548542798,0.0,198
1,      8861,2535,         548579924,0.0,0.0
0,      8863,0,         548725297,0.0,513
1,      8865,2536,         548779924,0.0,0.0
1,      8867,2537,         548979924,0.0,0.0
0,      8869,0,         549034755,0.0,3802
1,      8871,2538,         549179928,0.0,0.0
1,      8873,2539,         549379928,0.0,0.0
0,      8875,0,         549455803,0.0,3873
0,      8877,0,         549567392,0.0,2325
1,      8879,2540,         549579928,0.0,0.0
0,      8881,0,         549707863,0.0,2472
1,      8883,2541,         549779928,0.0,0.0
1,      8885,2542,         549979932,0.0,0.0
1,      8887,2543,         550179932,0.0,0.0
1,      8889,2544,         550379932,0.0,0.0
1,      8891,2545,         550579936,0.0,0.0
0,      8893,0,         550650978,0.0,4190
1,      8895,2546,         550779936,0.0,0.0
0,      8897,0,         550845551,0.0,5398
1,      8899,2547,         550979936,0.0,0.0
0,      8901,0,         551086188,0.0,6060
1,      8903,2548,         551179940,0.0,0.0
1,      8905,2549,         551379940,0.0,0.0
0,      8907,0,         551511038,0.0,258
0,      8909,0,         551529053,0.0,4999
1,      8911,2550,         551579940,0.0,0.0
1,      8913,2551,         551779940,0.0,0.0
1,      8915,2552,         551979944,0.0,0.0
1,      8917,2553,         552179944,0.0,0.0
1,      8919,2554,         552379944,0.0,0.0
1,      8921,2555,         552579948,0.0,0.0
0,      8923,0,         552595856,0.0,3024
1,      8925,2556,         552779948,0.0,0.0
0,      8927,0,         552829963,0.0,4435
1,      8929,2557,         552979948,0.0,0.0
0,      8931,0,         553072375,0.0,3513
0,      8933,0,         553125564,0.0,26
1,      8935,2558,         553179952,0.0,0.0
1,      8937,2559,         553379952,0.0,0.0
1,      8939,2560,         553579952,0.0,0.0
1,      8941,2561,         553779952,0.0,0.0
0,      8943,0,         553866003,0.0,5982
1,      8945,2562,         553979956,0.0,0.0
0,      8947,0,         554120979,0.0,4812
1,      8949,2563,         554179956,0.0,0.0
0,      8951,0,         554209003,0.0,1835
0,      8952,0,         554209113,0.0,3893
0,      8954,0,         554378565,0.0,5166
1,      8956,2564,         554379956,0.0,0.0
1,      8958,2565,         554579960,0.0,0.0
0,      8960,0,         554726757,0.0,5789
0,      8962,0,         554732739,0.0,1598
0,      8964,0,         554733977,0.0,2317
1,      8966,2566,         554779960,0.0,0.0
0,      8968,0,         554842995,0.0,886
0,      8970,0,         554850728,0.0,2098
1,      8972,2567,         554979960,0.0,0.0
0,      8974,0,         555081025,0.0,1874
1,      8976,2568,         555179960,0.0,0.0
0,      8978,0,         555210517,0.0,2812
1,      8980,2569,         555379964,0.0,0.0
0,      8982,0,         555418070,0.0,1842
0,      8984,0,         555441239,0.0,3723
1,      8986,2570,         555579964,0.0,0.0
0,      8988,0,         555672238,0.0,21
0,      8990,0,         555685487,0.0,5756
1,      8992,2571,         555779964,0.0,0.0
1,      8994,2572,         555979968,0.0,0.0
1,      8996,2573,         556179968,0.0,0.0
0,      8998,0,         556200002,0.0,2539
1,      9000,2574,         556379968,0.0,0.0
1,      9002,2575,         556579972,0.0,0.0
0,      9004,0,         556634555,0.0,3371
0,      9006,0,         556644926,0.0,2326
1,      9008,2576,         556779972,0.0,0.0
1,      9010,2577,         556979972,0.0,0.0
1,      9012,2578,         557179972,0.0,0.0
1,      9014,2579,         557379976,0.0,0.0
0,      9016,0,         557541116,0.0,3332
1,      9018,2580,         557579976,0.0,0.0
1,      9020,2581,         557779976,0.0,0.0
0,      9021,0,         557780977,0.0,4287
0,      9023,0,         557810134,0.0,3907
0,      9025,0,         557881919,0.0,2081
1,      9027,2582,         557979980,0.0,0.0
1,      9029,2583,         558179980,0.0,0.0
0,      9031,0,         558230853,0.0,3469
1,      9033,2584,         558379980,0.0,0.0
0,      9035,0,         558465562,0.0,2743
1,      9037,2585,         558579984,0.0,0.0
0,      9039,0,         558584722,0.0,4305
0,      9041,0,         558704903,0.0,1051
1,      9043,2586,         558779984,0.0,0.0
1,      9045,2587,         558979984,0.0,0.0
0,      9047,0,         559017455,0.0,5633
1,      9049,2588,         559179984,0.0,0.0
1,      9051,2589,         559379988,0.0,0.0
0,      9053,0,         559486836,0.0,4745
0,      9054,0,         559486856,0.0,4202
1,      9056,2590,         559579988,0.0,0.0
1,      9058,2591,         559779988,0.0,0.0
0,      9060,0,         559892293,0.0,32
1,      9062,2592,         559979992,0.0,0.0
0,      9064,0,         560020732,0.0,2412
1,      9066,2593,         560179992,0.0,0.0
1,      9068,2594,         560379992,0.0,0.0
1,      9070,2595,         560579996,0.0,0.0
0,      9072,0,         560621249,0.0,3760
0,      9074,0,         560703248,0.0,2137
1,      9076,2596,         560779996,0.0,0.0
1,      9078,2597,         560979996,0.0,0.0
0,      9080,0,         561122136,0.0,5679
1,      9082,2598,         561179996,0.0,0.0
1,      9084,2599,         561380000,0.0,0.0
1,      9086,2600,         561580000,0.0,0.0
0,      9088,0,         561695024,0.0,1452
1,      9090,2601,         561780000,0.0,0.0
1,      9092,2602,         561980004,0.0,0.0
0,      9094,0,         562133903,0.0,1110
1,      9096,2603,         562180004,0.0,0.0
0,      9098,0,         562367673,0.0,1051
1,      9100,2604,         562380004,0.0,0.0
1,      9102,2605,         562580004,0.0,0.0
0,      9104,0,         562683298,0.0,2913
1,      9106,2606,         562780008,0.0,0.0
1,      9108,2607,         562980008,0.0,0.0
1,      9110,2608,         563180008,0.0,0.0
1,      9112,2609,         563380012,0.0,0.0
0,      9114,0,         563483144,0.0,3370
1,      9116,2610,         563580012,0.0,0.0
1,      9118,2611,         563780012,0.0,0.0
1,      9120,2612,         563980016,0.0,0.0
0,      9122,0,         564152073,0.0,297
1,      9124,2613,         564180016,0.0,0.0
1,      9126,2614,         564380016,0.0,0.0
0,      9128,0,         564389340,0.0,3123
1,      9130,2615,         564580016,0.0,0.0
1,      9132,2616,         564780020,0.0,0.0
1,      9134,2617,         564980020,0.0,0.0
0,      9136,0,         565019958,0.0,6162
0,      9137,0,         565019962,0.0,5484
1,      9139,2618,         565180020,0.0,0.0
1,      9141,2619,         565380024,0.0,0.0
0,      9143,0,         565459018,0.0,1810
1,      9145,2620,         565580024,0.0,0.0
0,      9147,0,         565653910,0.0,1891
1,      9149,2621,         565780024,0.0,0.0
0,      9151,0,         565796837,0.0,968
0,      9153,0,         565812461,0.0,2196
0,      9155,0,         565960339,0.0,3177
1,      9157,2622,         565980028,0.0,0.0
0,      9159,0,         566145730,0.0,421
1,      9161,2623,         566180028,0.0,0.0
0,      9163,0,         566196994,0.0,3839
1,      9165,2624,         566380028,0.0,0.0
0,      9167,0,         566448425,0.0,2470
1,      9169,2625,         566580028,0.0,0.0
1,      9171,2626,         566780032,0.0,0.0
1,      9173,2627,         566980032,0.0,0.0
0,      9175,0,         567091616,0.0,2260
1,      9177,2628,         567180032,0.0,0.0
0,      9179,0,         567201422,0.0,3506
1,      9181,2629,         567380036,0.0,0.0
1,      9183,2630,         567580036,0.0,0.0
1,      9185,2631,         567780036,0.0,0.0
1,      9187,2632,         567980040,0.0,0.0
0,      9189,0,         568178987,0.0,5549
1,      9191,2633,         568180040,0.0,0.0
1,      9193,2634,         568380040,0.0,0.0
0,      9195,0,         568438221,0.0,3124
1,      9197,2635,         568580040,0.0,0.0
1,      9199,2636,         568780044,0.0,0.0
0,      9201,0,         568811133,0.0,4355
0,      9203,0,         568870591,0.0,4720
1,      9205,2637,         568980044,0.0,0.0
1,      9207,2638,         569180044,0.0,0.0
0,      9209,0,         569200687,0.0,3985
1,      9211,2639,         569380048,0.0,0.0
1,      9213,2640,         569580048,0.0,0.0
1,      9215,2641,         569780048,0.0,0.0
0,      9217,0,         569891598,0.0,1378
1,      9219,2642,         569980048,0.0,0.0
1,      9221,2643,         570180052,0.0,0.0
1,      9223,2644,         570380052,0.0,0.0
0,      9225,0,         570414945,0.0,952
1,      9227,2645,         570580052,0.0,0.0
0,      9229,0,         570674943,0.0,49
0,      9231,0,         570700126,0.0,3321
1,      9233,2646,         570780056,0.0,0.0
0,      9235,0,         570834324,0.0,1246
1,      9237,2647,         570980056,0.0,0.0
1,      9239,2648,         571180056,0.0,0.0
1,      9241,2649,         571380060,0.0,0.0
1,      9243,2650,         571580060,0.0,0.0
1,      9245,2651,         571780060,0.0,0.0
0,      9247,0,         571832656,0.0,1575
1,      9249,2652,         571980060,0.0,0.0
1,      9251,2653,         572180064,0.0,0.0
0,      9253,0,         572369736,0.0,5188
0,      9255,0,         572373080,0.0,3375
1,      9257,2654,         572380064,0.0,0.0
0,      9259,0,         572480061,0.0,1027
1,      9261,2655,         572580064,0.0,0.0
1,      9263,2656,         572780068,0.0,0.0
1,      9265,2657,         572980068,0.0,0.0
0,      9267,0,         573124816,0.0,2807
0,      9269,0,         573162671,0.0,5245
1,      9271,2658,         573180068,0.0,0.0
0,      9273,0,         573218188,0.0,3668
1,      9275,2659,         573380072,0.0,0.0
0,      9277,0,         573441695,0.0,1930
1,      9279,2660,         573580072,0.0,0.0
1,      9281,2661,         573780072,0.0,0.0
1,      9283,2662,         573980072,0.0,0.0
0,      9285,0,         574047843,0.0,3450
0,      9287,0,         574048845,0.0,55
1,      9289,2663,         574180076,0.0,0.0
1,      9291,2664,         574380076,0.0,0.0
1,      9293,2665,         574580076,0.0,0.0
1,      9295,2666,         574780080,0.0,0.0
0,      9297,0,         574823698,0.0,1445
0,      9299,0,         574885369,0.0,1753
0,      9301,0,         574937443,0.0,3053
1,      9303,2667,         574980080,0.0,0.0
0,      9305,0,         575108784,0.0,584
1,      9307,2668,         575180080,0.0,0.0
0,      9309,0,         575268865,0.0,885
1,      9311,2669,         575380080,0.0,0.0
1,      9313,2670,         575580084,0.0,0.0
1,      9315,2671,         575780084,0.0,0.0
0,      9317,0,         575864049,0.0,3981
1,      9319,2672,         575980084,0.0,0.0
0,      9321,0,         576148689,0.0,1692
1,      9323,2673,         576180088,0.0,0.0
1,      9325,2674,         576380088,0.0,0.0
1,      9327,2675,         576580088,0.0,0.0
1,      9329,2676,         576780092,0.0,0.0
1,      9331,2677,         576980092,0.0,0.0
0,      9333,0,         577173086,0.0,1451
1,      9335,2678,         577180092,0.0,0.0
0,      9337,0,         577239606,0.0,4522
1,      9339,2679,         577380092,0.0,0.0
1,      9341,2680,         577580096,0.0,0.0
1,      9343,2681,         577780096,0.0,0.0
0,      9345,0,         577831845,0.0,3822
1,      9347,2682,         577980096,0.0,0.0
1,      9349,2683,         578180100,0.0,0.0
0,      9351,0,         578241917,0.0,5868
1,      9353,2684,         578380100,0.0,0.0
0,      9355,0,         578405713,0.0,1385
0,      9357,0,         578409672,0.0,2227
0,      9359,0,         578486230,0.0,3454
1,      9361,2685,         578580100,0.0,0.0
1,      9363,2686,         578780104,0.0,0.0
1,      9365,2687,         578980104,0.0,0.0
1,      9367,2688,         579180104,0.0,0.0
1,      9369,2689,         579380104,0.0,0.0
1,      9371,2690,         579580108,0.0,0.0
1,      9373,2691,         579780108,0.0,0.0
1,      9375,2692,         579980108,0.0,0.0
0,      9377,0,         580142048,0.0,1244
1,      9379,2693,         580180112,0.0,0.0
0,      9381,0,         580343996,0.0,5889
1,      9383,2694,         580380112,0.0,0.0
1,      9385,2695,         580580112,0.0,0.0
1,      9387,2696,         580780116,0.0,0.0
1,      9389,2697,         580980116,0.0,0.0
1,      9391,2698,         581180116,0.0,0.0
0,      9393,0,         581293890,0.0,226
1,      9395,2699,         581380116,0.0,0.0
0,      9397,0,         581492995,0.0,4539
1,      9399,2700,         581580120,0.0,0.0
1,      9401,2701,         581780120,0.0,0.0
0,      9403,0,         581978743,0.0,4166
1,      9405,2702,         581980120,0.0,0.0
0,      9407,0,         582014230,0.0,4603
0,      9409,0,         582130615,0.0,5235
1,      9411,2703,         582180124,0.0,0.0
0,      9413,0,         582184320,0.0,4263
1,      9415,2704,         582380124,0.0,0.0
1,      9417,2705,         582580124,0.0,0.0
1,      9419,2706,         582780128,0.0,0.0
1,      9421,2707,         582980128,0.0,0.0
0,      9423,0,         583081678,0.0,2058
1,      9425,2708,         583180128,0.0,0.0
1,      9427,2709,         583380128,0.0,0.0
1,      9429,2710,         583580132,0.0,0.0
1,      9431,2711,         583780132,0.0,0.0
0,      9433,0,         583846401,0.0,6150
0,      9435,0,         583959832,0.0,5847
1,      9437,2712,         583980132,0.0,0.0
1,      9439,2713,         584180136,0.0,0.0
1,      9441,2714,         584380136,0.0,0.0
0,      9443,0,         584405453,0.0,2079
1,      9445,2715,         584580136,0.0,0.0
0,      9447,0,         584703530,0.0,2115
1,      9449,2716,         584780136,0.0,0.0
0,      9451,0,         584820176,0.0,5982
0,      9453,0,         584832361,0.0,5293
1,      9455,2717,         584980140,0.0,0.0
1,      9457,2718,         585180140,0.0,0.0
0,      9459,0,         585354410,0.0,5496
1,      9461,2719,         585380140,0.0,0.0
1,      9463,2720,         585580144,0.0,0.0
1,      9465,2721,         585780144,0.0,0.0
1,      9467,2722,         585980144,0.0,0.0
0,      9469,0,         586069396,0.0,3349
1,      9471,2723,         586180148,0.0,0.0
1,      9473,2724,         586380148,0.0,0.0
1,      9475,2725,         586580148,0.0,0.0
1,      9477,2726,         586780148,0.0,0.0
0,      9479,0,         586872310,0.0,4832
1,      9481,2727,         586980152,0.0,0.0
0,      9483,0,         587115341,0.0,551
1,      9485,2728,         587180152,0.0,0.0
1,      9487,2729,         587380152,0.0,0.0
0,      9489,0,         587402634,0.0,3476
1,      9491,2730,         587580156,0.0,0.0
0,      9493,0,         587704697,0.0,2867
0,      9495,0,         587742059,0.0,5732
1,      9497,2731,         587780156,0.0,0.0
0,      9499,0,         587947920,0.0,4815
0,      9501,0,         587962767,0.0,1244
1,      9503,2732,         587980156,0.0,0.0
1,      9505,2733,         588180160,0.0,0.0
1,      9507,2734,         588380160,0.0,0.0
1,      9509,2735,         588580160,0.0,0.0
1,      9511,2736,         588780160,0.0,0.0
0,      9513,0,         588801076,0.0,5322
0,      9515,0,         588877132,0.0,2362
1,      9517,2737,         588980164,0.0,0.0
1,      9519,2738,         589180164,0.0,0.0
0,      9521,0,         589219484,0.0,4340
0,      9523,0,         589231634,0.0,1829
0,      9525,0,         589370111,0.0,3421
1,      9527,2739,         589380164,0.0,0.0
0,      9529,0,         589538026,0.0,2312
1,      9531,2740,         589580168,0.0,0.0
1,      9533,2741,         589780168,0.0,0.0
1,      9535,2742,         589980168,0.0,0.0
1,      9537,2743,         590180172,0.0,0.0
1,      9539,2744,         590380172,0.0,0.0
0,      9541,0,         590412710,0.0,2892
1,      9543,2745,         590580172,0.0,0.0
1,      9545,2746,         590780172,0.0,0.0
1,      9547,2747,         590980176,0.0,0.0
0,      9549,0,         591109780,0.0,3609
1,      9551,2748,         591180176,0.0,0.0
1,      9553,2749,         591380176,0.0,0.0
0,      9555,0,         591561769,0.0,3434
1,      9557,2750,         591580180,0.0,0.0
0,      9559,0,         591623888,0.0,4825
0,      9561,0,         591700519,0.0,3325
0,      9563,0,         591761852,0.0,4993
1,      9565,2751,         591780180,0.0,0.0
0,      9567,0,         591786082,0.0,1706
1,      9569,2752,         591980180,0.0,0.0
0,      9571,0,         592049577,0.0,5926
1,      9573,2753,         592180180,0.0,0.0
0,      9575,0,         592352824,0.0,2787
1,      9577,2754,         592380184,0.0,0.0
1,      9579,2755,         592580184,0.0,0.0
1,      9581,2756,         592780184,0.0,0.0
0,      9583,0,         592787483,0.0,1003
1,      9585,2757,         592980188,0.0,0.0
1,      9587,2758,         593180188,0.0,0.0
1,      9589,2759,         593380188,0.0,0.0
1,      9591,2760,         593580192,0.0,0.0
1,      9593,2761,         593780192,0.0,0.0
0,      9595,0,         593807153,0.0,1256
1,      9597,2762,         593980192,0.0,0.0
1,      9599,2763,         594180192,0.0,0.0
0,      9601,0,         594304976,0.0,2063
0,      9603,0,         594330527,0.0,569
1,      9605,2764,         594380196,0.0,0.0
1,      9607,2765,         594580196,0.0,0.0
1,      9609,2766,         594780196,0.0,0.0
0,      9611,0,         594962154,0.0,2426
1,      9613,2767,         594980200,0.0,0.0
0,      9615,0,         595093676,0.0,2174
0,      9617,0,         595154346,0.0,1760
1,      9619,2768,         595180200,0.0,0.0
0,      9621,0,         595268042,0.0,5883
0,      9623,0,         595366655,0.0,3474
1,      9625,2769,         595380200,0.0,0.0
1,      9627,2770,         595580204,0.0,0.0
0,      9629,0,         595757979,0.0,4130
1,      9631,2771,         595780204,0.0,0.0
1,      9633,2772,         595980204,0.0,0.0
0,      9635,0,         595996644,0.0,115
1,      9637,2773,         596180204,0.0,0.0
1,      9639,2774,         596380208,0.0,0.0
1,      9641,2775,         596580208,0.0,0.0
0,      9643,0,         596701092,0.0,5322
0,      9645,0,         596711561,0.0,783
0,      9647,0,         596745743,0.0,398
1,      9649,2776,         596780208,0.0,0.0
0,      9651,0,         596854965,0.0,3095
1,      9653,2777,         596980212,0.0,0.0
0,      9655,0,         597041268,0.0,5427
1,      9657,2778,         597180212,0.0,0.0
0,      9659,0,         597289977,0.0,2815
0,      9661,0,         597297044,0.0,1230
1,      9663,2779,         597380212,0.0,0.0
1,      9665,2780,         597580212,0.0,0.0
1,      9667,2781,         597780216,0.0,0.0
0,      9669,0,         597813748,0.0,1342
0,      9671,0,         597861703,0.0,480
0,      9673,0,         597939569,0.0,4663
1,      9675,2782,         597980216,0.0,0.0
1,      9677,2783,         598180216,0.0,0.0
1,      9679,2784,         598380220,0.0,0.0
0,      9681,0,         598409180,0.0,3342
1,      9683,2785,         598580220,0.0,0.0
1,      9685,2786,         598780220,0.0,0.0
1,      9687,2787,         598980224,0.0,0.0
0,      9689,0,         599125337,0.0,3692
1,      9691,2788,         599180224,0.0,0.0
1,      9693,2789,         599380224,0.0,0.0
1,      9695,2790,         599580224,0.0,0.0
1,      9697,2791,         599780228,0.0,0.0
1,      9699,2792,         599980228,0.0,0.0
0,      9701,0,         600171251,0.0,800
0,      9702,0,         600171253,0.0,2426
1,      9704,2793,         600180228,0.0,0.0
0,      9706,0,         600325529,0.0,1115
1,      9708,2794,         600380232,0.0,0.0
0,      9710,0,         600538869,0.0,1412
1,      9712,2795,         600580232,0.0,0.0
0,      9714,0,         600614675,0.0,1801
1,      9716,2796,         600780232,0.0,0.0
1,      9718,2797,         600980236,0.0,0.0
0,      9720,0,         601023323,0.0,2034
1,      9722,2798,         601180236,0.0,0.0
1,      9724,2799,         601380236,0.0,0.0
0,      9726,0,         601498371,0.0,5876
0,      9728,0,         601506559,0.0,5680
1,      9730,2800,         601580236,0.0,0.0
0,      9732,0,         601649812,0.0,2691
0,      9733,0,         601650075,0.0,1993
1,      9735,2801,         601780240,0.0,0.0
1,      9737,2802,         601980240,0.0,0.0
1,      9739,2803,         602180240,0.0,0.0
0,      9741,0,         602311656,0.0,5239
1,      9743,2804,         602380244,0.0,0.0
0,      9745,0,         602509239,0.0,765
1,      9747,2805,         602580244,0.0,0.0
0,      9749,0,         602710436,0.0,5826
1,      9751,2806,         602780244,0.0,0.0
0,      9753,0,         602781567,0.0,6218
0,      9755,0,         602869699,0.0,1289
0,      9757,0,         602901508,0.0,3203
1,      9759,2807,         602980248,0.0,0.0
1,      9761,2808,         603180248,0.0,0.0
1,      9763,2809,         603380248,0.0,0.0
0,      9765,0,         603567387,0.0,2194
1,      9767,2810,         603580248,0.0,0.0
0,      9769,0,         603628720,0.0,5517
0,      9771,0,         603721404,0.0,2583
1,      9773,2811,         603780252,0.0,0.0
1,      9775,2812,         603980252,0.0,0.0
0,      9777,0,         603996833,0.0,3367
1,      9779,2813,         604180252,0.0,0.0
0,      9781,0,         604324863,0.0,2692
1,      9783,2814,         604380256,0.0,0.0
0,      9785,0,         604513171,0.0,2973
1,      9787,2815,         604580256,0.0,0.0
0,      9789,0,         604607719,0.0,4126
1,      9791,2816,         604780256,0.0,0.0
1,      9793,2817,         604980256,0.0,0.0
0,      9795,0,         605111510,0.0,6240
1,      9797,2818,         605180260,0.0,0.0
1,      9799,2819,         605380260,0.0,0.0
0,      9801,0,         605418705,0.0,2249
0,      9803,0,         605501762,0.0,2493
0,      9805,0,         605522872,0.0,4717
1,      9807,2820,         605580260,0.0,0.0
0,      9809,0,         605761243,0.0,694
1,      9811,2821,         605780264,0.0,0.0
1,      9813,2822,         605980264,0.0,0.0
0,      9815,0,         606043201,0.0,1553
1,      9817,2823,         606180264,0.0,0.0
1,      9819,2824,         606380268,0.0,0.0
0,      9821,0,         606443774,0.0,2686
1,      9823,2825,         606580268,0.0,0.0
0,      9825,0,         606714152,0.0,4813
1,      9827,2826,         606780268,0.0,0.0
1,      9829,2827,         606980268,0.0,0.0
0,      9831,0,         607022051,0.0,2378
1,      9833,2828,         607180272,0.0,0.0
0,      9835,0,         607244583,0.0,4184
0,      9837,0,         607347279,0.0,5626
0,      9838,0,         607347598,0.0,2978
1,      9840,2829,         607380272,0.0,0.0
1,      9842,2830,         607580272,0.0,0.0
0,      9844,0,         607735245,0.0,2381
0,      9845,0,         607735753,0.0,1220
1,      9847,2831,         607780276,0.0,0.0
1,      9849,2832,         607980276,0.0,0.0
1,      9851,2833,         608180276,0.0,0.0
1,      9853,2834,         608380280,0.0,0.0
1,      9855,2835,         608580280,0.0,0.0
0,      9857,0,         608772725,0.0,2587
1,      9859,2836,         608780280,0.0,0.0
0,      9861,0,         608811453,0.0,4147
1,      9863,2837,         608980280,0.0,0.0
0,      9865,0,         609041975,0.0,5102
0,      9867,0,         609086362,0.0,3604
1,      9869,2838,         609180284,0.0,0.0
0,      9871,0,         609324449,0.0,156
1,      9873,2839,         609380284,0.0,0.0
1,      9875,2840,         609580284,0.0,0.0
0,      9877,0,         609732675,0.0,190
1,      9879,2841,         609780288,0.0,0.0
0,      9881,0,         609816419,0.0,101
0,      9883,0,         609901052,0.0,3111
0,      9885,0,         609971624,0.0,6109
1,      9887,2842,         609980288,0.0,0.0
1,      9889,2843,         610180288,0.0,0.0
0,      9891,0,         610357462,0.0,735
1,      9893,2844,         610380292,0.0,0.0
0,      9895,0,         610569911,0.0,351
1,      9897,2845,         610580292,0.0,0.0
0,      9899,0,         610599600,0.0,2921
0,      9901,0,         610609335,0.0,4031
0,      9903,0,         610671571,0.0,2841
1,      9905,2846,         610780292,0.0,0.0
1,      9907,2847,         610980292,0.0,0.0
0,      9909,0,         611161200,0.0,3039
1,      9911,2848,         611180296,0.0,0.0
1,      9913,2849,         611380296,0.0,0.0
1,      9915,2850,         611580296,0.0,0.0
0,      9917,0,         611588368,0.0,4528
0,      9919,0,         611637954,0.0,5580
1,      9921,2851,         611780300,0.0,0.0
0,      9923,0,         611826997,0.0,5684
1,      9925,2852,         611980300,0.0,0.0
0,      9927,0,         612122210,0.0,3673
1,      9929,2853,         612180300,0.0,0.0
1,      9931,2854,         612380300,0.0,0.0
1,      9933,2855,         612580304,0.0,0.0
0,      9935,0,         612646674,0.0,2039
1,      9937,2856,         612780304,0.0,0.0
0,      9939,0,         612940574,0.0,2299
1,      9941,2857,         612980304,0.0,0.0
1,      9943,2858,         613180308,0.0,0.0
0,      9945,0,         613254021,0.0,1846
0,      9947,0,         613292088,0.0,1996
1,      9949,2859,         613380308,0.0,0.0
0,      9951,0,         613424478,0.0,5085
0,      9953,0,         613502131,0.0,5354
0,      9955,0,         613576655,0.0,5532
1,      9957,2860,         613580308,0.0,0.0
0,      9959,0,         613658471,0.0,4849
1,      9961,2861,         613780312,0.0,0.0
1,      9963,2862,         613980312,0.0,0.0
0,      9965,0,         614004294,0.0,741
0,      9967,0,         614062653,0.0,4134
1,      9969,2863,         614180312,0.0,0.0
0,      9971,0,         614220560,0.0,1888
1,      9973,2864,         614380312,0.0,0.0
0,      9975,0,         614411274,0.0,5528
1,      9977,2865,         614580316,0.0,0.0
1,      9979,2866,         614780316,0.0,0.0
1,      9981,2867,         614980316,0.0,0.0
1,      9983,2868,         615180320,0.0,0.0
1,      9985,2869,         615380320,0.0,0.0
1,      9987,2870,         615580320,0.0,0.0
0,      9989,0,         615748518,0.0,3991
1,      9991,2871,         615780324,0.0,0.0
0,      9993,0,         615926422,0.0,5867
1,      9995,2872,         615980324,0.0,0.0
1,      9997,2873,         616180324,0.0,0.0
1,      9999,2874,         616380324,0.0,0.0
1,     10001,2875,         616580328,0.0,0.0
0,     10003,0,         616618174,0.0,440
1,     10005,2876,         616780328,0.0,0.0
1,     10007,2877,         616980328,0.0,0.0
0,     10009,0,         617042635,0.0,3109
1,     10011,2878,         617180332,0.0,0.0
1,     10013,2879,         617380332,0.0,0.0
0,     10015,0,         617461644,0.0,3075
1,     10017,2880,         617580332,0.0,0.0
0,     10019,0,         617640859,0.0,81
1,     10021,2881,         617780332,0.0,0.0
1,     10023,2882,         617980336,0.0,0.0
1,     10025,2883,         618180336,0.0,0.0
1,     10027,2884,         618380336,0.0,0.0
1,     10029,2885,         618580340,0.0,0.0
1,     10031,2886,         618780340,0.0,0.0
0,     10033,0,         618855938,0.0,5218
0,     10035,0,         618917757,0.0,2732
1,     10037,2887,         618980340,0.0,0.0
1,     10039,2888,         619180344,0.0,0.0
1,     10041,2889,         619380344,0.0,0.0
0,     10043,0,         619502067,0.0,5140
1,     10045,2890,         619580344,0.0,0.0
0,     10047,0,         619767020,0.0,3680
1,     10049,2891,         619780344,0.0,0.0
0,     10051,0,         619816733,0.0,1648
0,     10053,0,         619920739,0.0,1288
1,     10055,2892,         619980348,0.0,0.0
0,     10057,0,         619991073,0.0,6169
0,     10059,0,         620097584,0.0,615
1,     10061,2893,         620180348,0.0,0.0
0,     10063,0,         620209865,0.0,4785
0,     10065,0,         620246864,0.0,4969
0,     10067,0,         620255460,0.0,3784
1,     10069,2894,         620380348,0.0,0.0
0,     10071,0,         620465555,0.0,832
1,     10073,2895,         620580352,0.0,0.0
0,     10075,0,         620764278,0.0,1340
1,     10077,2896,         620780352,0.0,0.0
1,     10079,2897,         620980352,0.0,0.0
0,     10081,0,         621012455,0.0,2530
1,     10083,2898,         621180356,0.0,0.0
0,     10085,0,         621259077,0.0,5480
1,     10087,2899,         621380356,0.0,0.0
0,     10089,0,         621402988,0.0,6142
1,     10091,2900,         621580356,0.0,0.0
0,     10093,0,         621728407,0.0,2138
1,     10095,2901,         621780356,0.0,0.0
0,     10097,0,         621823768,0.0,2631
0,     10099,0,         621866065,0.0,11
1,     10101,2902,         621980360,0.0,0.0
1,     10103,2903,         622180360,0.0,0.0
1,     10105,2904,         622380360,0.0,0.0
0,     10107,0,         622504786,0.0,2663
1,     10109,2905,         622580364,0.0,0.0
1,     10111,2906,         622780364,0.0,0.0
1,     10113,2907,         622980364,0.0,0.0
1,     10115,2908,         623180368,0.0,0.0
0,     10117,0,         623268181,0.0,4790
0,     10119,0,         623324118,0.0,4524
1,     10121,2909,         623380368,0.0,0.0
1,     10123,2910,         623580368,0.0,0.0
0,     10125,0,         623676301,0.0,3435
0,     10127,0,         623753484,0.0,2750
1,     10129,2911,         623780368,0.0,0.0
1,     10131,2912,         623980372,0.0,0.0
1,     10133,2913,         624180372,0.0,0.0
1,     10135,2914,         624380372,0.0,0.0
0,     10137,0,         624529116,0.0,2682
0,     10138,0,         624529119,0.0,1085
1,     10140,2915,         624580376,0.0,0.0
1,     10142,2916,         624780376,0.0,0.0
0,     10144,0,         624918750,0.0,4184
1,     10146,2917,         624980376,0.0,0.0
1,     10148,2918,         625180376,0.0,0.0
0,     10150,0,         625237760,0.0,1260
0,     10151,0,         625237948,0.0,2591
1,     10153,2919,         625380380,0.0,0.0
1,     10155,2920,         625580380,0.0,0.0
0,     10157,0,         625673597,0.0,1477
1,     10159,2921,         625780380,0.0,0.0
1,     10161,2922,         625980384,0.0,0.0
1,     10163,2923,         626180384,0.0,0.0
1,     10165,2924,         626380384,0.0,0.0
1,     10167,2925,         626580388,0.0,0.0
0,     10169,0,         626625929,0.0,1546
0,     10171,0,         626775817,0.0,5643
1,     10173,2926,         626780388,0.0,0.0
0,     10175,0,         626926904,0.0,5322
1,     10177,2927,         626980388,0.0,0.0
0,     10179,0,         627152068,0.0,2691
1,     10181,2928,         627180388,0.0,0.0
0,     10183,0,         627192436,0.0,3727
1,     10185,2929,         627380392,0.0,0.0
1,     10187,2930,         627580392,0.0,0.0
1,     10189,2931,         627780392,0.0,0.0
1,     10191,2932,         627980396,0.0,0.0
0,     10193,0,         628108968,0.0,744
0,     10194,0,         628108985,0.0,3438
1,     10196,2933,         628180396,0.0,0.0
1,     10198,2934,         628380396,0.0,0.0
1,     10200,2935,         628580400,0.0,0.0
1,     10202,2936,         628780400,0.0,0.0
0,     10204,0,         628850867,0.0,1423
1,     10206,2937,         628980400,0.0,0.0
1,     10208,2938,         629180400,0.0,0.0
0,     10210,0,         629267045,0.0,4355
1,     10212,2939,         629380404,0.0,0.0
1,     10214,2940,         629580404,0.0,0.0
0,     10216,0,         629762035,0.0,1740
1,     10218,2941,         629780404,0.0,0.0
1,     10220,2942,         629980408,0.0,0.0
0,     10222,0,         630069974,0.0,3974
0,     10224,0,         630134164,0.0,1833
1,     10226,2943,         630180408,0.0,0.0
1,     10228,2944,         630380408,0.0,0.0
1,     10230,2945,         630580412,0.0,0.0
0,     10232,0,         630721500,0.0,3112
1,     10234,2946,         630780412,0.0,0.0
1,     10236,2947,         630980412,0.0,0.0
0,     10238,0,         630993898,0.0,1241
1,     10240,2948,         631180412,0.0,0.0
1,     10242,2949,         631380416,0.0,0.0
0,     10244,0,         631392144,0.0,2921
1,     10246,2950,         631580416,0.0,0.0
0,     10248,0,         631766745,0.0,1694
1,     10250,2951,         631780416,0.0,0.0
1,     10252,2952,         631980420,0.0,0.0
1,     10254,2953,         632180420,0.0,0.0
0,     10256,0,         632247853,0.0,914
1,     10258,2954,         632380420,0.0,0.0
0,     10260,0,         632416466,0.0,2462
1,     10262,2955,         632580424,0.0,0.0
0,     10264,0,         632674060,0.0,2715
0,     10266,0,         632748872,0.0,1154
1,     10268,2956,         632780424,0.0,0.0
0,     10270,0,         632973137,0.0,1321
1,     10272,2957,         632980424,0.0,0.0
1,     10274,2958,         633180424,0.0,0.0
1,     10276,2959,         633380428,0.0,0.0
0,     10278,0,         633577724,0.0,4950
1,     10280,2960,         633580428,0.0,0.0
0,     10282,0,         633601826,0.0,1427
1,     10284,2961,         633780428,0.0,0.0
1,     10286,2962,         633980432,0.0,0.0
1,     10288,2963,         634180432,0.0,0.0
1,     10290,2964,         634380432,0.0,0.0
0,     10292,0,         634471767,0.0,3890
1,     10294,2965,         634580432,0.0,0.0
0,     10296,0,         634659582,0.0,5676
0,     10298,0,         634725448,0.0,2281
1,     10300,2966,         634780436,0.0,0.0
1,     10302,2967,         634980436,0.0,0.0
0,     10304,0,         635041969,0.0,1924
0,     10306,0,         635058742,0.0,653
0,     10308,0,         635094133,0.0,4465
1,     10310,2968,         635180436,0.0,0.0
0,     10312,0,         635225848,0.0,3340
0,     10314,0,         635247380,0.0,5220
1,     10316,2969,         635380440,0.0,0.0
0,     10318,0,         635496907,0.0,1565
0,     10320,0,         635522726,0.0,3705
1,     10322,2970,         635580440,0.0,0.0
0,     10324,0,         635663837,0.0,462
0,     10326,0,         635668183,0.0,3188
1,     10328,2971,         635780440,0.0,0.0
1,     10330,2972,         635980444,0.0,0.0
1,     10332,2973,         636180444,0.0,0.0
1,     10334,2974,         636380444,0.0,0.0
0,     10336,0,         636407147,0.0,5553
0,     10338,0,         636510243,0.0,3082
1,     10340,2975,         636580444,0.0,0.0
0,     10342,0,         636749439,0.0,560
0,     10344,0,         636778476,0.0,5522
1,     10346,2976,         636780448,0.0,0.0
0,     10348,0,         636914027,0.0,2161
1,     10350,2977,         636980448,0.0,0.0
0,     10352,0,         637134582,0.0,3089
1,     10354,2978,         637180448,0.0,0.0
1,     10356,2979,         637380452,0.0,0.0
0,     10358,0,         637431658,0.0,3607
1,     10360,2980,         637580452,0.0,0.0
0,     10362,0,         637737496,0.0,955
1,     10364,2981,         637780452,0.0,0.0
0,     10366,0,         637916736,0.0,1216
1,     10368,2982,         637980456,0.0,0.0
0,     10370,0,         638055830,0.0,5627
0,     10371,0,         638055833,0.0,2738
1,     10373,2983,         638180456,0.0,0.0
0,     10375,0,         638269326,0.0,1601
1,     10377,2984,         638380456,0.0,0.0
0,     10378,0,         638380873,0.0,541
1,     10380,2985,         638580456,0.0,0.0
0,     10382,0,         638717130,0.0,2408
1,     10384,2986,         638780460,0.0,0.0
0,     10386,0,         638972146,0.0,6056
1,     10388,2987,         638980460,0.0,0.0
1,     10390,2988,         639180460,0.0,0.0
1,     10392,2989,         639380464,0.0,0.0
1,     10394,2990,         639580464,0.0,0.0
1,     10396,2991,         639780464,0.0,0.0
0,     10398,0,         639789139,0.0,5792
1,     10400,2992,         639980468,0.0,0.0
0,     10402,0,         639983311,0.0,2480
1,     10404,2993,         640180468,0.0,0.0
0,     10406,0,         640302217,0.0,5747
1,     10408,2994,         640380468,0.0,0.0
1,     10410,2995,         640580468,0.0,0.0
0,     10412,0,         640689622,0.0,4827
1,     10414,2996,         640780472,0.0,0.0
0,     10416,0,         640919299,0.0,3780
1,     10418,2997,         640980472,0.0,0.0
1,     10420,2998,         641180472,0.0,0.0
1,     10422,2999,         641380476,0.0,0.0
0,     10424,0,         641391633,0.0,1339
0,     10426,0,         641496835,0.0,2074
1,     10428,3000,         641580476,0.0,0.0
1,     10430,3001,         641780476,0.0,0.0
1,     10432,3002,         641980476,0.0,0.0
0,     10434,0,         642112610,0.0,1391
1,     10436,3003,         642180480,0.0,0.0
1,     10438,3004,         642380480,0.0,0.0
1,     10440,3005,         642580480,0.0,0.0
0,     10442,0,         642688973,0.0,4569
1,     10444,3006,         642780484,0.0,0.0
1,     10446,3007,         642980484,0.0,0.0
0,     10448,0,         643081839,0.0,5949
1,     10450,3008,         643180484,0.0,0.0
0,     10452,0,         643257330,0.0,2780
0,     10454,0,         643261055,0.0,1760
1,     10456,3009,         643380488,0.0,0.0
1,     10458,3010,         643580488,0.0,0.0
0,     10460,0,         643597160,0.0,4865
1,     10462,3011,         643780488,0.0,0.0
0,     10464,0,         643797315,0.0,3510
1,     10466,3012,         643980488,0.0,0.0
0,     10468,0,         643981533,0.0,6142
1,     10470,3013,         644180492,0.0,0.0
1,     10472,3014,         644380492,0.0,0.0
0,     10474,0,         644458802,0.0,5901
0,     10476,0,         644517494,0.0,3614
1,     10478,3015,         644580492,0.0,0.0
1,     10480,3016,         644780496,0.0,0.0
0,     10482,0,         644860149,0.0,3188
1,     10484,3017,         644980496,0.0,0.0
0,     10485,0,         644980700,0.0,5605
1,     10487,3018,         645180496,0.0,0.0
1,     10489,3019,         645380500,0.0,0.0
0,     10491,0,         645515943,0.0,894
1,     10493,3020,         645580500,0.0,0.0
1,     10495,3021,         645780500,0.0,0.0
0,     10497,0,         645899393,0.0,1655
1,     10499,3022,         645980500,0.0,0.0
0,     10501,0,         646152587,0.0,6192
1,     10503,3023,         646180504,0.0,0.0
0,     10505,0,         646223124,0.0,1617
1,     10507,3024,         646380504,0.0,0.0
0,     10509,0,         646524419,0.0,2913
1,     10511,3025,         646580504,0.0,0.0
0,     10513,0,         646584328,0.0,3294
1,     10515,3026,         646780508,0.0,0.0
1,     10517,3027,         646980508,0.0,0.0
1,     10519,3028,         647180508,0.0,0.0
0,     10521,0,         647324798,0.0,2537
1,     10523,3029,         647380508,0.0,0.0
1,     10525,3030,         647580512,0.0,0.0
1,     10527,3031,         647780512,0.0,0.0
1,     10529,3032,         647980512,0.0,0.0
0,     10531,0,         647983963,0.0,1997
0,     10533,0,         648102237,0.0,394
1,     10535,3033,         648180516,0.0,0.0
0,     10537,0,         648248278,0.0,4201
0,     10539,0,         648249987,0.0,5255
0,     10541,0,         648283394,0.0,753
1,     10543,3034,         648380516,0.0,0.0
1,     10545,3035,         648580516,0.0,0.0
0,     10547,0,         648699375,0.0,838
0,     10549,0,         648768585,0.0,3109
1,     10551,3036,         648780520,0.0,0.0
1,     10553,3037,         648980520,0.0,0.0
0,     10555,0,         649011689,0.0,588
0,     10557,0,         649128436,0.0,5920
1,     10559,3038,         649180520,0.0,0.0
0,     10561,0,         649196460,0.0,3787
0,     10563,0,         649251760,0.0,5639
1,     10565,3039,         649380520,0.0,0.0
0,     10567,0,         649569814,0.0,5300
1,     10569,3040,         649580524,0.0,0.0
0,     10571,0,         649775756,0.0,2037
1,     10573,3041,         649780524,0.0,0.0
1,     10575,3042,         649980524,0.0,0.0
1,     10577,3043,         650180528,0.0,0.0
0,     10579,0,         650303522,0.0,3398
0,     10581,0,         650327005,0.0,3418
1,     10583,3044,         650380528,0.0,0.0
1,     10585,3045,         650580528,0.0,0.0
0,     10587,0,         650756849,0.0,4363
0,     10588,0,         650756852,0.0,5040
1,     10590,3046,         650780532,0.0,0.0
0,     10592,0,         650847215,0.0,4859
1,     10594,3047,         650980532,0.0,0.0
1,     10596,3048,         651180532,0.0,0.0
1,     10598,3049,         651380532,0.0,0.0
0,     10600,0,         651391935,0.0,4219
1,     10602,3050,         651580536,0.0,0.0
0,     10604,0,         651602143,0.0,4477
1,     10606,3051,         651780536,0.0,0.0
0,     10608,0,         651805261,0.0,5634
1,     10610,3052,         651980536,0.0,0.0
1,     10612,3053,         652180540,0.0,0.0
0,     10614,0,         652350376,0.0,2656
1,     10616,3054,         652380540,0.0,0.0
1,     10618,3055,         652580540,0.0,0.0
0,     10620,0,         652757247,0.0,302
1,     10622,3056,         652780544,0.0,0.0
1,     10624,3057,         652980544,0.0,0.0
0,     10626,0,         653101575,0.0,336
1,     10628,3058,         653180544,0.0,0.0
0,     10630,0,         653360508,0.0,5951
1,     10632,3059,         653380544,0.0,0.0
1,     10634,3060,         653580548,0.0,0.0
0,     10636,0,         653586788,0.0,241
1,     10638,3061,         653780548,0.0,0.0
0,     10640,0,         653797649,0.0,4440
0,     10642,0,         653846276,0.0,3819
0,     10644,0,         653938470,0.0,574
0,     10646,0,         653939251,0.0,1913
1,     10648,3062,         653980548,0.0,0.0
1,     10650,3063,         654180552,0.0,0.0
1,     10652,3064,         654380552,0.0,0.0
1,     10654,3065,         654580552,0.0,0.0
1,     10656,3066,         654780552,0.0,0.0
0,     10658,0,         654827013,0.0,2678
0,     10660,0,         654847507,0.0,6195
1,     10662,3067,         654980556,0.0,0.0
1,     10664,3068,         655180556,0.0,0.0
0,     10666,0,         655196671,0.0,4490
1,     10668,3069,         655380556,0.0,0.0
0,     10670,0,         655414391,0.0,3828
1,     10672,3070,         655580560,0.0,0.0
1,     10674,3071,         655780560,0.0,0.0
1,     10676,3072,         655980560,0.0,0.0
1,     10678,3073,         656180564,0.0,0.0
1,     10680,3074,         656380564,0.0,0.0
1,     10682,3075,         656580564,0.0,0.0
0,     10684,0,         656651119,0.0,2431
1,     10686,3076,         656780564,0.0,0.0
0,     10688,0,         656943869,0.0,2648
1,     10690,3077,         656980568,0.0,0.0
1,     10692,3078,         657180568,0.0,0.0
0,     10694,0,         657209761,0.0,3346
1,     10696,3079,         657380568,0.0,0.0
0,     10698,0,         657518695,0.0,1352
1,     10700,3080,         657580572,0.0,0.0
1,     10702,3081,         657780572,0.0,0.0
1,     10704,3082,         657980572,0.0,0.0
1,     10706,3083,         658180576,0.0,0.0
0,     10708,0,         658188106,0.0,1177
0,     10710,0,         658266418,0.0,603
1,     10712,3084,         658380576,0.0,0.0
0,     10714,0,         658543341,0.0,5441
1,     10716,3085,         658580576,0.0,0.0
1,     10718,3086,         658780576,0.0,0.0
1,     10720,3087,         658980580,0.0,0.0
0,     10722,0,         659029218,0.0,5028
0,     10723,0,         659029228,0.0,5839
1,     10725,3088,         659180580,0.0,0.0
1,     10727,3089,         659380580,0.0,0.0
0,     10729,0,         659391782,0.0,4950
1,     10731,3090,         659580584,0.0,0.0
0,     10733,0,         659776296,0.0,3613
0,     10734,0,         659776456,0.0,492
1,     10736,3091,         659780584,0.0,0.0
1,     10738,3092,         659980584,0.0,0.0
0,     10740,0,         660138174,0.0,1318
1,     10742,3093,         660180584,0.0,0.0
0,     10744,0,         660185865,0.0,5901
0,     10746,0,         660356700,0.0,3558
1,     10748,3094,         660380588,0.0,0.0
1,     10750,3095,         660580588,0.0,0.0
0,     10752,0,         660733579,0.0,277
1,     10754,3096,         660780588,0.0,0.0
0,     10756,0,         660785178,0.0,2246
0,     10758,0,         660800918,0.0,2788
1,     10760,3097,         660980592,0.0,0.0
1,     10762,3098,         661180592,0.0,0.0
1,     10764,3099,         661380592,0.0,0.0
1,     10766,3100,         661580596,0.0,0.0
0,     10768,0,         661705234,0.0,2973
0,     10770,0,         661717830,0.0,1700
1,     10772,3101,         661780596,0.0,0.0
1,     10774,3102,         661980596,0.0,0.0
1,     10776,3103,         662180596,0.0,0.0
1,     10778,3104,         662380600,0.0,0.0
0,     10780,0,         662393125,0.0,1341
0,     10782,0,         662449049,0.0,1375
1,     10784,3105,         662580600,0.0,0.0
1,     10786,3106,         662780600,0.0,0.0
1,     10788,3107,         662980604,0.0,0.0
1,     10790,3108,         663180604,0.0,0.0
0,     10792,0,         663324362,0.0,5955
1,     10794,3109,         663380604,0.0,0.0
0,     10796,0,         663564363,0.0,203
0,     10797,0,         663564374,0.0,1894
1,     10799,3110,         663580608,0.0,0.0
1,     10801,3111,         663780608,0.0,0.0
0,     10803,0,         663906409,0.0,2614
1,     10805,3112,         663980608,0.0,0.0
0,     10807,0,         664057052,0.0,591
0,     10809,0,         664141391,0.0,5039
1,     10811,3113,         664180608,0.0,0.0
0,     10813,0,         664214430,0.0,1147
0,     10815,0,         664354565,0.0,3969
1,     10817,3114,         664380612,0.0,0.0
1,     10819,3115,         664580612,0.0,0.0
0,     10821,0,         664628036,0.0,5378
0,     10823,0,         664655262,0.0,3104
1,     10825,3116,         664780612,0.0,0.0
0,     10827,0,         664789833,0.0,2640
1,     10829,3117,         664980616,0.0,0.0
0,     10831,0,         665163741,0.0,3852
1,     10833,3118,         665180616,0.0,0.0
0,     10835,0,         665225631,0.0,3079
1,     10837,3119,         665380616,0.0,0.0
1,     10839,3120,         665580620,0.0,0.0
0,     10841,0,         665606370,0.0,2657
0,     10843,0,         665765941,0.0,6093
1,     10845,3121,         665780620,0.0,0.0
1,     10847,3122,         665980620,0.0,0.0
0,     10849,0,         666106329,0.0,793
1,     10851,3123,         666180620,0.0,0.0
0,     10853,0,         666222956,0.0,1700
1,     10855,3124,         666380624,0.0,0.0
1,     10857,3125,         666580624,0.0,0.0
0,     10859,0,         666645240,0.0,123
1,     10861,3126,         666780624,0.0,0.0
1,     10863,3127,         666980628,0.0,0.0
0,     10865,0,         667015767,0.0,4454
1,     10867,3128,         667180628,0.0,0.0
0,     10869,0,         667247613,0.0,2528
0,     10871,0,         667279646,0.0,400
1,     10873,3129,         667380628,0.0,0.0
0,     10875,0,         667409866,0.0,3086
0,     10877,0,         667447280,0.0,4586
1,     10879,3130,         667580628,0.0,0.0
1,     10881,3131,         667780632,0.0,0.0
0,     10883,0,         667938863,0.0,907
1,     10885,3132,         667980632,0.0,0.0
1,     10887,3133,         668180632,0.0,0.0
0,     10889,0,         668214043,0.0,6025
0,     10891,0,         668254791,0.0,739
1,     10893,3134,         668380636,0.0,0.0
1,     10895,3135,         668580636,0.0,0.0
1,     10897,3136,         668780636,0.0,0.0
1,     10899,3137,         668980640,0.0,0.0
1,     10901,3138,         669180640,0.0,0.0
0,     10903,0,         669338501,0.0,3572
1,     10905,3139,         669380640,0.0,0.0
1,     10907,3140,         669580640,0.0,0.0
1,     10909,3141,         669780644,0.0,0.0
1,     10911,3142,         669980644,0.0,0.0
0,     10913,0,         670114193,0.0,1913
1,     10915,3143,         670180644,0.0,0.0
1,     10917,3144,         670380648,0.0,0.0
1,     10919,3145,         670580648,0.0,0.0
0,     10921,0,         670601652,0.0,3630
1,     10923,3146,         670780648,0.0,0.0
0,     10925,0,         670830414,0.0,140
1,     10927,3147,         670980652,0.0,0.0
1,     10929,3148,         671180652,0.0,0.0
0,     10931,0,         671299561,0.0,3627
1,     10933,3149,         671380652,0.0,0.0
1,     10935,3150,         671580652,0.0,0.0
0,     10937,0,         671642079,0.0,4481
1,     10939,3151,         671780656,0.0,0.0
1,     10941,3152,         671980656,0.0,0.0
1,     10943,3153,         672180656,0.0,0.0
1,     10945,3154,         672380660,0.0,0.0
0,     10947,0,         672470719,0.0,1582
1,     10949,3155,         672580660,0.0,0.0
1,     10951,3156,         672780660,0.0,0.0
0,     10953,0,         672936561,0.0,4113
1,     10955,3157,         672980664,0.0,0.0
0,     10957,0,         673121944,0.0,1285
1,     10959,3158,         673180664,0.0,0.0
1,     10961,3159,         673380664,0.0,0.0
1,     10963,3160,         673580664,0.0,0.0
1,     10965,3161,         673780668,0.0,0.0
1,     10967,3162,         673980668,0.0,0.0
0,     10969,0,         674135975,0.0,1975
0,     10971,0,         674153989,0.0,4362
1,     10973,3163,         674180668,0.0,0.0
1,     10975,3164,         674380672,0.0,0.0
1,     10977,3165,         674580672,0.0,0.0
0,     10979,0,         674708746,0.0,3490
1,     10981,3166,         674780672,0.0,0.0
0,     10983,0,         674936573,0.0,2996
1,     10985,3167,         674980676,0.0,0.0
0,     10987,0,         675143875,0.0,719
1,     10989,3168,         675180676,0.0,0.0
0,     10991,0,         675217106,0.0,4448
0,     10993,0,         675301879,0.0,468
1,     10995,3169,         675380676,0.0,0.0
1,     10997,3170,         675580676,0.0,0.0
1,     10999,3171,         675780680,0.0,0.0
0,     11001,0,         675979582,0.0,2749
0,     11002,0,         675979736,0.0,5998
1,     11004,3172,         675980680,0.0,0.0
1,     11006,3173,         676180680,0.0,0.0
1,     11008,3174,         676380684,0.0,0.0
1,     11010,3175,         676580684,0.0,0.0
0,     11012,0,         676722224,0.0,1764
1,     11014,3176,         676780684,0.0,0.0
1,     11016,3177,         676980684,0.0,0.0
0,     11018,0,         677060713,0.0,1188
0,     11020,0,         677100178,0.0,1777
0,     11022,0,         677155484,0.0,4913
1,     11024,3178,         677180688,0.0,0.0
0,     11026,0,         677334042,0.0,886
1,     11028,3179,         677380688,0.0,0.0
1,     11030,3180,         677580688,0.0,0.0
0,     11032,0,         677674121,0.0,1562
1,     11034,3181,         677780692,0.0,0.0
0,     11036,0,         677789525,0.0,6170
1,     11038,3182,         677980692,0.0,0.0
0,     11040,0,         678060302,0.0,3067
1,     11042,3183,         678180692,0.0,0.0
1,     11044,3184,         678380696,0.0,0.0
0,     11046,0,         678393117,0.0,5936
0,     11048,0,         678448243,0.0,6002
1,     11050,3185,         678580696,0.0,0.0
0,     11052,0,         678645160,0.0,1997
1,     11054,3186,         678780696,0.0,0.0
0,     11056,0,         678954122,0.0,1617
1,     11058,3187,         678980696,0.0,0.0
1,     11060,3188,         679180700,0.0,0.0
1,     11062,3189,         679380700,0.0,0.0
1,     11064,3190,         679580700,0.0,0.0
0,     11066,0,         679667901,0.0,1498
0,     11068,0,         679746440,0.0,306
1,     11070,3191,         679780704,0.0,0.0
1,     11072,3192,         679980704,0.0,0.0
1,     11074,3193,         680180704,0.0,0.0
0,     11076,0,         680285442,0.0,1721
0,     11078,0,         680348940,0.0,4900
1,     11080,3194,         680380708,0.0,0.0
0,     11082,0,         680542049,0.0,1272
1,     11084,3195,         680580708,0.0,0.0
0,     11086,0,         680582032,0.0,4391
0,     11088,0,         680724983,0.0,471
1,     11090,3196,         680780708,0.0,0.0
1,     11092,3197,         680980708,0.0,0.0
0,     11094,0,         681056233,0.0,1802
1,     11096,3198,         681180712,0.0,0.0
0,     11098,0,         681282331,0.0,3618
1,     11100,3199,         681380712,0.0,0.0
0,     11102,0,         681554735,0.0,527
1,     11104,3200,         681580712,0.0,0.0
0,     11106,0,         681629240,0.0,5764
1,     11108,3201,         681780716,0.0,0.0
1,     11110,3202,         681980716,0.0,0.0
1,     11112,3203,         682180716,0.0,0.0
1,     11114,3204,         682380716,0.0,0.0
0,     11116,0,         682385022,0.0,2766
0,     11118,0,         682422492,0.0,2929
1,     11120,3205,         682580720,0.0,0.0
1,     11122,3206,         682780720,0.0,0.0
0,     11124,0,         682898399,0.0,1174
1,     11126,3207,         682980720,0.0,0.0
1,     11128,3208,         683180724,0.0,0.0
1,     11130,3209,         683380724,0.0,0.0
1,     11132,3210,         683580724,0.0,0.0
1,     11134,3211,         683780728,0.0,0.0
0,     11136,0,         683916258,0.0,254
1,     11138,3212,         683980728,0.0,0.0
0,     11140,0,         684005950,0.0,2253
1,     11142,3213,         684180728,0.0,0.0
1,     11144,3214,         684380728,0.0,0.0
0,     11146,0,         684533957,0.0,4926
1,     11148,3215,         684580732,0.0,0.0
1,     11150,3216,         684780732,0.0,0.0
0,     11152,0,         684876281,0.0,5427
0,     11154,0,         684910239,0.0,4420
1,     11156,3217,         684980732,0.0,0.0
1,     11158,3218,         685180736,0.0,0.0
0,     11160,0,         685346815,0.0,1798
0,     11162,0,         685368482,0.0,5099
1,     11164,3219,         685380736,0.0,0.0
1,     11166,3220,         685580736,0.0,0.0
1,     11168,3221,         685780740,0.0,0.0
0,     11170,0,         685927401,0.0,1601
1,     11172,3222,         685980740,0.0,0.0
0,     11174,0,         686102897,0.0,5757
1,     11176,3223,         686180740,0.0,0.0
0,     11178,0,         686296889,0.0,307
0,     11180,0,         686376292,0.0,2054
1,     11182,3224,         686380740,0.0,0.0
1,     11184,3225,         686580744,0.0,0.0
0,     11186,0,         686733918,0.0,3735
0,     11188,0,         686774148,0.0,3911
1,     11190,3226,         686780744,0.0,0.0
0,     11192,0,         686815431,0.0,1487
1,     11194,3227,         686980744,0.0,0.0
1,     11196,3228,         687180748,0.0,0.0
0,     11198,0,         687233173,0.0,4243
1,     11200,3229,         687380748,0.0,0.0
0,     11202,0,         687461180,0.0,4243
1,     11204,3230,         687580748,0.0,0.0
1,     11206,3231,         687780752,0.0,0.0
0,     11208,0,         687939538,0.0,5802
1,     11210,3232,         687980752,0.0,0.0
0,     11212,0,         688095815,0.0,3407
1,     11214,3233,         688180752,0.0,0.0
1,     11216,3234,         688380752,0.0,0.0
1,     11218,3235,         688580756,0.0,0.0
1,     11220,3236,         688780756,0.0,0.0
0,     11222,0,         688847470,0.0,4343
1,     11224,3237,         688980756,0.0,0.0
0,     11226,0,         689144620,0.0,4607
0,     11228,0,         689153431,0.0,5330
1,     11230,3238,         689180760,0.0,0.0
1,     11232,3239,         689380760,0.0,0.0
0,     11234,0,         689561832,0.0,3593
1,     11236,3240,         689580760,0.0,0.0
1,     11238,3241,         689780760,0.0,0.0
1,     11240,3242,         689980764,0.0,0.0
0,     11242,0,         690066394,0.0,3366
0,     11244,0,         690066805,0.0,3459
0,     11246,0,         690072401,0.0,3801
0,     11248,0,         690090242,0.0,1985
1,     11250,3243,         690180764,0.0,0.0
1,     11252,3244,         690380764,0.0,0.0
1,     11254,3245,         690580768,0.0,0.0
1,     11256,3246,         690780768,0.0,0.0
1,     11258,3247,         690980768,0.0,0.0
1,     11260,3248,         691180772,0.0,0.0
0,     11262,0,         691247099,0.0,5662
0,     11264,0,         691366590,0.0,755
1,     11266,3249,         691380772,0.0,0.0
1,     11268,3250,         691580772,0.0,0.0
1,     11270,3251,         691780772,0.0,0.0
0,     11272,0,         691801698,0.0,1968
0,     11274,0,         691831246,0.0,744
1,     11276,3252,         691980776,0.0,0.0
1,     11278,3253,         692180776,0.0,0.0
0,     11280,0,         692342213,0.0,335
1,     11282,3254,         692380776,0.0,0.0
1,     11284,3255,         692580780,0.0,0.0
0,     11286,0,         692752076,0.0,3038
1,     11288,3256,         692780780,0.0,0.0
0,     11290,0,         692875562,0.0,4503
1,     11292,3257,         692980780,0.0,0.0
0,     11294,0,         692985260,0.0,313
0,     11296,0,         693060292,0.0,2045
1,     11298,3258,         693180784,0.0,0.0
0,     11300,0,         693268880,0.0,1225
1,     11302,3259,         693380784,0.0,0.0
0,     11304,0,         693508835,0.0,5760
0,     11306,0,         693572005,0.0,211
1,     11308,3260,         693580784,0.0,0.0
0,     11310,0,         693607931,0.0,5386
0,     11312,0,         693734454,0.0,1031
0,     11314,0,         693748492,0.0,6058
1,     11316,3261,         693780784,0.0,0.0
0,     11318,0,         693823001,0.0,1064
1,     11320,3262,         693980788,0.0,0.0
1,     11322,3263,         694180788,0.0,0.0
0,     11324,0,         694199864,0.0,2429
0,     11326,0,         694243215,0.0,1151
0,     11328,0,         694295654,0.0,3995
1,     11330,3264,         694380788,0.0,0.0
1,     11332,3265,         694580792,0.0,0.0
0,     11334,0,         694597677,0.0,1587
0,     11336,0,         694656878,0.0,3696
1,     11338,3266,         694780792,0.0,0.0
1,     11340,3267,         694980792,0.0,0.0
1,     11342,3268,         695180792,0.0,0.0
0,     11344,0,         695360705,0.0,52
1,     11346,3269,         695380796,0.0,0.0
0,     11348,0,         695545338,0.0,2485
0,     11350,0,         695577930,0.0,1630
0,     11351,0,         695577932,0.0,1837
1,     11353,3270,         695580796,0.0,0.0
0,     11355,0,         695608504,0.0,3295
1,     11357,3271,         695780796,0.0,0.0
1,     11359,3272,         695980800,0.0,0.0
0,     11361,0,         696101958,0.0,3326
1,     11363,3273,         696180800,0.0,0.0
0,     11365,0,         696366717,0.0,5130
1,     11367,3274,         696380800,0.0,0.0
1,     11369,3275,         696580804,0.0,0.0
0,     11371,0,         696626151,0.0,1915
0,     11373,0,         696638200,0.0,3367
1,     11375,3276,         696780804,0.0,0.0
0,     11377,0,         696830052,0.0,542
0,     11379,0,         696906742,0.0,601
1,     11381,3277,         696980804,0.0,0.0
0,     11383,0,         697028450,0.0,39
1,     11385,3278,         697180804,0.0,0.0
0,     11387,0,         697357934,0.0,5857
1,     11389,3279,         697380808,0.0,0.0
0,     11391,0,         697464088,0.0,1108
1,     11393,3280,         697580808,0.0,0.0
1,     11395,3281,         697780808,0.0,0.0
1,     11397,3282,         697980812,0.0,0.0
1,     11399,3283,         698180812,0.0,0.0
1,     11401,3284,         698380812,0.0,0.0
0,     11403,0,         698473827,0.0,5728
1,     11405,3285,         698580816,0.0,0.0
1,     11407,3286,         698780816,0.0,0.0
1,     11409,3287,         698980816,0.0,0.0
0,     11411,0,         699036239,0.0,299
0,     11413,0,         699127874,0.0,5120
1,     11415,3288,         699180816,0.0,0.0
1,     11417,3289,         699380820,0.0,0.0
1,     11419,3290,         699580820,0.0,0.0
0,     11421,0,         699775465,0.0,4697
1,     11423,3291,         699780820,0.0,0.0
1,     11425,3292,         699980824,0.0,0.0
0,     11427,0,         700025111,0.0,4942
0,     11429,0,         700038747,0.0,2969
1,     11431,3293,         700180824,0.0,0.0
1,     11433,3294,         700380824,0.0,0.0
1,     11435,3295,         700580828,0.0,0.0
0,     11437,0,         700753623,0.0,3580
1,     11439,3296,         700780828,0.0,0.0
0,     11441,0,         700897883,0.0,2780
1,     11443,3297,         700980828,0.0,0.0
1,     11445,3298,         701180828,0.0,0.0
1,     11447,3299,         701380832,0.0,0.0
0,     11449,0,         701407602,0.0,3724
0,     11451,0,         701527316,0.0,5146
1,     11453,3300,         701580832,0.0,0.0
0,     11455,0,         701681959,0.0,6093
1,     11457,3301,         701780832,0.0,0.0
0,     11459,0,         701880090,0.0,4169
1,     11461,3302,         701980836,0.0,0.0
0,     11463,0,         702011408,0.0,4793
1,     11465,3303,         702180836,0.0,0.0
1,     11467,3304,         702380836,0.0,0.0
0,     11469,0,         702523244,0.0,1707
1,     11471,3305,         702580836,0.0,0.0
0,     11473,0,         702731535,0.0,4838
0,     11474,0,         702732029,0.0,2433
1,     11476,3306,         702780840,0.0,0.0
0,     11478,0,         702815712,0.0,638
1,     11480,3307,         702980840,0.0,0.0
0,     11482,0,         702983906,0.0,3534
1,     11484,3308,         703180840,0.0,0.0
0,     11486,0,         703282840,0.0,4295
1,     11488,3309,         703380844,0.0,0.0
0,     11490,0,         703484472,0.0,4876
0,     11492,0,         703562419,0.0,5388
1,     11494,3310,         703580844,0.0,0.0
1,     11496,3311,         703780844,0.0,0.0
0,     11498,0,         703792190,0.0,4957
1,     11500,3312,         703980848,0.0,0.0
0,     11502,0,         703990190,0.0,4199
1,     11504,3313,         704180848,0.0,0.0
1,     11506,3314,         704380848,0.0,0.0
1,     11508,3315,         704580848,0.0,0.0
0,     11510,0,         704617031,0.0,3651
1,     11512,3316,         704780852,0.0,0.0
1,     11514,3317,         704980852,0.0,0.0
1,     11516,3318,         705180852,0.0,0.0
1,     11518,3319,         705380856,0.0,0.0
0,     11520,0,         705408768,0.0,12
0,     11522,0,         705442371,0.0,5174
0,     11524,0,         705486685,0.0,5604
1,     11526,3320,         705580856,0.0,0.0
1,     11528,3321,         705780856,0.0,0.0
0,     11530,0,         705980338,0.0,1342
1,     11532,3322,         705980860,0.0,0.0
0,     11534,0,         706153588,0.0,2957
1,     11536,3323,         706180860,0.0,0.0
0,     11538,0,         706253740,0.0,3429
0,     11539,0,         706253745,0.0,3879
0,     11541,0,         706303138,0.0,4076
1,     11543,3324,         706380860,0.0,0.0
1,     11545,3325,         706580860,0.0,0.0
0,     11547,0,         706748172,0.0,318
0,     11549,0,         706748743,0.0,5632
1,     11551,3326,         706780864,0.0,0.0
0,     11553,0,         706830722,0.0,5149
1,     11555,3327,         706980864,0.0,0.0
1,     11557,3328,         707180864,0.0,0.0
1,     11559,3329,         707380868,0.0,0.0
0,     11561,0,         707408663,0.0,6005
0,     11563,0,         707579766,0.0,1570
1,     11565,3330,         707580868,0.0,0.0
0,     11567,0,         707758497,0.0,2228
1,     11569,3331,         707780868,0.0,0.0
0,     11571,0,         707860458,0.0,3369
1,     11573,3332,         707980872,0.0,0.0
0,     11575,0,         707985504,0.0,1197
1,     11577,3333,         708180872,0.0,0.0
0,     11579,0,         708280574,0.0,4378
1,     11581,3334,         708380872,0.0,0.0
0,     11583,0,         708502990,0.0,5554
0,     11585,0,         708505021,0.0,381
1,     11587,3335,         708580872,0.0,0.0
1,     11589,3336,         708780876,0.0,0.0
0,     11591,0,         708933495,0.0,3433
1,     11593,3337,         708980876,0.0,0.0
1,     11595,3338,         709180876,0.0,0.0
0,     11597,0,         709203961,0.0,1978
0,     11599,0,         709358751,0.0,480
1,     11601,3339,         709380880,0.0,0.0
0,     11603,0,         709540915,0.0,4913
1,     11605,3340,         709580880,0.0,0.0
0,     11607,0,         709756914,0.0,6170
0,     11609,0,         709777015,0.0,3964
1,     11611,3341,         709780880,0.0,0.0
0,     11613,0,         709798060,0.0,3430
0,     11615,0,         709802839,0.0,5742
0,     11617,0,         709877131,0.0,487
1,     11619,3342,         709980880,0.0,0.0
0,     11621,0,         709996133,0.0,5139
1,     11623,3343,         710180884,0.0,0.0
0,     11625,0,         710183274,0.0,1371
0,     11627,0,         710208575,0.0,2626
1,     11629,3344,         710380884,0.0,0.0
0,     11631,0,         710491123,0.0,1375
0,     11633,0,         710548390,0.0,1794
1,     11635,3345,         710580884,0.0,0.0
1,     11637,3346,         710780888,0.0,0.0
0,     11639,0,         710871358,0.0,3512
1,     11641,3347,         710980888,0.0,0.0
1,     11643,3348,         711180888,0.0,0.0
0,     11645,0,         711337967,0.0,1655
1,     11647,3349,         711380892,0.0,0.0
1,     11649,3350,         711580892,0.0,0.0
0,     11651,0,         711735609,0.0,4069
1,     11653,3351,         711780892,0.0,0.0
1,     11655,3352,         711980892,0.0,0.0
1,     11657,3353,         712180896,0.0,0.0
0,     11659,0,         712309667,0.0,387
1,     11661,3354,         712380896,0.0,0.0
0,     11663,0,         712423904,0.0,5720
1,     11665,3355,         712580896,0.0,0.0
0,     11667,0,         712664489,0.0,4721
0,     11669,0,         712713033,0.0,2178
0,     11671,0,         712767517,0.0,3293
1,     11673,3356,         712780900,0.0,0.0
0,     11675,0,         712849276,0.0,2574
1,     11677,3357,         712980900,0.0,0.0
0,     11679,0,         713103547,0.0,3339
1,     11681,3358,         713180900,0.0,0.0
1,     11683,3359,         713380904,0.0,0.0
1,     11685,3360,         713580904,0.0,0.0
1,     11687,3361,         713780904,0.0,0.0
0,     11689,0,         713808098,0.0,338
0,     11691,0,         713941656,0.0,5350
1,     11693,3362,         713980904,0.0,0.0
1,     11695,3363,         714180908,0.0,0.0
0,     11697,0,         714189528,0.0,3203
0,     11699,0,         714202342,0.0,5464
1,     11701,3364,         714380908,0.0,0.0
1,     11703,3365,         714580908,0.0,0.0
0,     11704,0,         714580911,0.0,5520
1,     11706,3366,         714780912,0.0,0.0
1,     11708,3367,         714980912,0.0,0.0
1,     11710,3368,         715180912,0.0,0.0
1,     11712,3369,         715380912,0.0,0.0
1,     11714,3370,         715580916,0.0,0.0
0,     11716,0,         715634945,0.0,690
1,     11718,3371,         715780916,0.0,0.0
0,     11720,0,         715869559,0.0,4441
1,     11722,3372,         715980916,0.0,0.0
1,     11724,3373,         716180920,0.0,0.0
0,     11726,0,         716231655,0.0,3105
0,     11728,0,         716273914,0.0,3244
1,     11730,3374,         716380920,0.0,0.0
1,     11732,3375,         716580920,0.0,0.0
0,     11734,0,         716593290,0.0,3795
1,     11736,3376,         716780924,0.0,0.0
0,     11738,0,         716823620,0.0,1366
0,     11739,0,         716823860,0.0,1511
1,     11741,3377,         716980924,0.0,0.0
1,     11743,3378,         717180924,0.0,0.0
0,     11745,0,         717303633,0.0,2977
1,     11747,3379,         717380924,0.0,0.0
1,     11749,3380,         717580928,0.0,0.0
0,     11751,0,         717669124,0.0,3340
0,     11753,0,         717683143,0.0,2197
0,     11755,0,         717689171,0.0,5973
0,     11757,0,         717737069,0.0,1173
1,     11759,3381,         717780928,0.0,0.0
0,     11761,0,         717897163,0.0,2442
0,     11763,0,         717897889,0.0,5916
1,     11765,3382,         717980928,0.0,0.0
0,     11767,0,         718008951,0.0,2973
0,     11769,0,         718112291,0.0,5073
1,     11771,3383,         718180932,0.0,0.0
1,     11773,3384,         718380932,0.0,0.0
0,     11775,0,         718431705,0.0,1708
1,     11777,3385,         718580932,0.0,0.0
1,     11779,3386,         718780936,0.0,0.0
0,     11781,0,         718809226,0.0,6213
1,     11783,3387,         718980936,0.0,0.0
0,     11785,0,         719110107,0.0,4053
1,     11787,3388,         719180936,0.0,0.0
1,     11789,3389,         719380936,0.0,0.0
1,     11791,3390,         719580940,0.0,0.0
1,     11793,3391,         719780940,0.0,0.0
1,     11795,3392,         719980940,0.0,0.0
0,     11797,0,         720078828,0.0,4387
1,     11799,3393,         720180944,0.0,0.0
1,     11801,3394,         720380944,0.0,0.0
1,     11803,3395,         720580944,0.0,0.0
0,     11805,0,         720687340,0.0,1582
0,     11807,0,         720705618,0.0,5254
1,     11809,3396,         720780948,0.0,0.0
1,     11811,3397,         720980948,0.0,0.0
0,     11813,0,         720984969,0.0,1793
1,     11815,3398,         721180948,0.0,0.0
0,     11817,0,         721333908,0.0,617
1,     11819,3399,         721380948,0.0,0.0
1,     11821,3400,         721580952,0.0,0.0
1,     11823,3401,         721780952,0.0,0.0
0,     11825,0,         721867983,0.0,584
1,     11827,3402,         721980952,0.0,0.0
0,     11829,0,         722136276,0.0,5954
1,     11831,3403,         722180956,0.0,0.0
1,     11833,3404,         722380956,0.0,0.0
1,     11835,3405,         722580956,0.0,0.0
0,     11837,0,         722725613,0.0,4922
0,     11839,0,         722768085,0.0,4826
1,     11841,3406,         722780960,0.0,0.0
0,     11843,0,         722925838,0.0,5795
1,     11845,3407,         722980960,0.0,0.0
0,     11847,0,         723144842,0.0,3196
1,     11849,3408,         723180960,0.0,0.0
0,     11851,0,         723223854,0.0,169
1,     11853,3409,         723380960,0.0,0.0
0,     11855,0,         723399028,0.0,765
1,     11857,3410,         723580964,0.0,0.0
1,     11859,3411,         723780964,0.0,0.0
0,     11861,0,         723824232,0.0,1361
1,     11863,3412,         723980964,0.0,0.0
1,     11865,3413,         724180968,0.0,0.0
1,     11867,3414,         724380968,0.0,0.0
0,     11869,0,         724466449,0.0,5993
1,     11871,3415,         724580968,0.0,0.0
1,     11873,3416,         724780968,0.0,0.0
1,     11875,3417,         724980972,0.0,0.0
0,     11877,0,         725157571,0.0,2818
0,     11879,0,         725177603,0.0,118
1,     11881,3418,         725180972,0.0,0.0
1,     11883,3419,         725380972,0.0,0.0
0,     11885,0,         725491378,0.0,2011
1,     11887,3420,         725580976,0.0,0.0
0,     11889,0,         725707825,0.0,1989
1,     11891,3421,         725780976,0.0,0.0
1,     11893,3422,         725980976,0.0,0.0
1,     11895,3423,         726180980,0.0,0.0
0,     11897,0,         726346185,0.0,1710
0,     11898,0,         726346421,0.0,2976
1,     11900,3424,         726380980,0.0,0.0
0,     11902,0,         726550548,0.0,5843
1,     11904,3425,         726580980,0.0,0.0
0,     11906,0,         726741301,0.0,170
1,     11908,3426,         726780980,0.0,0.0
0,     11910,0,         726827879,0.0,5290
0,     11912,0,         726845742,0.0,5359
0,     11914,0,         726847839,0.0,496
1,     11916,3427,         726980984,0.0,0.0
1,     11918,3428,         727180984,0.0,0.0
0,     11920,0,         727292951,0.0,4519
1,     11922,3429,         727380984,0.0,0.0
1,     11924,3430,         727580988,0.0,0.0
0,     11926,0,         727719314,0.0,942
1,     11928,3431,         727780988,0.0,0.0
1,     11930,3432,         727980988,0.0,0.0
1,     11932,3433,         728180992,0.0,0.0
1,     11934,3434,         728380992,0.0,0.0
0,     11936,0,         728570167,0.0,5925
1,     11938,3435,         728580992,0.0,0.0
0,     11940,0,         728658944,0.0,31
0,     11942,0,         728742469,0.0,5106
1,     11944,3436,         728780992,0.0,0.0
0,     11945,0,         728781415,0.0,312
1,     11947,3437,         728980996,0.0,0.0
1,     11949,3438,         729180996,0.0,0.0
1,     11951,3439,         729380996,0.0,0.0
0,     11953,0,         729529880,0.0,3008
1,     11955,3440,         729581000,0.0,0.0
0,     11957,0,         729721905,0.0,5447
1,     11959,3441,         729781000,0.0,0.0
0,     11961,0,         729796028,0.0,2720
1,     11963,3442,         729981000,0.0,0.0
1,     11965,3443,         730181004,0.0,0.0
1,     11967,3444,         730381004,0.0,0.0
0,     11969,0,         730405842,0.0,4566
1,     11971,3445,         730581004,0.0,0.0
0,     11973,0,         730766802,0.0,3385
1,     11975,3446,         730781004,0.0,0.0
0,     11977,0,         730859686,0.0,1629
1,     11979,3447,         730981008,0.0,0.0
0,     11981,0,         731007648,0.0,345
1,     11983,3448,         731181008,0.0,0.0
0,     11985,0,         731228859,0.0,5633
1,     11987,3449,         731381008,0.0,0.0
1,     11989,3450,         731581012,0.0,0.0
1,     11991,3451,         731781012,0.0,0.0
1,     11993,3452,         731981012,0.0,0.0
0,     11995,0,         732161362,0.0,5966
1,     11997,3453,         732181012,0.0,0.0
1,     11999,3454,         732381016,0.0,0.0
1,     12001,3455,         732581016,0.0,0.0
1,     12003,3456,         732781016,0.0,0.0
0,     12005,0,         732978833,0.0,5243
1,     12007,3457,         732981020,0.0,0.0
1,     12009,3458,         733181020,0.0,0.0
0,     12011,0,         733261024,0.0,5429
0,     12012,0,         733261623,0.0,5537
1,     12014,3459,         733381020,0.0,0.0
0,     12016,0,         733511968,0.0,4397
1,     12018,3460,         733581024,0.0,0.0
0,     12020,0,         733598118,0.0,4587
0,     12022,0,         733606314,0.0,5336
0,     12024,0,         733611589,0.0,1412
1,     12026,3461,         733781024,0.0,0.0
1,     12028,3462,         733981024,0.0,0.0
1,     12030,3463,         734181024,0.0,0.0
0,     12032,0,         734190926,0.0,2938
0,     12034,0,         734279397,0.0,3517
1,     12036,3464,         734381028,0.0,0.0
0,     12038,0,         734465993,0.0,947
0,     12040,0,         734507845,0.0,5490
1,     12042,3465,         734581028,0.0,0.0
0,     12044,0,         734595523,0.0,1416
1,     12046,3466,         734781028,0.0,0.0
0,     12048,0,         734889890,0.0,4245
1,     12050,3467,         734981032,0.0,0.0
0,     12052,0,         735006285,0.0,4083
0,     12054,0,         735083653,0.0,1214
1,     12056,3468,         735181032,0.0,0.0
1,     12058,3469,         735381032,0.0,0.0
1,     12060,3470,         735581036,0.0,0.0
0,     12062,0,         735620294,0.0,61
1,     12064,3471,         735781036,0.0,0.0
0,     12066,0,         735971277,0.0,5053
1,     12068,3472,         735981036,0.0,0.0
1,     12070,3473,         736181036,0.0,0.0
0,     12072,0,         736192245,0.0,1416
0,     12074,0,         736329548,0.0,4657
1,     12076,3474,         736381040,0.0,0.0
0,     12078,0,         736399619,0.0,208
1,     12080,3475,         736581040,0.0,0.0
0,     12082,0,         736615527,0.0,4252
1,     12084,3476,         736781040,0.0,0.0
0,     12086,0,         736794416,0.0,693
0,     12088,0,         736973909,0.0,3985
1,     12090,3477,         736981044,0.0,0.0
1,     12092,3478,         737181044,0.0,0.0
1,     12094,3479,         737381044,0.0,0.0
1,     12096,3480,         737581044,0.0,0.0
0,     12098,0,         737615999,0.0,210
0,     12100,0,         737779897,0.0,3286
1,     12102,3481,         737781048,0.0,0.0
0,     12104,0,         737863849,0.0,4542
1,     12106,3482,         737981048,0.0,0.0
1,     12108,3483,         738181048,0.0,0.0
0,     12110,0,         738279986,0.0,3220
1,     12112,3484,         738381052,0.0,0.0
0,     12114,0,         738415581,0.0,5752
1,     12116,3485,         738581052,0.0,0.0
1,     12118,3486,         738781052,0.0,0.0
0,     12120,0,         738929549,0.0,3343
1,     12122,3487,         738981056,0.0,0.0
1,     12124,3488,         739181056,0.0,0.0
0,     12126,0,         739234037,0.0,4496
1,     12128,3489,         739381056,0.0,0.0
0,     12130,0,         739408165,0.0,2344
1,     12132,3490,         739581056,0.0,0.0
1,     12134,3491,         739781060,0.0,0.0
1,     12136,3492,         739981060,0.0,0.0
0,     12138,0,         740173978,0.0,5598
1,     12140,3493,         740181060,0.0,0.0
1,     12142,3494,         740381064,0.0,0.0
1,     12144,3495,         740581064,0.0,0.0
0,     12146,0,         740779771,0.0,1973
1,     12148,3496,         740781064,0.0,0.0
1,     12150,3497,         740981068,0.0,0.0
0,     12152,0,         741051901,0.0,2497
0,     12154,0,         741073353,0.0,4664
1,     12156,3498,         741181068,0.0,0.0
1,     12158,3499,         741381068,0.0,0.0
0,     12160,0,         741578611,0.0,5660
1,     12162,3500,         741581068,0.0,0.0
0,     12164,0,         741592075,0.0,2217
0,     12165,0,         741592400,0.0,1167
0,     12167,0,         741778801,0.0,5752
1,     12169,3501,         741781072,0.0,0.0
0,     12171,0,         741899348,0.0,2383
1,     12173,3502,         741981072,0.0,0.0
0,     12175,0,         742035027,0.0,3405
1,     12177,3503,         742181072,0.0,0.0
0,     12179,0,         742301551,0.0,1639
1,     12181,3504,         742381076,0.0,0.0
0,     12183,0,         742413881,0.0,1945
1,     12185,3505,         742581076,0.0,0.0
1,     12187,3506,         742781076,0.0,0.0
1,     12189,3507,         742981080,0.0,0.0
1,     12191,3508,         743181080,0.0,0.0
0,     12193,0,         743187810,0.0,40
0,     12195,0,         743348960,0.0,923
0,     12197,0,         743351375,0.0,456
1,     12199,3509,         743381080,0.0,0.0
1,     12201,3510,         743581080,0.0,0.0
0,     12203,0,         743710085,0.0,848
1,     12205,3511,         743781084,0.0,0.0
1,     12207,3512,         743981084,0.0,0.0
0,     12209,0,         744085506,0.0,3727
0,     12211,0,         744098188,0.0,3490
0,     12213,0,         744147186,0.0,938
1,     12215,3513,         744181084,0.0,0.0
1,     12217,3514,         744381088,0.0,0.0
0,     12219,0,         744468721,0.0,5377
1,     12221,3515,         744581088,0.0,0.0
0,     12223,0,         744711567,0.0,3526
1,     12225,3516,         744781088,0.0,0.0
0,     12227,0,         744904877,0.0,1490
1,     12229,3517,         744981088,0.0,0.0
0,     12231,0,         745164503,0.0,82
1,     12233,3518,         745181092,0.0,0.0
1,     12235,3519,         745381092,0.0,0.0
1,     12237,3520,         745581092,0.0,0.0
0,     12239,0,         745753871,0.0,4437
0,     12240,0,         745753957,0.0,2433
1,     12242,3521,         745781096,0.0,0.0
1,     12244,3522,         745981096,0.0,0.0
0,     12246,0,         746032215,0.0,3994
0,     12248,0,         746177220,0.0,1527
1,     12250,3523,         746181096,0.0,0.0
0,     12252,0,         746230895,0.0,72
1,     12254,3524,         746381100,0.0,0.0
0,     12256,0,         746437984,0.0,4695
1,     12258,3525,         746581100,0.0,0.0
1,     12260,3526,         746781100,0.0,0.0
0,     12261,0,         746781226,0.0,4995
0,     12263,0,         746904768,0.0,4186
1,     12265,3527,         746981100,0.0,0.0
1,     12267,3528,         747181104,0.0,0.0
0,     12269,0,         747291353,0.0,1600
1,     12271,3529,         747381104,0.0,0.0
0,     12273,0,         747500566,0.0,4761
1,     12275,3530,         747581104,0.0,0.0
1,     12277,3531,         747781108,0.0,0.0
0,     12279,0,         747842796,0.0,5458
1,     12281,3532,         747981108,0.0,0.0
0,     12283,0,         747990177,0.0,2308
0,     12285,0,         748165040,0.0,1655
1,     12287,3533,         748181108,0.0,0.0
0,     12289,0,         748312412,0.0,243
0,     12291,0,         748335683,0.0,6205
1,     12293,3534,         748381112,0.0,0.0
1,     12295,3535,         748581112,0.0,0.0
0,     12297,0,         748600825,0.0,5203
1,     12299,3536,         748781112,0.0,0.0
0,     12301,0,         748937229,0.0,3397
1,     12303,3537,         748981112,0.0,0.0
1,     12305,3538,         749181116,0.0,0.0
0,     12307,0,         749246641,0.0,4041
1,     12309,3539,         749381116,0.0,0.0
1,     12311,3540,         749581116,0.0,0.0
1,     12313,3541,         749781120,0.0,0.0
1,     12315,3542,         749981120,0.0,0.0
0,     12317,0,         750074710,0.0,3970
0,     12319,0,         750123141,0.0,372
0,     12321,0,         750145480,0.0,2534
1,     12323,3543,         750181120,0.0,0.0
1,     12325,3544,         750381120,0.0,0.0
0,     12327,0,         750568659,0.0,5139
1,     12329,3545,         750581124,0.0,0.0
1,     12331,3546,         750781124,0.0,0.0
0,     12333,0,         750793242,0.0,3377
0,     12335,0,         750818645,0.0,4672
1,     12337,3547,         750981124,0.0,0.0
1,     12339,3548,         751181128,0.0,0.0
1,     12341,3549,         751381128,0.0,0.0
1,     12343,3550,         751581128,0.0,0.0
0,     12345,0,         751611107,0.0,878
0,     12347,0,         751754666,0.0,1206
1,     12349,3551,         751781132,0.0,0.0
1,     12351,3552,         751981132,0.0,0.0
0,     12353,0,         752165687,0.0,236
1,     12355,3553,         752181132,0.0,0.0
0,     12357,0,         752189546,0.0,2475
0,     12359,0,         752269262,0.0,5474
1,     12361,3554,         752381132,0.0,0.0
0,     12363,0,         752463959,0.0,670
1,     12365,3555,         752581136,0.0,0.0
1,     12367,3556,         752781136,0.0,0.0
1,     12369,3557,         752981136,0.0,0.0
0,     12371,0,         752984712,0.0,4371
0,     12373,0,         753047613,0.0,616
1,     12375,3558,         753181140,0.0,0.0
0,     12377,0,         753358906,0.0,235
1,     12379,3559,         753381140,0.0,0.0
1,     12381,3560,         753581140,0.0,0.0
1,     12383,3561,         753781144,0.0,0.0
1,     12385,3562,         753981144,0.0,0.0
0,     12387,0,         753994742,0.0,5521
0,     12389,0,         754127771,0.0,3423
1,     12391,3563,         754181144,0.0,0.0
0,     12393,0,         754245211,0.0,1454
1,     12395,3564,         754381144,0.0,0.0
0,     12397,0,         754476411,0.0,172
0,     12399,0,         754508899,0.0,5896
1,     12401,3565,         754581148,0.0,0.0
0,     12403,0,         754608470,0.0,3404
1,     12405,3566,         754781148,0.0,0.0
1,     12407,3567,         754981148,0.0,0.0
0,     12409,0,         755156430,0.0,5068
1,     12411,3568,         755181152,0.0,0.0
0,     12413,0,         755188629,0.0,5584
1,     12415,3569,         755381152,0.0,0.0
0,     12417,0,         755414473,0.0,2454
1,     12419,3570,         755581152,0.0,0.0
0,     12421,0,         755695208,0.0,6136
1,     12423,3571,         755781156,0.0,0.0
0,     12425,0,         755973168,0.0,3830
1,     12427,3572,         755981156,0.0,0.0
1,     12429,3573,         756181156,0.0,0.0
0,     12431,0,         756206961,0.0,335
1,     12433,3574,         756381156,0.0,0.0
0,     12435,0,         756424465,0.0,3676
0,     12437,0,         756539509,0.0,4072
1,     12439,3575,         756581160,0.0,0.0
0,     12441,0,         756701086,0.0,3494
0,     12443,0,         756711521,0.0,2143
1,     12445,3576,         756781160,0.0,0.0
0,     12447,0,         756842063,0.0,6175
0,     12449,0,         756877143,0.0,5258
1,     12451,3577,         756981160,0.0,0.0
0,     12453,0,         757078886,0.0,5121
1,     12455,3578,         757181164,0.0,0.0
1,     12457,3579,         757381164,0.0,0.0
1,     12459,3580,         757581164,0.0,0.0
0,     12461,0,         757647477,0.0,3217
1,     12463,3581,         757781164,0.0,0.0
1,     12465,3582,         757981168,0.0,0.0
0,     12467,0,         758086145,0.0,5790
1,     12469,3583,         758181168,0.0,0.0
0,     12471,0,         758238502,0.0,3845
0,     12473,0,         758379984,0.0,465
1,     12475,3584,         758381168,0.0,0.0
1,     12477,3585,         758581172,0.0,0.0
1,     12479,3586,         758781172,0.0,0.0
1,     12481,3587,         758981172,0.0,0.0
1,     12483,3588,         759181176,0.0,0.0
0,     12485,0,         759231797,0.0,4361
0,     12487,0,         759251404,0.0,5372
1,     12489,3589,         759381176,0.0,0.0
0,     12491,0,         759501740,0.0,3375
1,     12493,3590,         759581176,0.0,0.0
1,     12495,3591,         759781176,0.0,0.0
1,     12497,3592,         759981180,0.0,0.0
1,     12499,3593,         760181180,0.0,0.0
0,     12501,0,         760264753,0.0,4510
1,     12503,3594,         760381180,0.0,0.0
1,     12505,3595,         760581184,0.0,0.0
0,     12507,0,         760671486,0.0,4303
1,     12509,3596,         760781184,0.0,0.0
0,     12511,0,         760909619,0.0,3127
1,     12513,3597,         760981184,0.0,0.0
1,     12515,3598,         761181188,0.0,0.0
0,     12517,0,         761218811,0.0,4409
1,     12519,3599,         761381188,0.0,0.0
1,     12521,3600,         761581188,0.0,0.0
0,     12523,0,         761698812,0.0,4520
1,     12525,3601,         761781188,0.0,0.0
0,     12527,0,         761924837,0.0,2606
0,     12529,0,         761937076,0.0,1807
1,     12531,3602,         761981192,0.0,0.0
1,     12533,3603,         762181192,0.0,0.0
1,     12535,3604,         762381192,0.0,0.0
1,     12537,3605,         762581196,0.0,0.0
1,     12539,3606,         762781196,0.0,0.0
1,     12541,3607,         762981196,0.0,0.0
0,     12543,0,         763022775,0.0,878
1,     12545,3608,         763181200,0.0,0.0
1,     12547,3609,         763381200,0.0,0.0
0,     12549,0,         763416373,0.0,3685
1,     12551,3610,         763581200,0.0,0.0
1,     12553,3611,         763781200,0.0,0.0
1,     12555,3612,         763981204,0.0,0.0
1,     12557,3613,         764181204,0.0,0.0
0,     12559,0,         764257864,0.0,5193
0,     12561,0,         764293124,0.0,3840
0,     12563,0,         764376585,0.0,3727
1,     12565,3614,         764381204,0.0,0.0
0,     12567,0,         764461263,0.0,5076
0,     12569,0,         764507729,0.0,5754
0,     12570,0,         764507732,0.0,3289
1,     12572,3615,         764581208,0.0,0.0
0,     12574,0,         764757885,0.0,1384
1,     12576,3616,         764781208,0.0,0.0
0,     12578,0,         764788586,0.0,260
1,     12580,3617,         764981208,0.0,0.0
1,     12582,3618,         765181212,0.0,0.0
0,     12584,0,         765351048,0.0,4422
1,     12586,3619,         765381212,0.0,0.0
1,     12588,3620,         765581212,0.0,0.0
1,     12590,3621,         765781212,0.0,0.0
0,     12592,0,         765965582,0.0,3130
1,     12594,3622,         765981216,0.0,0.0
1,     12596,3623,         766181216,0.0,0.0
1,     12598,3624,         766381216,0.0,0.0
0,     12600,0,         766391718,0.0,4926
1,     12602,3625,         766581220,0.0,0.0
0,     12604,0,         766618032,0.0,5754
0,     12606,0,         766659479,0.0,6098
0,     12608,0,         766704740,0.0,2887
1,     12610,3626,         766781220,0.0,0.0
1,     12612,3627,         766981220,0.0,0.0
1,     12614,3628,         767181220,0.0,0.0
0,     12616,0,         767211536,0.0,3761
0,     12618,0,         767228698,0.0,227
1,     12620,3629,         767381224,0.0,0.0
1,     12622,3630,         767581224,0.0,0.0
1,     12624,3631,         767781224,0.0,0.0
1,     12626,3632,         767981228,0.0,0.0
1,     12628,3633,         768181228,0.0,0.0
1,     12630,3634,         768381228,0.0,0.0
0,     12632,0,         768435207,0.0,3784
1,     12634,3635,         768581232,0.0,0.0
1,     12636,3636,         768781232,0.0,0.0
0,     12638,0,         768900117,0.0,2827
1,     12640,3637,         768981232,0.0,0.0
0,     12642,0,         769050141,0.0,2882
0,     12644,0,         769163342,0.0,3827
1,     12646,3638,         769181232,0.0,0.0
1,     12648,3639,         769381236,0.0,0.0
1,     12650,3640,         769581236,0.0,0.0
1,     12652,3641,         769781236,0.0,0.0
1,     12654,3642,         769981240,0.0,0.0
0,     12656,0,         770174625,0.0,2446
1,     12658,3643,         770181240,0.0,0.0
0,     12660,0,         770332008,0.0,3877
1,     12662,3644,         770381240,0.0,0.0
0,     12664,0,         770551575,0.0,4539
1,     12666,3645,         770581244,0.0,0.0
0,     12668,0,         770605936,0.0,6162
1,     12670,3646,         770781244,0.0,0.0
1,     12672,3647,         770981244,0.0,0.0
1,     12674,3648,         771181244,0.0,0.0
1,     12676,3649,         771381248,0.0,0.0
1,     12678,3650,         771581248,0.0,0.0
1,     12680,3651,         771781248,0.0,0.0
0,     12682,0,         771791434,0.0,5519
0,     12684,0,         771958236,0.0,1690
1,     12686,3652,         771981252,0.0,0.0
1,     12688,3653,         772181252,0.0,0.0
0,     12690,0,         772307995,0.0,5416
1,     12692,3654,         772381252,0.0,0.0
1,     12694,3655,         772581252,0.0,0.0
0,     12696,0,         772677278,0.0,1786
1,     12698,3656,         772781256,0.0,0.0
1,     12700,3657,         772981256,0.0,0.0
0,     12702,0,         773047896,0.0,3721
1,     12704,3658,         773181256,0.0,0.0
1,     12706,3659,         773381260,0.0,0.0
1,     12708,3660,         773581260,0.0,0.0
1,     12710,3661,         773781260,0.0,0.0
0,     12712,0,         773929014,0.0,5237
0,     12714,0,         773940371,0.0,5588
1,     12716,3662,         773981264,0.0,0.0
0,     12718,0,         774134113,0.0,5793
1,     12720,3663,         774181264,0.0,0.0
0,     12722,0,         774272486,0.0,2883
1,     12724,3664,         774381264,0.0,0.0
1,     12726,3665,         774581264,0.0,0.0
1,     12728,3666,         774781268,0.0,0.0
1,     12730,3667,         774981268,0.0,0.0
0,     12732,0,         775110786,0.0,1196
1,     12734,3668,         775181268,0.0,0.0
1,     12736,3669,         775381272,0.0,0.0
0,     12738,0,         775493090,0.0,1225
1,     12740,3670,         775581272,0.0,0.0
1,     12742,3671,         775781272,0.0,0.0
0,     12744,0,         775813643,0.0,3959
0,     12746,0,         775947916,0.0,1356
1,     12748,3672,         775981276,0.0,0.0
1,     12750,3673,         776181276,0.0,0.0
0,     12752,0,         776291444,0.0,4019
1,     12754,3674,         776381276,0.0,0.0
1,     12756,3675,         776581276,0.0,0.0
1,     12758,3676,         776781280,0.0,0.0
0,     12760,0,         776885309,0.0,4306
1,     12762,3677,         776981280,0.0,0.0
0,     12764,0,         777019162,0.0,1233
0,     12766,0,         777060148,0.0,3485
1,     12768,3678,         777181280,0.0,0.0
0,     12770,0,         777200189,0.0,295
0,     12772,0,         777247512,0.0,5214
0,     12774,0,         777319829,0.0,3416
1,     12776,3679,         777381284,0.0,0.0
0,     12778,0,         777484639,0.0,1778
1,     12780,3680,         777581284,0.0,0.0
0,     12782,0,         777670673,0.0,2130
1,     12784,3681,         777781284,0.0,0.0
0,     12786,0,         777817453,0.0,1941
1,     12788,3682,         777981288,0.0,0.0
0,     12790,0,         778019187,0.0,3467
1,     12792,3683,         778181288,0.0,0.0
1,     12794,3684,         778381288,0.0,0.0
1,     12796,3685,         778581288,0.0,0.0
1,     12798,3686,         778781292,0.0,0.0
0,     12800,0,         778784127,0.0,365
1,     12802,3687,         778981292,0.0,0.0
1,     12804,3688,         779181292,0.0,0.0
0,     12806,0,         779283482,0.0,2465
1,     12808,3689,         779381296,0.0,0.0
1,     12810,3690,         779581296,0.0,0.0
0,     12812,0,         779607954,0.0,3712
0,     12814,0,         779618946,0.0,2597
1,     12816,3691,         779781296,0.0,0.0
1,     12818,3692,         779981296,0.0,0.0
1,     12820,3693,         780181300,0.0,0.0
1,     12822,3694,         780381300,0.0,0.0
0,     12824,0,         780519291,0.0,3821
1,     12826,3695,         780581300,0.0,0.0
0,     12828,0,         780623882,0.0,828
1,     12830,3696,         780781304,0.0,0.0
1,     12832,3697,         780981304,0.0,0.0
1,     12834,3698,         781181304,0.0,0.0
0,     12836,0,         781199662,0.0,4794
0,     12838,0,         781224248,0.0,1752
0,     12840,0,         781230643,0.0,4406
1,     12842,3699,         781381308,0.0,0.0
0,     12844,0,         781469468,0.0,4096
1,     12846,3700,         781581308,0.0,0.0
1,     12848,3701,         781781308,0.0,0.0
1,     12850,3702,         781981308,0.0,0.0
1,     12852,3703,         782181312,0.0,0.0
1,     12854,3704,         782381312,0.0,0.0
0,     12856,0,         782572793,0.0,3265
1,     12858,3705,         782581312,0.0,0.0
1,     12860,3706,         782781316,0.0,0.0
1,     12862,3707,         782981316,0.0,0.0
1,     12864,3708,         783181316,0.0,0.0
0,     12866,0,         783298159,0.0,2736
1,     12868,3709,         783381320,0.0,0.0
1,     12870,3710,         783581320,0.0,0.0
0,     12872,0,         783758665,0.0,3534
1,     12874,3711,         783781320,0.0,0.0
0,     12876,0,         783870489,0.0,5272
1,     12878,3712,         783981320,0.0,0.0
1,     12880,3713,         784181324,0.0,0.0
0,     12882,0,         784218695,0.0,3454
1,     12884,3714,         784381324,0.0,0.0
1,     12886,3715,         784581324,0.0,0.0
0,     12888,0,         784715550,0.0,3064
0,     12889,0,         784715618,0.0,5005
1,     12891,3716,         784781328,0.0,0.0
1,     12893,3717,         784981328,0.0,0.0
0,     12895,0,         785057537,0.0,485
0,     12897,0,         785120319,0.0,2109
1,     12899,3718,         785181328,0.0,0.0
0,     12901,0,         785322153,0.0,332
1,     12903,3719,         785381328,0.0,0.0
1,     12905,3720,         785581332,0.0,0.0
0,     12907,0,         785760153,0.0,5279
1,     12909,3721,         785781332,0.0,0.0
0,     12911,0,         785910473,0.0,3763
1,     12913,3722,         785981332,0.0,0.0
0,     12915,0,         785981669,0.0,214
1,     12917,3723,         786181336,0.0,0.0
0,     12919,0,         786233103,0.0,3321
1,     12921,3724,         786381336,0.0,0.0
1,     12923,3725,         786581336,0.0,0.0
0,     12925,0,         786767474,0.0,5315
1,     12927,3726,         786781340,0.0,0.0
1,     12929,3727,         786981340,0.0,0.0
1,     12931,3728,         787181340,0.0,0.0
0,     12933,0,         787373199,0.0,3790
1,     12935,3729,         787381340,0.0,0.0
1,     12937,3730,         787581344,0.0,0.0
1,     12939,3731,         787781344,0.0,0.0
0,     12941,0,         787789468,0.0,5543
1,     12943,3732,         787981344,0.0,0.0
1,     12945,3733,         788181348,0.0,0.0
0,     12947,0,         788225123,0.0,2847
0,     12949,0,         788353184,0.0,2705
1,     12951,3734,         788381348,0.0,0.0
0,     12953,0,         788405921,0.0,1571
1,     12955,3735,         788581348,0.0,0.0
1,     12957,3736,         788781352,0.0,0.0
1,     12959,3737,         788981352,0.0,0.0
1,     12961,3738,         789181352,0.0,0.0
1,     12963,3739,         789381352,0.0,0.0
1,     12965,3740,         789581356,0.0,0.0
1,     12967,3741,         789781356,0.0,0.0
0,     12969,0,         789905651,0.0,3805
1,     12971,3742,         789981356,0.0,0.0
0,     12973,0,         789984984,0.0,615
0,     12975,0,         789991566,0.0,726
1,     12977,3743,         790181360,0.0,0.0
0,     12979,0,         790378475,0.0,5580
1,     12981,3744,         790381360,0.0,0.0
0,     12983,0,         790382410,0.0,6127
0,     12985,0,         790543513,0.0,5147
0,     12986,0,         790543543,0.0,6221
1,     12988,3745,         790581360,0.0,0.0
1,     12990,3746,         790781364,0.0,0.0
0,     12992,0,         790788242,0.0,3313
0,     12994,0,         790842948,0.0,5633
1,     12996,3747,         790981364,0.0,0.0
0,     12998,0,         791121707,0.0,5975
1,     13000,3748,         791181364,0.0,0.0
0,     13002,0,         791270336,0.0,604
1,     13004,3749,         791381364,0.0,0.0
1,     13006,3750,         791581368,0.0,0.0
1,     13008,3751,         791781368,0.0,0.0
1,     13010,3752,         791981368,0.0,0.0
0,     13012,0,         792035365,0.0,2304
1,     13014,3753,         792181372,0.0,0.0
0,     13016,0,         792198975,0.0,1102
0,     13018,0,         792204690,0.0,491
1,     13020,3754,         792381372,0.0,0.0
1,     13022,3755,         792581372,0.0,0.0
1,     13024,3756,         792781372,0.0,0.0
1,     13026,3757,         792981376,0.0,0.0
1,     13028,3758,         793181376,0.0,0.0
1,     13030,3759,         793381376,0.0,0.0
0,     13032,0,         793422919,0.0,2465
1,     13034,3760,         793581380,0.0,0.0
0,     13036,0,         793624385,0.0,581
0,     13038,0,         793693359,0.0,82
1,     13040,3761,         793781380,0.0,0.0
0,     13042,0,         793799124,0.0,2872
0,     13044,0,         793927605,0.0,4516
1,     13046,3762,         793981380,0.0,0.0
1,     13048,3763,         794181384,0.0,0.0
0,     13050,0,         794224397,0.0,4805
1,     13052,3764,         794381384,0.0,0.0
1,     13054,3765,         794581384,0.0,0.0
0,     13056,0,         794584516,0.0,115
0,     13058,0,         794590093,0.0,213
1,     13060,3766,         794781384,0.0,0.0
1,     13062,3767,         794981388,0.0,0.0
0,     13064,0,         795078271,0.0,3455
1,     13066,3768,         795181388,0.0,0.0
0,     13068,0,         795320947,0.0,3915
1,     13070,3769,         795381388,0.0,0.0
0,     13072,0,         795390320,0.0,1251
0,     13074,0,         795534978,0.0,4699
1,     13076,3770,         795581392,0.0,0.0
0,     13078,0,         795731628,0.0,5286
1,     13080,3771,         795781392,0.0,0.0
1,     13082,3772,         795981392,0.0,0.0
0,     13084,0,         796101288,0.0,4697
1,     13086,3773,         796181396,0.0,0.0
0,     13088,0,         796379269,0.0,4030
1,     13090,3774,         796381396,0.0,0.0
1,     13092,3775,         796581396,0.0,0.0
1,     13094,3776,         796781396,0.0,0.0
1,     13096,3777,         796981400,0.0,0.0
1,     13098,3778,         797181400,0.0,0.0
0,     13100,0,         797190669,0.0,6172
1,     13102,3779,         797381400,0.0,0.0
0,     13104,0,         797448071,0.0,1971
0,     13106,0,         797488491,0.0,2173
1,     13108,3780,         797581404,0.0,0.0
1,     13110,3781,         797781404,0.0,0.0
0,     13112,0,         797809681,0.0,5854
1,     13114,3782,         797981404,0.0,0.0
1,     13116,3783,         798181404,0.0,0.0
0,     13118,0,         798237599,0.0,1529
0,     13120,0,         798294615,0.0,1397
0,     13122,0,         798315004,0.0,4828
1,     13124,3784,         798381408,0.0,0.0
0,     13126,0,         798427588,0.0,1640
1,     13128,3785,         798581408,0.0,0.0
0,     13130,0,         798616979,0.0,3919
1,     13132,3786,         798781408,0.0,0.0
1,     13134,3787,         798981412,0.0,0.0
1,     13136,3788,         799181412,0.0,0.0
0,     13138,0,         799233198,0.0,4469
1,     13140,3789,         799381412,0.0,0.0
1,     13142,3790,         799581416,0.0,0.0
0,     13144,0,         799652114,0.0,5110
1,     13146,3791,         799781416,0.0,0.0
0,     13148,0,         799911143,0.0,2001
1,     13150,3792,         799981416,0.0,0.0
0,     13152,0,         799996647,0.0,494
0,     13154,0,         800006853,0.0,4373
1,     13156,3793,         800181416,0.0,0.0
0,     13158,0,         800326163,0.0,3036
0,     13160,0,         800334361,0.0,2013
1,     13162,3794,         800381420,0.0,0.0
1,     13164,3795,         800581420,0.0,0.0
1,     13166,3796,         800781420,0.0,0.0
1,     13168,3797,         800981424,0.0,0.0
0,     13170,0,         801115858,0.0,5207
0,     13172,0,         801144970,0.0,5197
1,     13174,3798,         801181424,0.0,0.0
0,     13176,0,         801216997,0.0,1795
1,     13178,3799,         801381424,0.0,0.0
0,     13180,0,         801556318,0.0,3231
1,     13182,3800,         801581428,0.0,0.0
0,     13184,0,         801587890,0.0,43
0,     13186,0,         801700719,0.0,4399
1,     13188,3801,         801781428,0.0,0.0
0,     13190,0,         801828148,0.0,2416
0,     13192,0,         801869539,0.0,5988
0,     13194,0,         801879598,0.0,1050
1,     13196,3802,         801981428,0.0,0.0
1,     13198,3803,         802181428,0.0,0.0
1,     13200,3804,         802381432,0.0,0.0
1,     13202,3805,         802581432,0.0,0.0
1,     13204,3806,         802781432,0.0,0.0
0,     13206,0,         802889197,0.0,2797
1,     13208,3807,         802981436,0.0,0.0
1,     13210,3808,         803181436,0.0,0.0
0,     13212,0,         803338705,0.0,3656
1,     13214,3809,         803381436,0.0,0.0
1,     13216,3810,         803581440,0.0,0.0
1,     13218,3811,         803781440,0.0,0.0
1,     13220,3812,         803981440,0.0,0.0
1,     13222,3813,         804181440,0.0,0.0
0,     13224,0,         804232953,0.0,1871
0,     13226,0,         804301489,0.0,796
1,     13228,3814,         804381444,0.0,0.0
0,     13230,0,         804413262,0.0,850
0,     13232,0,         804472767,0.0,2062
0,     13234,0,         804524914,0.0,315
1,     13236,3815,         804581444,0.0,0.0
0,     13238,0,         804780297,0.0,1426
1,     13240,3816,         804781444,0.0,0.0
0,     13242,0,         804840026,0.0,345
1,     13244,3817,         804981448,0.0,0.0
1,     13246,3818,         805181448,0.0,0.0
1,     13248,3819,         805381448,0.0,0.0
1,     13250,3820,         805581448,0.0,0.0
1,     13252,3821,         805781452,0.0,0.0
1,     13254,3822,         805981452,0.0,0.0
1,     13256,3823,         806181452,0.0,0.0
0,     13258,0,         806264163,0.0,2297
1,     13260,3824,         806381456,0.0,0.0
1,     13262,3825,         806581456,0.0,0.0
1,     13264,3826,         806781456,0.0,0.0
0,     13266,0,         806953144,0.0,5576
1,     13268,3827,         806981460,0.0,0.0
0,     13270,0,         806988379,0.0,2240
0,     13272,0,         807092491,0.0,1698
1,     13274,3828,         807181460,0.0,0.0
1,     13276,3829,         807381460,0.0,0.0
1,     13278,3830,         807581460,0.0,0.0
1,     13280,3831,         807781464,0.0,0.0
0,     13282,0,         807788550,0.0,785
1,     13284,3832,         807981464,0.0,0.0
0,     13286,0,         808122090,0.0,3312
1,     13288,3833,         808181464,0.0,0.0
1,     13290,3834,         808381468,0.0,0.0
0,     13292,0,         808461595,0.0,180
1,     13294,3835,         808581468,0.0,0.0
1,     13296,3836,         808781468,0.0,0.0
1,     13298,3837,         808981472,0.0,0.0
1,     13300,3838,         809181472,0.0,0.0
1,     13302,3839,         809381472,0.0,0.0
1,     13304,3840,         809581472,0.0,0.0
0,     13306,0,         809635122,0.0,148
0,     13308,0,         809647450,0.0,4743
1,     13310,3841,         809781476,0.0,0.0
1,     13312,3842,         809981476,0.0,0.0
1,     13314,3843,         810181476,0.0,0.0
1,     13316,3844,         810381480,0.0,0.0
0,     13318,0,         810457490,0.0,1428
0,     13319,0,         810457496,0.0,4540
1,     13321,3845,         810581480,0.0,0.0
1,     13323,3846,         810781480,0.0,0.0
1,     13325,3847,         810981484,0.0,0.0
0,     13327,0,         811170651,0.0,4850
1,     13329,3848,         811181484,0.0,0.0
1,     13331,3849,         811381484,0.0,0.0
1,     13333,3850,         811581484,0.0,0.0
1,     13335,3851,         811781488,0.0,0.0
1,     13337,3852,         811981488,0.0,0.0
1,     13339,3853,         812181488,0.0,0.0
0,     13341,0,         812347570,0.0,2096
1,     13343,3854,         812381492,0.0,0.0
0,     13345,0,         812557316,0.0,592
1,     13347,3855,         812581492,0.0,0.0
0,     13349,0,         812608355,0.0,6191
1,     13351,3856,         812781492,0.0,0.0
1,     13353,3857,         812981496,0.0,0.0
0,     13355,0,         813003695,0.0,3235
0,     13357,0,         813049709,0.0,5365
1,     13359,3858,         813181496,0.0,0.0
0,     13361,0,         813199553,0.0,1948
0,     13363,0,         813253888,0.0,490
0,     13365,0,         813362263,0.0,1973
0,     13367,0,         813369510,0.0,5518
1,     13369,3859,         813381496,0.0,0.0
1,     13371,3860,         813581496,0.0,0.0
1,     13373,3861,         813781500,0.0,0.0
1,     13375,3862,         813981500,0.0,0.0
1,     13377,3863,         814181500,0.0,0.0
1,     13379,3864,         814381504,0.0,0.0
1,     13381,3865,         814581504,0.0,0.0
0,     13383,0,         814637157,0.0,3633
1,     13385,3866,         814781504,0.0,0.0
0,     13387,0,         814866993,0.0,2555
1,     13389,3867,         814981504,0.0,0.0
0,     13391,0,         815153379,0.0,4682
1,     13393,3868,         815181508,0.0,0.0
0,     13395,0,         815347010,0.0,231
0,     13397,0,         815369529,0.0,5560
1,     13399,3869,         815381508,0.0,0.0
1,     13401,3870,         815581508,0.0,0.0
0,     13403,0,         815592154,0.0,1691
1,     13405,3871,         815781512,0.0,0.0
0,     13406,0,         815781531,0.0,3414
0,     13407,0,         815781670,0.0,3197
1,     13409,3872,         815981512,0.0,0.0
0,     13411,0,         816054384,0.0,1157
1,     13413,3873,         816181512,0.0,0.0
1,     13415,3874,         816381516,0.0,0.0
0,     13417,0,         816419818,0.0,3606
0,     13419,0,         816474639,0.0,3607
0,     13421,0,         816481638,0.0,3318
1,     13423,3875,         816581516,0.0,0.0
1,     13425,3876,         816781516,0.0,0.0
0,     13427,0,         816837220,0.0,4560
1,     13429,3877,         816981516,0.0,0.0
0,     13431,0,         816991202,0.0,1389
1,     13433,3878,         817181520,0.0,0.0
0,     13435,0,         817336290,0.0,6180
1,     13437,3879,         817381520,0.0,0.0
1,     13439,3880,         817581520,0.0,0.0
0,     13441,0,         817746590,0.0,1619
1,     13443,3881,         817781524,0.0,0.0
1,     13445,3882,         817981524,0.0,0.0
1,     13447,3883,         818181524,0.0,0.0
0,     13449,0,         818213921,0.0,2957
1,     13451,3884,         818381528,0.0,0.0
1,     13453,3885,         818581528,0.0,0.0
0,     13455,0,         818717669,0.0,3340
0,     13456,0,         818717685,0.0,5575
1,     13458,3886,         818781528,0.0,0.0
1,     13460,3887,         818981528,0.0,0.0
0,     13462,0,         819103633,0.0,3426
1,     13464,3888,         819181532,0.0,0.0
0,     13466,0,         819271570,0.0,2991
1,     13468,3889,         819381532,0.0,0.0
1,     13470,3890,         819581532,0.0,0.0
1,     13472,3891,         819781536,0.0,0.0
0,     13474,0,         819824433,0.0,3567
1,     13476,3892,         819981536,0.0,0.0
1,     13478,3893,         820181536,0.0,0.0
1,     13480,3894,         820381536,0.0,0.0
1,     13482,3895,         820581540,0.0,0.0
0,     13484,0,         820683777,0.0,5130
1,     13486,3896,         820781540,0.0,0.0
1,     13488,3897,         820981540,0.0,0.0
0,     13490,0,         820985638,0.0,1796
1,     13492,3898,         821181544,0.0,0.0
1,     13494,3899,         821381544,0.0,0.0
0,     13496,0,         821506819,0.0,4156
1,     13498,3900,         821581544,0.0,0.0
1,     13500,3901,         821781548,0.0,0.0
1,     13502,3902,         821981548,0.0,0.0
0,     13504,0,         822107279,0.0,5150
1,     13506,3903,         822181548,0.0,0.0
0,     13508,0,         822183285,0.0,1012
1,     13510,3904,         822381548,0.0,0.0
0,     13512,0,         822409868,0.0,2209
0,     13514,0,         822524388,0.0,3773
0,     13515,0,         822524391,0.0,2466
1,     13517,3905,         822581552,0.0,0.0
0,     13519,0,         822645398,0.0,6108
1,     13521,3906,         822781552,0.0,0.0
1,     13523,3907,         822981552,0.0,0.0
1,     13525,3908,         823181556,0.0,0.0
1,     13527,3909,         823381556,0.0,0.0
1,     13529,3910,         823581556,0.0,0.0
1,     13531,3911,         823781560,0.0,0.0
0,     13533,0,         823785605,0.0,1249
0,     13535,0,         823846683,0.0,4038
0,     13537,0,         823900118,0.0,4523
1,     13539,3912,         823981560,0.0,0.0
1,     13541,3913,         824181560,0.0,0.0
0,     13543,0,         824231853,0.0,4602
1,     13545,3914,         824381560,0.0,0.0
1,     13547,3915,         824581564,0.0,0.0
0,     13549,0,         824601700,0.0,29
0,     13551,0,         824740125,0.0,563
1,     13553,3916,         824781564,0.0,0.0
0,     13555,0,         824837323,0.0,3006
1,     13557,3917,         824981564,0.0,0.0
0,     13559,0,         825025394,0.0,4419
1,     13561,3918,         825181568,0.0,0.0
0,     13563,0,         825199153,0.0,3748
0,     13565,0,         825205537,0.0,3601
1,     13567,3919,         825381568,0.0,0.0
1,     13569,3920,         825581568,0.0,0.0
0,     13571,0,         825706639,0.0,2452
1,     13573,3921,         825781572,0.0,0.0
1,     13575,3922,         825981572,0.0,0.0
0,     13577,0,         826170293,0.0,1378
0,     13579,0,         826170608,0.0,3128
1,     13581,3923,         826181572,0.0,0.0
1,     13583,3924,         826381572,0.0,0.0
0,     13585,0,         826386432,0.0,5837
0,     13587,0,         826430769,0.0,2102
0,     13589,0,         826489281,0.0,2051
1,     13591,3925,         826581576,0.0,0.0
1,     13593,3926,         826781576,0.0,0.0
0,     13595,0,         826821370,0.0,3514
0,     13597,0,         826838753,0.0,2918
0,     13599,0,         826859144,0.0,5975
0,     13601,0,         826864410,0.0,2894
1,     13603,3927,         826981576,0.0,0.0
1,     13605,3928,         827181580,0.0,0.0
0,     13607,0,         827306203,0.0,3972
1,     13609,3929,         827381580,0.0,0.0
1,     13611,3930,         827581580,0.0,0.0
0,     13613,0,         827591852,0.0,4117
1,     13615,3931,         827781580,0.0,0.0
1,     13617,3932,         827981584,0.0,0.0
1,     13619,3933,         828181584,0.0,0.0
0,     13621,0,         828339003,0.0,1832
0,     13623,0,         828354027,0.0,4578
1,     13625,3934,         828381584,0.0,0.0
1,     13627,3935,         828581588,0.0,0.0
1,     13629,3936,         828781588,0.0,0.0
0,     13631,0,         828835702,0.0,2239
1,     13633,3937,         828981588,0.0,0.0
0,     13635,0,         829097829,0.0,3474
1,     13637,3938,         829181592,0.0,0.0
0,     13639,0,         829377865,0.0,736
1,     13641,3939,         829381592,0.0,0.0
1,     13643,3940,         829581592,0.0,0.0
0,     13645,0,         829664421,0.0,2148
0,     13647,0,         829734674,0.0,3909
1,     13649,3941,         829781592,0.0,0.0
1,     13651,3942,         829981596,0.0,0.0
0,     13653,0,         830153332,0.0,2021
1,     13655,3943,         830181596,0.0,0.0
0,     13657,0,         830350763,0.0,3724
1,     13659,3944,         830381596,0.0,0.0
0,     13661,0,         830452308,0.0,2368
0,     13663,0,         830491886,0.0,2226
1,     13665,3945,         830581600,0.0,0.0
0,     13667,0,         830714608,0.0,5873
1,     13669,3946,         830781600,0.0,0.0
0,     13671,0,         830897292,0.0,3120
1,     13673,3947,         830981600,0.0,0.0
0,     13675,0,         831089476,0.0,2332
0,     13677,0,         831103826,0.0,3035
1,     13679,3948,         831181604,0.0,0.0
1,     13681,3949,         831381604,0.0,0.0
0,     13683,0,         831466951,0.0,2526
1,     13685,3950,         831581604,0.0,0.0
0,     13687,0,         831664956,0.0,683
1,     13689,3951,         831781604,0.0,0.0
1,     13691,3952,         831981608,0.0,0.0
1,     13693,3953,         832181608,0.0,0.0
0,     13695,0,         832252459,0.0,4782
0,     13696,0,         832252596,0.0,2079
0,     13698,0,         832323949,0.0,404
0,     13700,0,         832348668,0.0,1218
1,     13702,3954,         832381608,0.0,0.0
0,     13704,0,         832436613,0.0,4907
0,     13706,0,         832483615,0.0,5903
1,     13708,3955,         832581612,0.0,0.0
1,     13710,3956,         832781612,0.0,0.0
0,     13712,0,         832928012,0.0,983
1,     13714,3957,         832981612,0.0,0.0
0,     13716,0,         833080810,0.0,6036
1,     13718,3958,         833181616,0.0,0.0
0,     13720,0,         833184810,0.0,5571
1,     13722,3959,         833381616,0.0,0.0
0,     13724,0,         833402114,0.0,5435
0,     13726,0,         833577733,0.0,4053
1,     13728,3960,         833581616,0.0,0.0
1,     13730,3961,         833781616,0.0,0.0
1,     13732,3962,         833981620,0.0,0.0
1,     13734,3963,         834181620,0.0,0.0
0,     13736,0,         834299419,0.0,2026
1,     13738,3964,         834381620,0.0,0.0
0,     13740,0,         834415030,0.0,5150
1,     13742,3965,         834581624,0.0,0.0
0,     13744,0,         834656403,0.0,704
0,     13746,0,         834677311,0.0,3688
0,     13748,0,         834745032,0.0,6056
1,     13750,3966,         834781624,0.0,0.0
1,     13752,3967,         834981624,0.0,0.0
0,     13754,0,         835107040,0.0,4882
1,     13756,3968,         835181624,0.0,0.0
1,     13758,3969,         835381628,0.0,0.0
0,     13760,0,         835408812,0.0,3183
1,     13762,3970,         835581628,0.0,0.0
1,     13764,3971,         835781628,0.0,0.0
0,     13766,0,         835852979,0.0,1387
0,     13768,0,         835859023,0.0,2308
1,     13770,3972,         835981632,0.0,0.0
1,     13772,3973,         836181632,0.0,0.0
1,     13774,3974,         836381632,0.0,0.0
0,     13776,0,         836400436,0.0,2992
1,     13778,3975,         836581636,0.0,0.0
1,     13780,3976,         836781636,0.0,0.0
1,     13782,3977,         836981636,0.0,0.0
0,     13784,0,         837021090,0.0,4872
0,     13786,0,         837109560,0.0,1373
1,     13788,3978,         837181636,0.0,0.0
1,     13790,3979,         837381640,0.0,0.0
0,     13792,0,         837486311,0.0,3433
1,     13794,3980,         837581640,0.0,0.0
1,     13796,3981,         837781640,0.0,0.0
0,     13798,0,         837805690,0.0,3054
0,     13800,0,         837877377,0.0,4127
1,     13802,3982,         837981644,0.0,0.0
0,     13804,0,         838110113,0.0,1423
1,     13806,3983,         838181644,0.0,0.0
0,     13808,0,         838307982,0.0,108
1,     13810,3984,         838381644,0.0,0.0
1,     13812,3985,         838581648,0.0,0.0
1,     13814,3986,         838781648,0.0,0.0
0,     13816,0,         838834402,0.0,5000
0,     13818,0,         838909469,0.0,1057
1,     13820,3987,         838981648,0.0,0.0
1,     13822,3988,         839181648,0.0,0.0
0,     13824,0,         839187059,0.0,4719
1,     13826,3989,         839381652,0.0,0.0
0,     13828,0,         839490710,0.0,3502
1,     13830,3990,         839581652,0.0,0.0
0,     13832,0,         839774298,0.0,3106
1,     13834,3991,         839781652,0.0,0.0
1,     13836,3992,         839981656,0.0,0.0
1,     13838,3993,         840181656,0.0,0.0
0,     13840,0,         840213494,0.0,2481
1,     13842,3994,         840381656,0.0,0.0
0,     13844,0,         840402381,0.0,5225
1,     13846,3995,         840581656,0.0,0.0
1,     13848,3996,         840781660,0.0,0.0
0,     13850,0,         840791544,0.0,2327
1,     13852,3997,         840981660,0.0,0.0
1,     13854,3998,         841181660,0.0,0.0
0,     13856,0,         841254764,0.0,214
1,     13858,3999,         841381664,0.0,0.0
0,     13860,0,         841489765,0.0,5136
1,     13862,4000,         841581664,0.0,0.0
0,     13864,0,         841641519,0.0,1480
1,     13866,4001,         841781664,0.0,0.0
1,     13868,4002,         841981668,0.0,0.0
1,     13870,4003,         842181668,0.0,0.0
1,     13872,4004,         842381668,0.0,0.0
1,     13874,4005,         842581668,0.0,0.0
1,     13876,4006,         842781672,0.0,0.0
0,     13878,0,         842816003,0.0,5624
0,     13880,0,         842821292,0.0,3505
1,     13882,4007,         842981672,0.0,0.0
1,     13884,4008,         843181672,0.0,0.0
0,     13886,0,         843341230,0.0,86
1,     13888,4009,         843381676,0.0,0.0
1,     13890,4010,         843581676,0.0,0.0
0,     13892,0,         843631752,0.0,1662
0,     13893,0,         843631855,0.0,5197
1,     13895,4011,         843781676,0.0,0.0
0,     13897,0,         843855755,0.0,2532
0,     13899,0,         843934798,0.0,2754
1,     13901,4012,         843981680,0.0,0.0
1,     13903,4013,         844181680,0.0,0.0
1,     13905,4014,         844381680,0.0,0.0
1,     13907,4015,         844581680,0.0,0.0
0,     13909,0,         844590686,0.0,744
1,     13911,4016,         844781684,0.0,0.0
0,     13913,0,         844828764,0.0,3111
1,     13915,4017,         844981684,0.0,0.0
1,     13917,4018,         845181684,0.0,0.0
1,     13919,4019,         845381688,0.0,0.0
1,     13921,4020,         845581688,0.0,0.0
1,     13923,4021,         845781688,0.0,0.0
1,     13925,4022,         845981692,0.0,0.0
0,     13927,0,         846005626,0.0,725
1,     13929,4023,         846181692,0.0,0.0
0,     13931,0,         846272879,0.0,1699
1,     13933,4024,         846381692,0.0,0.0
1,     13935,4025,         846581692,0.0,0.0
1,     13937,4026,         846781696,0.0,0.0
1,     13939,4027,         846981696,0.0,0.0
1,     13941,4028,         847181696,0.0,0.0
0,     13943,0,         847301211,0.0,3947
0,     13944,0,         847301367,0.0,3641
1,     13946,4029,         847381700,0.0,0.0
1,     13948,4030,         847581700,0.0,0.0
1,     13950,4031,         847781700,0.0,0.0
1,     13952,4032,         847981700,0.0,0.0
1,     13954,4033,         848181704,0.0,0.0
1,     13956,4034,         848381704,0.0,0.0
1,     13958,4035,         848581704,0.0,0.0
1,     13960,4036,         848781708,0.0,0.0
1,     13962,4037,         848981708,0.0,0.0
0,     13964,0,         849158373,0.0,5126
1,     13966,4038,         849181708,0.0,0.0
0,     13968,0,         849282133,0.0,5179
0,     13970,0,         849339401,0.0,1053
1,     13972,4039,         849381712,0.0,0.0
0,     13974,0,         849423262,0.0,6173
1,     13976,4040,         849581712,0.0,0.0
0,     13978,0,         849671809,0.0,677
1,     13980,4041,         849781712,0.0,0.0
0,     13982,0,         849866721,0.0,831
1,     13984,4042,         849981712,0.0,0.0
0,     13986,0,         850019698,0.0,5255
0,     13988,0,         850039325,0.0,3558
0,     13990,0,         850098192,0.0,2124
1,     13992,4043,         850181716,0.0,0.0
1,     13994,4044,         850381716,0.0,0.0
1,     13996,4045,         850581716,0.0,0.0
0,     13998,0,         850718647,0.0,567
1,     14000,4046,         850781720,0.0,0.0
1,     14002,4047,         850981720,0.0,0.0
0,     14004,0,         851028258,0.0,2541
0,     14006,0,         851064467,0.0,6243
1,     14008,4048,         851181720,0.0,0.0
0,     14009,0,         851182153,0.0,3218
0,     14011,0,         851265149,0.0,542
1,     14013,4049,         851381724,0.0,0.0
1,     14015,4050,         851581724,0.0,0.0
0,     14017,0,         851746830,0.0,4348
0,     14019,0,         851777177,0.0,254
1,     14021,4051,         851781724,0.0,0.0
0,     14023,0,         851816284,0.0,180
0,     14025,0,         851950688,0.0,5927
1,     14027,4052,         851981724,0.0,0.0
0,     14029,0,         851988456,0.0,3805
1,     14031,4053,         852181728,0.0,0.0
0,     14033,0,         852234673,0.0,4993
0,     14035,0,         852379709,0.0,336
1,     14037,4054,         852381728,0.0,0.0
0,     14039,0,         852475791,0.0,4605
0,     14041,0,         852581002,0.0,915
1,     14043,4055,         852581728,0.0,0.0
0,     14045,0,         852705116,0.0,573
1,     14047,4056,         852781732,0.0,0.0
1,     14049,4057,         852981732,0.0,0.0
0,     14051,0,         853114823,0.0,3955
1,     14053,4058,         853181732,0.0,0.0
0,     14055,0,         853289462,0.0,86
1,     14057,4059,         853381736,0.0,0.0
0,     14059,0,         853473353,0.0,249
1,     14061,4060,         853581736,0.0,0.0
0,     14063,0,         853585316,0.0,4119
1,     14065,4061,         853781736,0.0,0.0
0,     14067,0,         853880760,0.0,4194
0,     14069,0,         853915427,0.0,1613
1,     14071,4062,         853981736,0.0,0.0
0,     14073,0,         854155952,0.0,717
1,     14075,4063,         854181740,0.0,0.0
0,     14077,0,         854208225,0.0,542
1,     14079,4064,         854381740,0.0,0.0
1,     14081,4065,         854581740,0.0,0.0
1,     14083,4066,         854781744,0.0,0.0
0,     14085,0,         854863037,0.0,4516
1,     14087,4067,         854981744,0.0,0.0
1,     14089,4068,         855181744,0.0,0.0
0,     14091,0,         855192181,0.0,4955
0,     14092,0,         855192183,0.0,6177
1,     14094,4069,         855381744,0.0,0.0
0,     14096,0,         855437532,0.0,4554
1,     14098,4070,         855581748,0.0,0.0
1,     14100,4071,         855781748,0.0,0.0
1,     14102,4072,         855981748,0.0,0.0
1,     14104,4073,         856181752,0.0,0.0
1,     14106,4074,         856381752,0.0,0.0
0,     14108,0,         856581712,0.0,2985
1,     14109,4075,         856581752,0.0,0.0
0,     14111,0,         856701499,0.0,4012
1,     14113,4076,         856781756,0.0,0.0
0,     14115,0,         856848551,0.0,329
0,     14117,0,         856924692,0.0,3648
0,     14119,0,         856937046,0.0,2760
0,     14121,0,         856954965,0.0,4921
1,     14123,4077,         856981756,0.0,0.0
0,     14125,0,         857139755,0.0,3052
1,     14127,4078,         857181756,0.0,0.0
1,     14129,4079,         857381756,0.0,0.0
0,     14131,0,         857516482,0.0,3177
1,     14133,4080,         857581760,0.0,0.0
0,     14135,0,         857619079,0.0,5972
1,     14137,4081,         857781760,0.0,0.0
0,     14139,0,         857912841,0.0,3717
1,     14141,4082,         857981760,0.0,0.0
0,     14143,0,         858065809,0.0,3084
1,     14145,4083,         858181764,0.0,0.0
1,     14147,4084,         858381764,0.0,0.0
1,     14149,4085,         858581764,0.0,0.0
1,     14151,4086,         858781768,0.0,0.0
0,     14153,0,         858833468,0.0,3074
0,     14155,0,         858893037,0.0,5988
0,     14157,0,         858910828,0.0,6233
1,     14159,4087,         858981768,0.0,0.0
1,     14161,4088,         859181768,0.0,0.0
0,     14163,0,         859183296,0.0,5521
1,     14165,4089,         859381768,0.0,0.0
1,     14167,4090,         859581772,0.0,0.0
0,     14168,0,         859581796,0.0,1596
0,     14170,0,         859636151,0.0,1780
0,     14172,0,         859742440,0.0,1293
1,     14174,4091,         859781772,0.0,0.0
0,     14176,0,         859889960,0.0,2844
1,     14178,4092,         859981772,0.0,0.0
1,     14180,4093,         860181776,0.0,0.0
0,     14182,0,         860271344,0.0,3819
0,     14184,0,         860375351,0.0,1270
1,     14186,4094,         860381776,0.0,0.0
1,     14188,4095,         860581776,0.0,0.0
0,     14190,0,         860612783,0.0,95
0,     14192,0,         860650592,0.0,3335
0,     14193,0,         860651026,0.0,2206
1,     14195,4096,         860781776,0.0,0.0
1,     14197,4097,         860981780,0.0,0.0
1,     14199,4098,         861181780,0.0,0.0
1,     14201,4099,         861381780,0.0,0.0
0,     14203,0,         861436924,0.0,2295
0,     14205,0,         861523544,0.0,3180
1,     14207,4100,         861581784,0.0,0.0
0,     14209,0,         861770983,0.0,1672
1,     14211,4101,         861781784,0.0,0.0
0,     14213,0,         861972022,0.0,3561
1,     14215,4102,         861981784,0.0,0.0
0,     14217,0,         862095122,0.0,1080
1,     14219,4103,         862181788,0.0,0.0
0,     14221,0,         862273168,0.0,3328
0,     14223,0,         862285868,0.0,3662
0,     14225,0,         862367910,0.0,3555
1,     14227,4104,         862381788,0.0,0.0
1,     14229,4105,         862581788,0.0,0.0
0,     14231,0,         862587180,0.0,5842
1,     14233,4106,         862781788,0.0,0.0
1,     14235,4107,         862981792,0.0,0.0
0,     14237,0,         863072759,0.0,1391
0,     14239,0,         863103495,0.0,4264
1,     14241,4108,         863181792,0.0,0.0
0,     14243,0,         863214853,0.0,4719
1,     14245,4109,         863381792,0.0,0.0
1,     14247,4110,         863581796,0.0,0.0
1,     14249,4111,         863781796,0.0,0.0
0,     14251,0,         863921604,0.0,476
1,     14253,4112,         863981796,0.0,0.0
1,     14255,4113,         864181800,0.0,0.0
0,     14257,0,         864281946,0.0,6113
1,     14259,4114,         864381800,0.0,0.0
0,     14261,0,         864388896,0.0,1408
0,     14262,0,         864388898,0.0,5482
0,     14264,0,         864406950,0.0,835
0,     14266,0,         864554341,0.0,1593
1,     14268,4115,         864581800,0.0,0.0
1,     14270,4116,         864781800,0.0,0.0
1,     14272,4117,         864981804,0.0,0.0
1,     14274,4118,         865181804,0.0,0.0
0,     14276,0,         865258401,0.0,4392
1,     14278,4119,         865381804,0.0,0.0
1,     14280,4120,         865581808,0.0,0.0
1,     14282,4121,         865781808,0.0,0.0
0,     14284,0,         865789733,0.0,5695
1,     14286,4122,         865981808,0.0,0.0
1,     14288,4123,         866181812,0.0,0.0
0,     14290,0,         866335958,0.0,1718
1,     14292,4124,         866381812,0.0,0.0
1,     14294,4125,         866581812,0.0,0.0
0,     14296,0,         866774625,0.0,5508
1,     14298,4126,         866781812,0.0,0.0
0,     14300,0,         866783823,0.0,3424
1,     14302,4127,         866981816,0.0,0.0
1,     14304,4128,         867181816,0.0,0.0
1,     14306,4129,         867381816,0.0,0.0
0,     14308,0,         867442333,0.0,2008
0,     14309,0,         867442400,0.0,2576
0,     14311,0,         867447806,0.0,3651
1,     14313,4130,         867581820,0.0,0.0
1,     14315,4131,         867781820,0.0,0.0
0,     14317,0,         867921700,0.0,3768
1,     14319,4132,         867981820,0.0,0.0
1,     14321,4133,         868181824,0.0,0.0
0,     14323,0,         868263570,0.0,5554
1,     14325,4134,         868381824,0.0,0.0
0,     14327,0,         868563365,0.0,3336
1,     14329,4135,         868581824,0.0,0.0
0,     14331,0,         868640146,0.0,2524
0,     14333,0,         868686943,0.0,3286
1,     14335,4136,         868781824,0.0,0.0
0,     14337,0,         868961814,0.0,196
1,     14339,4137,         868981828,0.0,0.0
1,     14341,4138,         869181828,0.0,0.0
1,     14343,4139,         869381828,0.0,0.0
1,     14345,4140,         869581832,0.0,0.0
1,     14347,4141,         869781832,0.0,0.0
0,     14349,0,         869906167,0.0,5470
1,     14351,4142,         869981832,0.0,0.0
0,     14353,0,         870099356,0.0,2992
1,     14355,4143,         870181832,0.0,0.0
1,     14357,4144,         870381836,0.0,0.0
0,     14359,0,         870502894,0.0,1991
1,     14361,4145,         870581836,0.0,0.0
0,     14363,0,         870585793,0.0,1329
1,     14365,4146,         870781836,0.0,0.0
0,     14367,0,         870864065,0.0,5675
1,     14369,4147,         870981840,0.0,0.0
1,     14371,4148,         871181840,0.0,0.0
1,     14373,4149,         871381840,0.0,0.0
1,     14375,4150,         871581844,0.0,0.0
1,     14377,4151,         871781844,0.0,0.0
1,     14379,4152,         871981844,0.0,0.0
1,     14381,4153,         872181844,0.0,0.0
1,     14383,4154,         872381848,0.0,0.0
1,     14385,4155,         872581848,0.0,0.0
0,     14387,0,         872602914,0.0,5430
0,     14389,0,         872769235,0.0,2259
1,     14391,4156,         872781848,0.0,0.0
1,     14393,4157,         872981852,0.0,0.0
0,     14395,0,         873102827,0.0,2754
1,     14397,4158,         873181852,0.0,0.0
0,     14399,0,         873270702,0.0,4667
1,     14401,4159,         873381852,0.0,0.0
0,     14403,0,         873560485,0.0,3450
1,     14405,4160,         873581856,0.0,0.0
0,     14407,0,         873778260,0.0,3208
1,     14409,4161,         873781856,0.0,0.0
1,     14411,4162,         873981856,0.0,0.0
0,     14413,0,         874152541,0.0,2421
1,     14415,4163,         874181856,0.0,0.0
1,     14417,4164,         874381860,0.0,0.0
1,     14419,4165,         874581860,0.0,0.0
1,     14421,4166,         874781860,0.0,0.0
0,     14423,0,         874811227,0.0,2975
1,     14425,4167,         874981864,0.0,0.0
1,     14427,4168,         875181864,0.0,0.0
0,     14429,0,         875277757,0.0,5233
1,     14431,4169,         875381864,0.0,0.0
0,     14433,0,         875447342,0.0,4063
0,     14435,0,         875459283,0.0,3749
1,     14437,4170,         875581864,0.0,0.0
0,     14439,0,         875639605,0.0,1458
1,     14441,4171,         875781868,0.0,0.0
1,     14443,4172,         875981868,0.0,0.0
1,     14445,4173,         876181868,0.0,0.0
0,     14447,0,         876292834,0.0,5903
1,     14449,4174,         876381872,0.0,0.0
1,     14451,4175,         876581872,0.0,0.0
0,     14453,0,         876680035,0.0,1792
1,     14455,4176,         876781872,0.0,0.0
0,     14457,0,         876824112,0.0,502
1,     14459,4177,         876981876,0.0,0.0
1,     14461,4178,         877181876,0.0,0.0
1,     14463,4179,         877381876,0.0,0.0
1,     14465,4180,         877581876,0.0,0.0
1,     14467,4181,         877781880,0.0,0.0
1,     14469,4182,         877981880,0.0,0.0
0,     14471,0,         878104908,0.0,73
1,     14473,4183,         878181880,0.0,0.0
1,     14475,4184,         878381884,0.0,0.0
1,     14477,4185,         878581884,0.0,0.0
0,     14479,0,         878666576,0.0,2160
0,     14481,0,         878738552,0.0,962
1,     14483,4186,         878781884,0.0,0.0
0,     14485,0,         878903030,0.0,5103
1,     14487,4187,         878981888,0.0,0.0
0,     14489,0,         879157363,0.0,5280
0,     14491,0,         879172165,0.0,1906
1,     14493,4188,         879181888,0.0,0.0
1,     14495,4189,         879381888,0.0,0.0
1,     14497,4190,         879581888,0.0,0.0
0,     14499,0,         879705739,0.0,5980
0,     14501,0,         879727994,0.0,1213
1,     14503,4191,         879781892,0.0,0.0
1,     14505,4192,         879981892,0.0,0.0
0,     14507,0,         879983294,0.0,2497
1,     14509,4193,         880181892,0.0,0.0
0,     14511,0,         880252087,0.0,5097
1,     14513,4194,         880381896,0.0,0.0
1,     14515,4195,         880581896,0.0,0.0
0,     14517,0,         880724976,0.0,5631
1,     14519,4196,         880781896,0.0,0.0
0,     14521,0,         880819338,0.0,329
1,     14523,4197,         880981900,0.0,0.0
0,     14525,0,         881158274,0.0,5407
1,     14527,4198,         881181900,0.0,0.0
0,     14529,0,         881270643,0.0,3754
0,     14531,0,         881283821,0.0,2973
1,     14533,4199,         881381900,0.0,0.0
1,     14535,4200,         881581900,0.0,0.0
1,     14537,4201,         881781904,0.0,0.0
0,     14539,0,         881816390,0.0,5656
0,     14541,0,         881911873,0.0,1913
1,     14543,4202,         881981904,0.0,0.0
1,     14545,4203,         882181904,0.0,0.0
0,     14547,0,         882220170,0.0,5550
1,     14549,4204,         882381908,0.0,0.0
1,     14551,4205,         882581908,0.0,0.0
1,     14553,4206,         882781908,0.0,0.0
0,     14555,0,         882819572,0.0,5898
1,     14557,4207,         882981908,0.0,0.0
0,     14559,0,         883077405,0.0,1624
1,     14561,4208,         883181912,0.0,0.0
1,     14563,4209,         883381912,0.0,0.0
0,     14565,0,         883473817,0.0,5127
1,     14567,4210,         883581912,0.0,0.0
1,     14569,4211,         883781916,0.0,0.0
1,     14571,4212,         883981916,0.0,0.0
0,     14573,0,         884103880,0.0,3498
1,     14575,4213,         884181916,0.0,0.0
1,     14577,4214,         884381920,0.0,0.0
0,     14579,0,         884546138,0.0,796
1,     14581,4215,         884581920,0.0,0.0
1,     14583,4216,         884781920,0.0,0.0
1,     14585,4217,         884981920,0.0,0.0
1,     14587,4218,         885181924,0.0,0.0
0,     14589,0,         885261679,0.0,5934
0,     14591,0,         885291479,0.0,4630
1,     14593,4219,         885381924,0.0,0.0
0,     14595,0,         885426906,0.0,1028
1,     14597,4220,         885581924,0.0,0.0
0,     14599,0,         885714069,0.0,3407
1,     14601,4221,         885781928,0.0,0.0
1,     14603,4222,         885981928,0.0,0.0
0,     14605,0,         886150262,0.0,4206
1,     14607,4223,         886181928,0.0,0.0
0,     14609,0,         886232541,0.0,3628
1,     14611,4224,         886381932,0.0,0.0
0,     14613,0,         886452865,0.0,6204
1,     14615,4225,         886581932,0.0,0.0
1,     14617,4226,         886781932,0.0,0.0
0,     14619,0,         886810027,0.0,553
0,     14621,0,         886969496,0.0,931
1,     14623,4227,         886981932,0.0,0.0
0,     14625,0,         887117355,0.0,3263
1,     14627,4228,         887181936,0.0,0.0
0,     14629,0,         887203352,0.0,478
1,     14631,4229,         887381936,0.0,0.0
1,     14633,4230,         887581936,0.0,0.0
0,     14635,0,         887599972,0.0,502
0,     14637,0,         887621208,0.0,5252
0,     14639,0,         887633615,0.0,3280
1,     14641,4231,         887781940,0.0,0.0
1,     14643,4232,         887981940,0.0,0.0
1,     14645,4233,         888181940,0.0,0.0
1,     14647,4234,         888381940,0.0,0.0
0,     14649,0,         888547424,0.0,3349
1,     14651,4235,         888581944,0.0,0.0
0,     14653,0,         888602922,0.0,6215
1,     14655,4236,         888781944,0.0,0.0
1,     14657,4237,         888981944,0.0,0.0
0,     14659,0,         889031630,0.0,4483
1,     14661,4238,         889181948,0.0,0.0
1,     14663,4239,         889381948,0.0,0.0
0,     14665,0,         889456632,0.0,3898
1,     14667,4240,         889581948,0.0,0.0
0,     14669,0,         889610132,0.0,1086
0,     14671,0,         889629493,0.0,2034
0,     14673,0,         889730265,0.0,3052
0,     14675,0,         889754411,0.0,88
1,     14677,4241,         889781952,0.0,0.0
1,     14679,4242,         889981952,0.0,0.0
0,     14681,0,         890061168,0.0,3922
1,     14683,4243,         890181952,0.0,0.0
0,     14685,0,         890252867,0.0,1777
0,     14687,0,         890285426,0.0,200
1,     14689,4244,         890381952,0.0,0.0
1,     14691,4245,         890581956,0.0,0.0
1,     14693,4246,         890781956,0.0,0.0
0,     14695,0,         890843828,0.0,2628
1,     14697,4247,         890981956,0.0,0.0
1,     14699,4248,         891181960,0.0,0.0
1,     14701,4249,         891381960,0.0,0.0
0,     14703,0,         891561592,0.0,4205
1,     14705,4250,         891581960,0.0,0.0
1,     14707,4251,         891781964,0.0,0.0
1,     14709,4252,         891981964,0.0,0.0
1,     14711,4253,         892181964,0.0,0.0
0,     14713,0,         892311248,0.0,541
0,     14715,0,         892357232,0.0,2934
1,     14717,4254,         892381964,0.0,0.0
0,     14719,0,         892462887,0.0,1221
1,     14721,4255,         892581968,0.0,0.0
0,     14723,0,         892676231,0.0,4563
0,     14724,0,         892676233,0.0,4807
1,     14726,4256,         892781968,0.0,0.0
1,     14728,4257,         892981968,0.0,0.0
1,     14730,4258,         893181972,0.0,0.0
0,     14732,0,         893278757,0.0,5852
1,     14734,4259,         893381972,0.0,0.0
0,     14736,0,         893538022,0.0,5075
0,     14738,0,         893565721,0.0,6162
1,     14740,4260,         893581972,0.0,0.0
0,     14742,0,         893621732,0.0,3513
1,     14744,4261,         893781976,0.0,0.0
0,     14746,0,         893901071,0.0,5459
1,     14748,4262,         893981976,0.0,0.0
1,     14750,4263,         894181976,0.0,0.0
0,     14752,0,         894275398,0.0,2887
0,     14754,0,         894317875,0.0,4914
1,     14756,4264,         894381976,0.0,0.0
0,     14758,0,         894450189,0.0,5555
1,     14760,4265,         894581980,0.0,0.0
1,     14762,4266,         894781980,0.0,0.0
0,     14764,0,         894966291,0.0,71
1,     14766,4267,         894981980,0.0,0.0
0,     14768,0,         895043167,0.0,2995
1,     14770,4268,         895181984,0.0,0.0
1,     14772,4269,         895381984,0.0,0.0
0,     14774,0,         895547325,0.0,3737
1,     14776,4270,         895581984,0.0,0.0
0,     14778,0,         895683342,0.0,4622
0,     14780,0,         895712324,0.0,2162
1,     14782,4271,         895781988,0.0,0.0
0,     14784,0,         895889854,0.0,5246
1,     14786,4272,         895981988,0.0,0.0
1,     14788,4273,         896181988,0.0,0.0
0,     14790,0,         896198396,0.0,2926
0,     14792,0,         896278520,0.0,1574
0,     14794,0,         896310547,0.0,4585
1,     14796,4274,         896381988,0.0,0.0
0,     14798,0,         896399407,0.0,3855
0,     14800,0,         896512394,0.0,3376
1,     14802,4275,         896581992,0.0,0.0
1,     14804,4276,         896781992,0.0,0.0
0,     14806,0,         896784918,0.0,3091
0,     14808,0,         896838291,0.0,3982
1,     14810,4277,         896981992,0.0,0.0
0,     14812,0,         897046749,0.0,4178
1,     14814,4278,         897181996,0.0,0.0
1,     14816,4279,         897381996,0.0,0.0
1,     14818,4280,         897581996,0.0,0.0
1,     14820,4281,         897781996,0.0,0.0
0,     14822,0,         897941994,0.0,5060
1,     14824,4282,         897982000,0.0,0.0
1,     14826,4283,         898182000,0.0,0.0
1,     14828,4284,         898382000,0.0,0.0
1,     14830,4285,         898582004,0.0,0.0
1,     14832,4286,         898782004,0.0,0.0
0,     14834,0,         898968321,0.0,355
1,     14836,4287,         898982004,0.0,0.0
1,     14838,4288,         899182008,0.0,0.0
0,     14840,0,         899360367,0.0,4180
1,     14842,4289,         899382008,0.0,0.0
0,     14844,0,         899490147,0.0,61
1,     14846,4290,         899582008,0.0,0.0
1,     14848,4291,         899782008,0.0,0.0
1,     14850,4292,         899982012,0.0,0.0
1,     14852,4293,         900182012,0.0,0.0
1,     14854,4294,         900382012,0.0,0.0
1,     14856,4295,         900582016,0.0,0.0
1,     14858,4296,         900782016,0.0,0.0
1,     14860,4297,         900982016,0.0,0.0
1,     14862,4298,         901182020,0.0,0.0
1,     14864,4299,         901382020,0.0,0.0
1,     14866,4300,         901582020,0.0,0.0
0,     14868,0,         901584341,0.0,6059
1,     14870,4301,         901782020,0.0,0.0
0,     14872,0,         901868360,0.0,5258
1,     14874,4302,         901982024,0.0,0.0
1,     14876,4303,         902182024,0.0,0.0
1,     14878,4304,         902382024,0.0,0.0
1,     14880,4305,         902582028,0.0,0.0
0,     14882,0,         902746092,0.0,1969
1,     14884,4306,         902782028,0.0,0.0
1,     14886,4307,         902982028,0.0,0.0
1,     14888,4308,         903182032,0.0,0.0
0,     14890,0,         903226943,0.0,3140
0,     14892,0,         903290382,0.0,3948
1,     14894,4309,         903382032,0.0,0.0
1,     14896,4310,         903582032,0.0,0.0
0,     14898,0,         903606792,0.0,2342
1,     14900,4311,         903782032,0.0,0.0
0,     14902,0,         903901537,0.0,3384
1,     14904,4312,         903982036,0.0,0.0
0,     14906,0,         904074482,0.0,6100
1,     14908,4313,         904182036,0.0,0.0
0,     14910,0,         904187348,0.0,5567
1,     14912,4314,         904382036,0.0,0.0
0,     14914,0,         904463884,0.0,1500
1,     14916,4315,         904582040,0.0,0.0
0,     14918,0,         904584447,0.0,6074
0,     14920,0,         904712932,0.0,4562
1,     14922,4316,         904782040,0.0,0.0
1,     14924,4317,         904982040,0.0,0.0
0,     14926,0,         905132780,0.0,2351
0,     14928,0,         905178084,0.0,519
1,     14930,4318,         905182040,0.0,0.0
1,     14932,4319,         905382044,0.0,0.0
1,     14934,4320,         905582044,0.0,0.0
1,     14936,4321,         905782044,0.0,0.0
1,     14938,4322,         905982048,0.0,0.0
1,     14940,4323,         906182048,0.0,0.0
1,     14942,4324,         906382048,0.0,0.0
0,     14944,0,         906434344,0.0,1911
0,     14946,0,         906563585,0.0,3180
1,     14948,4325,         906582052,0.0,0.0
0,     14950,0,         906661496,0.0,1100
1,     14952,4326,         906782052,0.0,0.0
0,     14954,0,         906863552,0.0,4786
1,     14956,4327,         906982052,0.0,0.0
1,     14958,4328,         907182052,0.0,0.0
1,     14960,4329,         907382056,0.0,0.0
0,     14962,0,         907496338,0.0,4341
0,     14964,0,         907570624,0.0,1788
1,     14966,4330,         907582056,0.0,0.0
0,     14968,0,         907631190,0.0,479
0,     14969,0,         907631191,0.0,5538
1,     14971,4331,         907782056,0.0,0.0
1,     14973,4332,         907982060,0.0,0.0
0,     14975,0,         908081927,0.0,567
0,     14977,0,         908143853,0.0,4373
1,     14979,4333,         908182060,0.0,0.0
1,     14981,4334,         908382060,0.0,0.0
1,     14983,4335,         908582064,0.0,0.0
1,     14985,4336,         908782064,0.0,0.0
0,     14987,0,         908913497,0.0,5064
0,     14989,0,         908925713,0.0,2708
1,     14991,4337,         908982064,0.0,0.0
1,     14993,4338,         909182064,0.0,0.0
0,     14995,0,         909215788,0.0,890
0,     14996,0,         909216525,0.0,684
0,     14998,0,         909259914,0.0,4750
1,     15000,4339,         909382068,0.0,0.0
1,     15002,4340,         909582068,0.0,0.0
1,     15004,4341,         909782068,0.0,0.0
1,     15006,4342,         909982072,0.0,0.0
1,     15008,4343,         910182072,0.0,0.0
1,     15010,4344,         910382072,0.0,0.0
1,     15012,4345,         910582072,0.0,0.0
0,     15014,0,         910691168,0.0,1449
1,     15016,4346,         910782076,0.0,0.0
0,     15018,0,         910866098,0.0,817
1,     15020,4347,         910982076,0.0,0.0
0,     15022,0,         911178585,0.0,4997
1,     15024,4348,         911182076,0.0,0.0
0,     15026,0,         911196802,0.0,4117
0,     15027,0,         911196874,0.0,6110
0,     15029,0,         911220874,0.0,2148
1,     15031,4349,         911382080,0.0,0.0
1,     15033,4350,         911582080,0.0,0.0
1,     15035,4351,         911782080,0.0,0.0
1,     15037,4352,         911982084,0.0,0.0
1,     15039,4353,         912182084,0.0,0.0
0,     15041,0,         912186126,0.0,3637
0,     15043,0,         912211277,0.0,4095
0,     15045,0,         912267593,0.0,3824
0,     15047,0,         912275998,0.0,1609
1,     15049,4354,         912382084,0.0,0.0
1,     15051,4355,         912582084,0.0,0.0
1,     15053,4356,         912782088,0.0,0.0
1,     15055,4357,         912982088,0.0,0.0
1,     15057,4358,         913182088,0.0,0.0
0,     15059,0,         913300012,0.0,4728
0,     15060,0,         913300242,0.0,903
1,     15062,4359,         913382092,0.0,0.0
0,     15064,0,         913442219,0.0,5719
1,     15066,4360,         913582092,0.0,0.0
1,     15068,4361,         913782092,0.0,0.0
1,     15070,4362,         913982096,0.0,0.0
0,     15072,0,         914069592,0.0,3336
0,     15073,0,         914069717,0.0,4755
1,     15075,4363,         914182096,0.0,0.0
1,     15077,4364,         914382096,0.0,0.0
0,     15079,0,         914482254,0.0,4147
0,     15081,0,         914518982,0.0,4722
1,     15083,4365,         914582096,0.0,0.0
1,     15085,4366,         914782100,0.0,0.0
1,     15087,4367,         914982100,0.0,0.0
0,     15089,0,         915092181,0.0,3119
1,     15091,4368,         915182100,0.0,0.0
0,     15093,0,         915314553,0.0,1936
0,     15095,0,         915351118,0.0,5535
1,     15097,4369,         915382104,0.0,0.0
1,     15099,4370,         915582104,0.0,0.0
0,     15101,0,         915642752,0.0,3243
0,     15103,0,         915703689,0.0,2889
1,     15105,4371,         915782104,0.0,0.0
0,     15107,0,         915937020,0.0,4522
1,     15109,4372,         915982108,0.0,0.0
0,     15111,0,         916008788,0.0,4220
1,     15113,4373,         916182108,0.0,0.0
0,     15115,0,         916295372,0.0,930
1,     15117,4374,         916382108,0.0,0.0
1,     15119,4375,         916582108,0.0,0.0
1,     15121,4376,         916782112,0.0,0.0
1,     15123,4377,         916982112,0.0,0.0
1,     15125,4378,         917182112,0.0,0.0
0,     15127,0,         917319185,0.0,4118
1,     15129,4379,         917382116,0.0,0.0
1,     15131,4380,         917582116,0.0,0.0
0,     15133,0,         917660579,0.0,823
0,     15135,0,         917662074,0.0,275
0,     15137,0,         917692396,0.0,4774
1,     15139,4381,         917782116,0.0,0.0
1,     15141,4382,         917982116,0.0,0.0
0,     15143,0,         917983027,0.0,5516
0,     15145,0,         918145445,0.0,2775
1,     15147,4383,         918182120,0.0,0.0
0,     15149,0,         918183230,0.0,630
0,     15151,0,         918238617,0.0,651
0,     15153,0,         918275702,0.0,2271
0,     15154,0,         918275706,0.0,5855
1,     15156,4384,         918382120,0.0,0.0
1,     15158,4385,         918582120,0.0,0.0
0,     15160,0,         918607820,0.0,4121
1,     15162,4386,         918782124,0.0,0.0
1,     15164,4387,         918982124,0.0,0.0
0,     15166,0,         919018929,0.0,5191
0,     15168,0,         919024447,0.0,5261
0,     15170,0,         919110985,0.0,1810
0,     15171,0,         919111024,0.0,5566
1,     15173,4388,         919182124,0.0,0.0
1,     15175,4389,         919382128,0.0,0.0
0,     15177,0,         919433565,0.0,5049
0,     15179,0,         919515285,0.0,1474
1,     15181,4390,         919582128,0.0,0.0
0,     15183,0,         919583458,0.0,4804
1,     15185,4391,         919782128,0.0,0.0
1,     15187,4392,         919982128,0.0,0.0
0,     15189,0,         920012439,0.0,2840
0,     15191,0,         920138894,0.0,103
1,     15193,4393,         920182132,0.0,0.0
0,     15195,0,         920236668,0.0,695
0,     15197,0,         920315556,0.0,4222
1,     15199,4394,         920382132,0.0,0.0
0,     15201,0,         920424585,0.0,1744
0,     15203,0,         920439904,0.0,4547
1,     15205,4395,         920582132,0.0,0.0
0,     15207,0,         920616522,0.0,2667
0,     15209,0,         920627763,0.0,760
0,     15211,0,         920780784,0.0,5576
1,     15213,4396,         920782136,0.0,0.0
1,     15215,4397,         920982136,0.0,0.0
0,     15217,0,         921069560,0.0,2987
0,     15219,0,         921082952,0.0,5899
1,     15221,4398,         921182136,0.0,0.0
0,     15223,0,         921375773,0.0,3918
1,     15225,4399,         921382140,0.0,0.0
1,     15227,4400,         921582140,0.0,0.0
0,     15229,0,         921665211,0.0,4748
1,     15231,4401,         921782140,0.0,0.0
0,     15233,0,         921905752,0.0,4514
1,     15235,4402,         921982140,0.0,0.0
1,     15237,4403,         922182144,0.0,0.0
1,     15239,4404,         922382144,0.0,0.0
0,     15241,0,         922448930,0.0,5787
0,     15243,0,         922540420,0.0,3681
1,     15245,4405,         922582144,0.0,0.0
1,     15247,4406,         922782148,0.0,0.0
1,     15249,4407,         922982148,0.0,0.0
1,     15251,4408,         923182148,0.0,0.0
1,     15253,4409,         923382152,0.0,0.0
1,     15255,4410,         923582152,0.0,0.0
0,     15257,0,         923726151,0.0,6197
1,     15259,4411,         923782152,0.0,0.0
1,     15261,4412,         923982152,0.0,0.0
0,     15263,0,         924153658,0.0,4730
1,     15265,4413,         924182156,0.0,0.0
0,     15267,0,         924215337,0.0,4218
0,     15269,0,         924272603,0.0,1513
1,     15271,4414,         924382156,0.0,0.0
1,     15273,4415,         924582156,0.0,0.0
0,     15275,0,         924636356,0.0,4932
0,     15277,0,         924715118,0.0,1511
1,     15279,4416,         924782160,0.0,0.0
0,     15281,0,         924875230,0.0,454
1,     15283,4417,         924982160,0.0,0.0
1,     15285,4418,         925182160,0.0,0.0
0,     15287,0,         925195908,0.0,3646
1,     15289,4419,         925382160,0.0,0.0
0,     15291,0,         925438126,0.0,1197
1,     15293,4420,         925582164,0.0,0.0
0,     15295,0,         925616409,0.0,1402
1,     15297,4421,         925782164,0.0,0.0
1,     15299,4422,         925982164,0.0,0.0
0,     15301,0,         926017438,0.0,5970
1,     15303,4423,         926182168,0.0,0.0
1,     15305,4424,         926382168,0.0,0.0
0,     15307,0,         926421301,0.0,887
1,     15309,4425,         926582168,0.0,0.0
0,     15311,0,         926781222,0.0,1644
1,     15313,4426,         926782172,0.0,0.0
1,     15315,4427,         926982172,0.0,0.0
1,     15317,4428,         927182172,0.0,0.0
0,     15319,0,         927379624,0.0,2851
1,     15321,4429,         927382172,0.0,0.0
1,     15323,4430,         927582176,0.0,0.0
1,     15325,4431,         927782176,0.0,0.0
1,     15327,4432,         927982176,0.0,0.0
0,     15329,0,         928116866,0.0,5633
1,     15331,4433,         928182180,0.0,0.0
0,     15333,0,         928362771,0.0,4979
1,     15335,4434,         928382180,0.0,0.0
1,     15337,4435,         928582180,0.0,0.0
0,     15339,0,         928725323,0.0,839
1,     15341,4436,         928782184,0.0,0.0
1,     15343,4437,         928982184,0.0,0.0
0,     15345,0,         929156089,0.0,1964
1,     15347,4438,         929182184,0.0,0.0
1,     15349,4439,         929382184,0.0,0.0
1,     15351,4440,         929582188,0.0,0.0
1,     15353,4441,         929782188,0.0,0.0
0,     15355,0,         929823067,0.0,1204
0,     15357,0,         929924529,0.0,6216
1,     15359,4442,         929982188,0.0,0.0
0,     15361,0,         929985834,0.0,3134
0,     15363,0,         930036206,0.0,2870
1,     15365,4443,         930182192,0.0,0.0
1,     15367,4444,         930382192,0.0,0.0
1,     15369,4445,         930582192,0.0,0.0
1,     15371,4446,         930782196,0.0,0.0
1,     15373,4447,         930982196,0.0,0.0
1,     15375,4448,         931182196,0.0,0.0
0,     15377,0,         931313463,0.0,6217
1,     15379,4449,         931382196,0.0,0.0
1,     15381,4450,         931582200,0.0,0.0
0,     15383,0,         931597191,0.0,720
1,     15385,4451,         931782200,0.0,0.0
1,     15387,4452,         931982200,0.0,0.0
1,     15389,4453,         932182204,0.0,0.0
0,     15391,0,         932381274,0.0,4886
1,     15393,4454,         932382204,0.0,0.0
0,     15395,0,         932383978,0.0,2044
0,     15397,0,         932397799,0.0,588
0,     15399,0,         932458057,0.0,656
1,     15401,4455,         932582204,0.0,0.0
0,     15403,0,         932670887,0.0,2605
0,     15405,0,         932683480,0.0,3992
1,     15407,4456,         932782204,0.0,0.0
0,     15409,0,         932860375,0.0,5228
0,     15411,0,         932865260,0.0,2539
0,     15413,0,         932950534,0.0,4594
1,     15415,4457,         932982208,0.0,0.0
0,     15417,0,         933122808,0.0,533
1,     15419,4458,         933182208,0.0,0.0
1,     15421,4459,         933382208,0.0,0.0
1,     15423,4460,         933582212,0.0,0.0
1,     15425,4461,         933782212,0.0,0.0
0,     15427,0,         933869820,0.0,2184
0,     15428,0,         933869825,0.0,1364
0,     15430,0,         933944748,0.0,3312
0,     15432,0,         933968128,0.0,2420
1,     15434,4462,         933982212,0.0,0.0
0,     15436,0,         933989983,0.0,5452
0,     15438,0,         934084595,0.0,3768
0,     15440,0,         934102765,0.0,2627
1,     15442,4463,         934182216,0.0,0.0
0,     15444,0,         934224378,0.0,2848
1,     15446,4464,         934382216,0.0,0.0
0,     15448,0,         934457758,0.0,1902
1,     15450,4465,         934582216,0.0,0.0
1,     15452,4466,         934782216,0.0,0.0
0,     15454,0,         934937039,0.0,1200
1,     15456,4467,         934982220,0.0,0.0
0,     15458,0,         935143281,0.0,1888
1,     15460,4468,         935182220,0.0,0.0
1,     15462,4469,         935382220,0.0,0.0
0,     15464,0,         935572475,0.0,2699
1,     15466,4470,         935582224,0.0,0.0
1,     15468,4471,         935782224,0.0,0.0
0,     15470,0,         935820321,0.0,606
1,     15472,4472,         935982224,0.0,0.0
0,     15474,0,         936041925,0.0,1111
1,     15476,4473,         936182228,0.0,0.0
0,     15478,0,         936298382,0.0,1291
1,     15480,4474,         936382228,0.0,0.0
1,     15482,4475,         936582228,0.0,0.0
0,     15484,0,         936743460,0.0,5392
1,     15486,4476,         936782228,0.0,0.0
1,     15488,4477,         936982232,0.0,0.0
0,     15490,0,         937173836,0.0,5604
1,     15492,4478,         937182232,0.0,0.0
1,     15494,4479,         937382232,0.0,0.0
1,     15496,4480,         937582236,0.0,0.0
1,     15498,4481,         937782236,0.0,0.0
1,     15500,4482,         937982236,0.0,0.0
0,     15502,0,         937999425,0.0,4017
0,     15503,0,         937999484,0.0,2328
1,     15505,4483,         938182236,0.0,0.0
0,     15507,0,         938301586,0.0,2380
1,     15509,4484,         938382240,0.0,0.0
0,     15511,0,         938470875,0.0,3625
1,     15513,4485,         938582240,0.0,0.0
0,     15515,0,         938599535,0.0,4840
0,     15516,0,         938599542,0.0,5826
0,     15518,0,         938736533,0.0,1162
1,     15520,4486,         938782240,0.0,0.0
1,     15522,4487,         938982244,0.0,0.0
1,     15524,4488,         939182244,0.0,0.0
1,     15526,4489,         939382244,0.0,0.0
1,     15528,4490,         939582248,0.0,0.0
1,     15530,4491,         939782248,0.0,0.0
0,     15532,0,         939836144,0.0,2389
0,     15534,0,         939917810,0.0,712
1,     15536,4492,         939982248,0.0,0.0
1,     15538,4493,         940182248,0.0,0.0
0,     15540,0,         940274960,0.0,4344
0,     15542,0,         940303942,0.0,5469
0,     15544,0,         940372020,0.0,3539
1,     15546,4494,         940382252,0.0,0.0
0,     15548,0,         940469102,0.0,4634
0,     15550,0,         940567105,0.0,5133
1,     15552,4495,         940582252,0.0,0.0
0,     15554,0,         940755796,0.0,2826
1,     15556,4496,         940782252,0.0,0.0
0,     15558,0,         940832724,0.0,554
1,     15560,4497,         940982256,0.0,0.0
0,     15562,0,         941095826,0.0,4607
1,     15564,4498,         941182256,0.0,0.0
1,     15566,4499,         941382256,0.0,0.0
1,     15568,4500,         941582260,0.0,0.0
1,     15570,4501,         941782260,0.0,0.0
1,     15572,4502,         941982260,0.0,0.0
1,     15574,4503,         942182260,0.0,0.0
0,     15576,0,         942221369,0.0,3123
0,     15578,0,         942338584,0.0,4810
1,     15580,4504,         942382264,0.0,0.0
0,     15582,0,         942536585,0.0,2337
1,     15584,4505,         942582264,0.0,0.0
0,     15586,0,         942607378,0.0,83
0,     15588,0,         942639217,0.0,5866
1,     15590,4506,         942782264,0.0,0.0
1,     15592,4507,         942982268,0.0,0.0
0,     15594,0,         943074427,0.0,380
1,     15596,4508,         943182268,0.0,0.0
1,     15598,4509,         943382268,0.0,0.0
1,     15600,4510,         943582272,0.0,0.0
0,     15602,0,         943618178,0.0,2091
1,     15604,4511,         943782272,0.0,0.0
0,     15606,0,         943978912,0.0,4006
1,     15608,4512,         943982272,0.0,0.0
0,     15610,0,         944178463,0.0,2242
1,     15612,4513,         944182272,0.0,0.0
0,     15614,0,         944328103,0.0,1684
1,     15616,4514,         944382276,0.0,0.0
1,     15618,4515,         944582276,0.0,0.0
0,     15620,0,         944782091,0.0,3276
1,     15621,4516,         944782276,0.0,0.0
1,     15623,4517,         944982280,0.0,0.0
1,     15625,4518,         945182280,0.0,0.0
0,     15627,0,         945209528,0.0,6134
1,     15629,4519,         945382280,0.0,0.0
1,     15631,4520,         945582284,0.0,0.0
0,     15633,0,         945672529,0.0,2153
0,     15635,0,         945732202,0.0,1310
1,     15637,4521,         945782284,0.0,0.0
1,     15639,4522,         945982284,0.0,0.0
1,     15641,4523,         946182284,0.0,0.0
0,     15643,0,         946198779,0.0,2606
0,     15645,0,         946360917,0.0,634
1,     15647,4524,         946382288,0.0,0.0
0,     15649,0,         946417636,0.0,2907
0,     15651,0,         946553669,0.0,2509
1,     15653,4525,         946582288,0.0,0.0
0,     15655,0,         946634604,0.0,1144
0,     15657,0,         946637077,0.0,1123
1,     15659,4526,         946782288,0.0,0.0
0,     15661,0,         946789965,0.0,2205
1,     15663,4527,         946982292,0.0,0.0
0,     15665,0,         946986668,0.0,2319
0,     15667,0,         947048831,0.0,4165
1,     15669,4528,         947182292,0.0,0.0
0,     15671,0,         947338506,0.0,1513
1,     15673,4529,         947382292,0.0,0.0
0,     15675,0,         947515932,0.0,2095
0,     15677,0,         947532727,0.0,4513
1,     15679,4530,         947582292,0.0,0.0
0,     15681,0,         947750607,0.0,920
1,     15683,4531,         947782296,0.0,0.0
0,     15685,0,         947971833,0.0,3139
1,     15687,4532,         947982296,0.0,0.0
1,     15689,4533,         948182296,0.0,0.0
1,     15691,4534,         948382300,0.0,0.0
1,     15693,4535,         948582300,0.0,0.0
1,     15695,4536,         948782300,0.0,0.0
1,     15697,4537,         948982304,0.0,0.0
0,     15699,0,         949032253,0.0,2829
0,     15701,0,         949113115,0.0,5100
0,     15703,0,         949122876,0.0,3470
1,     15705,4538,         949182304,0.0,0.0
0,     15707,0,         949361730,0.0,1907
1,     15709,4539,         949382304,0.0,0.0
1,     15711,4540,         949582304,0.0,0.0
0,     15713,0,         949645271,0.0,968
0,     15715,0,         949758330,0.0,2581
0,     15717,0,         949771240,0.0,6195
1,     15719,4541,         949782308,0.0,0.0
0,     15721,0,         949952510,0.0,5497
1,     15723,4542,         949982308,0.0,0.0
1,     15725,4543,         950182308,0.0,0.0
0,     15727,0,         950257569,0.0,1160
1,     15729,4544,         950382312,0.0,0.0
1,     15731,4545,         950582312,0.0,0.0
1,     15733,4546,         950782312,0.0,0.0
0,     15735,0,         950942069,0.0,177
1,     15737,4547,         950982316,0.0,0.0
1,     15739,4548,         951182316,0.0,0.0
0,     15741,0,         951348048,0.0,326
1,     15743,4549,         951382316,0.0,0.0
0,     15745,0,         951405582,0.0,446
0,     15747,0,         951509366,0.0,462
1,     15749,4550,         951582316,0.0,0.0
1,     15751,4551,         951782320,0.0,0.0
1,     15753,4552,         951982320,0.0,0.0
0,     15755,0,         952137261,0.0,2137
1,     15757,4553,         952182320,0.0,0.0
1,     15759,4554,         952382324,0.0,0.0
1,     15761,4555,         952582324,0.0,0.0
0,     15763,0,         952745693,0.0,425
0,     15765,0,         952746261,0.0,4391
0,     15767,0,         952777421,0.0,4650
1,     15769,4556,         952782324,0.0,0.0
1,     15771,4557,         952982328,0.0,0.0
0,     15773,0,         953099929,0.0,989
1,     15775,4558,         953182328,0.0,0.0
0,     15777,0,         953315490,0.0,471
0,     15779,0,         953382133,0.0,3620
1,     15780,4559,         953382328,0.0,0.0
0,     15782,0,         953508771,0.0,3249
1,     15784,4560,         953582328,0.0,0.0
1,     15786,4561,         953782332,0.0,0.0
1,     15788,4562,         953982332,0.0,0.0
1,     15790,4563,         954182332,0.0,0.0
0,     15792,0,         954295862,0.0,6238
1,     15794,4564,         954382336,0.0,0.0
0,     15796,0,         954567710,0.0,5616
1,     15798,4565,         954582336,0.0,0.0
1,     15800,4566,         954782336,0.0,0.0
0,     15802,0,         954966481,0.0,4226
1,     15804,4567,         954982336,0.0,0.0
1,     15806,4568,         955182340,0.0,0.0
1,     15808,4569,         955382340,0.0,0.0
0,     15810,0,         955543685,0.0,3415
1,     15812,4570,         955582340,0.0,0.0
0,     15814,0,         955778512,0.0,3351
1,     15816,4571,         955782344,0.0,0.0
0,     15818,0,         955842330,0.0,1817
0,     15820,0,         955866729,0.0,3373
0,     15822,0,         955869095,0.0,2356
1,     15824,4572,         955982344,0.0,0.0
1,     15826,4573,         956182344,0.0,0.0
0,     15828,0,         956334928,0.0,5952
1,     15830,4574,         956382348,0.0,0.0
1,     15832,4575,         956582348,0.0,0.0
0,     15834,0,         956640628,0.0,1380
0,     15836,0,         956648078,0.0,5544
0,     15838,0,         956698500,0.0,2104
0,     15840,0,         956741833,0.0,1719
1,     15842,4576,         956782348,0.0,0.0
0,     15844,0,         956931408,0.0,4513
1,     15846,4577,         956982348,0.0,0.0
1,     15848,4578,         957182352,0.0,0.0
0,     15850,0,         957253077,0.0,646
0,     15852,0,         957343881,0.0,5827
1,     15854,4579,         957382352,0.0,0.0
0,     15856,0,         957459521,0.0,2013
1,     15858,4580,         957582352,0.0,0.0
1,     15860,4581,         957782356,0.0,0.0
1,     15862,4582,         957982356,0.0,0.0
0,     15864,0,         958101512,0.0,702
1,     15866,4583,         958182356,0.0,0.0
0,     15868,0,         958370029,0.0,3873
1,     15870,4584,         958382360,0.0,0.0
1,     15872,4585,         958582360,0.0,0.0
1,     15874,4586,         958782360,0.0,0.0
1,     15876,4587,         958982360,0.0,0.0
0,     15878,0,         959133197,0.0,1086
1,     15880,4588,         959182364,0.0,0.0
0,     15882,0,         959356601,0.0,2267
1,     15884,4589,         959382364,0.0,0.0
1,     15886,4590,         959582364,0.0,0.0
1,     15888,4591,         959782368,0.0,0.0
0,     15890,0,         959783535,0.0,4438
1,     15892,4592,         959982368,0.0,0.0
0,     15894,0,         960007352,0.0,3812
0,     15896,0,         960069595,0.0,5175
0,     15898,0,         960128863,0.0,87
1,     15900,4593,         960182368,0.0,0.0
1,     15902,4594,         960382368,0.0,0.0
1,     15904,4595,         960582372,0.0,0.0
0,     15906,0,         960596950,0.0,1494
0,     15908,0,         960639696,0.0,4216
0,     15910,0,         960686949,0.0,2039
0,     15912,0,         960749721,0.0,694
1,     15914,4596,         960782372,0.0,0.0
0,     15916,0,         960836683,0.0,2449
1,     15918,4597,         960982372,0.0,0.0
0,     15920,0,         961159207,0.0,3724
1,     15922,4598,         961182376,0.0,0.0
0,     15924,0,         961285859,0.0,3649
1,     15926,4599,         961382376,0.0,0.0
1,     15928,4600,         961582376,0.0,0.0
1,     15930,4601,         961782380,0.0,0.0
1,     15932,4602,         961982380,0.0,0.0
1,     15934,4603,         962182380,0.0,0.0
0,     15936,0,         962186663,0.0,769
1,     15938,4604,         962382380,0.0,0.0
0,     15940,0,         962571377,0.0,2104
1,     15942,4605,         962582384,0.0,0.0
1,     15944,4606,         962782384,0.0,0.0
1,     15946,4607,         962982384,0.0,0.0
0,     15948,0,         963005580,0.0,4996
1,     15950,4608,         963182388,0.0,0.0
0,     15952,0,         963246367,0.0,2940
1,     15954,4609,         963382388,0.0,0.0
0,     15956,0,         963479930,0.0,1152
1,     15958,4610,         963582388,0.0,0.0
0,     15960,0,         963625871,0.0,1549
0,     15962,0,         963775294,0.0,5683
1,     15964,4611,         963782392,0.0,0.0
0,     15966,0,         963800900,0.0,5747
0,     15968,0,         963943151,0.0,2971
1,     15970,4612,         963982392,0.0,0.0
1,     15972,4613,         964182392,0.0,0.0
0,     15974,0,         964242532,0.0,5387
1,     15976,4614,         964382392,0.0,0.0
1,     15978,4615,         964582396,0.0,0.0
1,     15980,4616,         964782396,0.0,0.0
0,     15982,0,         964922657,0.0,369
1,     15984,4617,         964982396,0.0,0.0
1,     15986,4618,         965182400,0.0,0.0
1,     15988,4619,         965382400,0.0,0.0
1,     15990,4620,         965582400,0.0,0.0
1,     15992,4621,         965782404,0.0,0.0
1,     15994,4622,         965982404,0.0,0.0
0,     15996,0,         966036617,0.0,5407
1,     15998,4623,         966182404,0.0,0.0
1,     16000,4624,         966382404,0.0,0.0
1,     16002,4625,         966582408,0.0,0.0
1,     16004,4626,         966782408,0.0,0.0
1,     16006,4627,         966982408,0.0,0.0
0,     16008,0,         967075691,0.0,3652
0,     16010,0,         967115810,0.0,5796
1,     16012,4628,         967182412,0.0,0.0
0,     16014,0,         967319708,0.0,4749
0,     16016,0,         967351032,0.0,4087
0,     16018,0,         967361899,0.0,3127
1,     16020,4629,         967382412,0.0,0.0
0,     16022,0,         967570162,0.0,5669
1,     16024,4630,         967582412,0.0,0.0
0,     16026,0,         967691092,0.0,1894
1,     16028,4631,         967782412,0.0,0.0
1,     16030,4632,         967982416,0.0,0.0
1,     16032,4633,         968182416,0.0,0.0
0,     16034,0,         968314218,0.0,332
1,     16036,4634,         968382416,0.0,0.0
0,     16038,0,         968548485,0.0,5739
1,     16040,4635,         968582420,0.0,0.0
1,     16042,4636,         968782420,0.0,0.0
1,     16044,4637,         968982420,0.0,0.0
0,     16046,0,         969078522,0.0,660
0,     16048,0,         969167340,0.0,2589
1,     16050,4638,         969182424,0.0,0.0
1,     16052,4639,         969382424,0.0,0.0
0,     16054,0,         969551890,0.0,467
0,     16055,0,         969552238,0.0,4795
1,     16057,4640,         969582424,0.0,0.0
0,     16059,0,         969659210,0.0,2444
0,     16060,0,         969659281,0.0,3712
0,     16062,0,         969729651,0.0,1782
0,     16063,0,         969729948,0.0,5442
1,     16065,4641,         969782424,0.0,0.0
1,     16067,4642,         969982428,0.0,0.0
1,     16069,4643,         970182428,0.0,0.0
0,     16071,0,         970303790,0.0,2625
0,     16073,0,         970375257,0.0,2596
1,     16075,4644,         970382428,0.0,0.0
1,     16077,4645,         970582432,0.0,0.0
0,     16079,0,         970598917,0.0,3986
1,     16081,4646,         970782432,0.0,0.0
1,     16083,4647,         970982432,0.0,0.0
1,     16085,4648,         971182436,0.0,0.0
0,     16087,0,         971291730,0.0,4226
1,     16089,4649,         971382436,0.0,0.0
1,     16091,4650,         971582436,0.0,0.0
1,     16093,4651,         971782436,0.0,0.0
0,     16095,0,         971891734,0.0,2019
1,     16097,4652,         971982440,0.0,0.0
0,     16099,0,         972072935,0.0,3578
0,     16101,0,         972170033,0.0,565
1,     16103,4653,         972182440,0.0,0.0
1,     16105,4654,         972382440,0.0,0.0
0,     16107,0,         972469690,0.0,5916
1,     16109,4655,         972582444,0.0,0.0
1,     16111,4656,         972782444,0.0,0.0
1,     16113,4657,         972982444,0.0,0.0
1,     16115,4658,         973182444,0.0,0.0
1,     16117,4659,         973382448,0.0,0.0
1,     16119,4660,         973582448,0.0,0.0
1,     16121,4661,         973782448,0.0,0.0
0,     16123,0,         973875766,0.0,4049
1,     16125,4662,         973982452,0.0,0.0
1,     16127,4663,         974182452,0.0,0.0
0,     16129,0,         974197101,0.0,2139
0,     16131,0,         974345236,0.0,5246
1,     16133,4664,         974382452,0.0,0.0
1,     16135,4665,         974582456,0.0,0.0
0,     16137,0,         974631481,0.0,1661
0,     16139,0,         974671366,0.0,4933
1,     16141,4666,         974782456,0.0,0.0
1,     16143,4667,         974982456,0.0,0.0
1,     16145,4668,         975182456,0.0,0.0
0,     16147,0,         975226751,0.0,5291
1,     16149,4669,         975382460,0.0,0.0
1,     16151,4670,         975582460,0.0,0.0
1,     16153,4671,         975782460,0.0,0.0
0,     16155,0,         975855354,0.0,2057
1,     16157,4672,         975982464,0.0,0.0
1,     16159,4673,         976182464,0.0,0.0
1,     16161,4674,         976382464,0.0,0.0
1,     16163,4675,         976582468,0.0,0.0
1,     16165,4676,         976782468,0.0,0.0
0,     16167,0,         976828400,0.0,3464
0,     16169,0,         976890452,0.0,4776
1,     16171,4677,         976982468,0.0,0.0
0,     16173,0,         977149611,0.0,5280
1,     16175,4678,         977182468,0.0,0.0
0,     16177,0,         977327552,0.0,85
0,     16179,0,         977339102,0.0,3818
1,     16181,4679,         977382472,0.0,0.0
0,     16183,0,         977484161,0.0,3080
1,     16185,4680,         977582472,0.0,0.0
1,     16187,4681,         977782472,0.0,0.0
0,     16189,0,         977806484,0.0,2531
0,     16191,0,         977842106,0.0,5051
0,     16193,0,         977917882,0.0,1672
1,     16195,4682,         977982476,0.0,0.0
1,     16197,4683,         978182476,0.0,0.0
0,     16199,0,         978200994,0.0,1918
0,     16201,0,         978312291,0.0,2694
1,     16203,4684,         978382476,0.0,0.0
0,     16205,0,         978388838,0.0,5244
1,     16207,4685,         978582480,0.0,0.0
1,     16209,4686,         978782480,0.0,0.0
0,     16211,0,         978852966,0.0,5744
1,     16213,4687,         978982480,0.0,0.0
0,     16215,0,         979038230,0.0,3200
0,     16217,0,         979169128,0.0,1716
1,     16219,4688,         979182480,0.0,0.0
1,     16221,4689,         979382484,0.0,0.0
0,     16223,0,         979451008,0.0,3568
1,     16225,4690,         979582484,0.0,0.0
0,     16227,0,         979618835,0.0,3631
0,     16229,0,         979701222,0.0,3650
0,     16231,0,         979769833,0.0,4969
1,     16233,4691,         979782484,0.0,0.0
1,     16235,4692,         979982488,0.0,0.0
1,     16237,4693,         980182488,0.0,0.0
0,     16239,0,         980365601,0.0,195
1,     16241,4694,         980382488,0.0,0.0
1,     16243,4695,         980582492,0.0,0.0
0,     16245,0,         980600308,0.0,6076
1,     16247,4696,         980782492,0.0,0.0
1,     16249,4697,         980982492,0.0,0.0
1,     16251,4698,         981182492,0.0,0.0
1,     16253,4699,         981382496,0.0,0.0
1,     16255,4700,         981582496,0.0,0.0
1,     16257,4701,         981782496,0.0,0.0
0,     16259,0,         981838001,0.0,4172
0,     16260,0,         981838164,0.0,1865
0,     16262,0,         981848814,0.0,1183
0,     16264,0,         981931544,0.0,5106
1,     16266,4702,         981982500,0.0,0.0
0,     16268,0,         982154362,0.0,4081
1,     16270,4703,         982182500,0.0,0.0
0,     16272,0,         982281143,0.0,3791
1,     16274,4704,         982382500,0.0,0.0
0,     16276,0,         982492202,0.0,1098
0,     16278,0,         982525977,0.0,3725
1,     16280,4705,         982582500,0.0,0.0
0,     16282,0,         982640106,0.0,1662
1,     16284,4706,         982782504,0.0,0.0
0,     16286,0,         982836508,0.0,5743
0,     16288,0,         982944172,0.0,3595
1,     16290,4707,         982982504,0.0,0.0
1,     16292,4708,         983182504,0.0,0.0
1,     16294,4709,         983382508,0.0,0.0
0,     16296,0,         983493079,0.0,3834
0,     16298,0,         983523413,0.0,2953
1,     16300,4710,         983582508,0.0,0.0
0,     16302,0,         983666130,0.0,996
1,     16304,4711,         983782508,0.0,0.0
1,     16306,4712,         983982512,0.0,0.0
1,     16308,4713,         984182512,0.0,0.0
1,     16310,4714,         984382512,0.0,0.0
1,     16312,4715,         984582512,0.0,0.0
1,     16314,4716,         984782516,0.0,0.0
1,     16316,4717,         984982516,0.0,0.0
0,     16318,0,         985128773,0.0,3827
1,     16320,4718,         985182516,0.0,0.0
1,     16322,4719,         985382520,0.0,0.0
0,     16324,0,         985495601,0.0,6225
1,     16326,4720,         985582520,0.0,0.0
1,     16328,4721,         985782520,0.0,0.0
0,     16330,0,         985814575,0.0,1888
1,     16332,4722,         985982524,0.0,0.0
1,     16334,4723,         986182524,0.0,0.0
1,     16336,4724,         986382524,0.0,0.0
1,     16338,4725,         986582524,0.0,0.0
0,     16340,0,         986625720,0.0,591
1,     16342,4726,         986782528,0.0,0.0
0,     16344,0,         986875099,0.0,2508
1,     16346,4727,         986982528,0.0,0.0
0,     16348,0,         987026787,0.0,3841
1,     16350,4728,         987182528,0.0,0.0
0,     16352,0,         987382389,0.0,1502
1,     16353,4729,         987382532,0.0,0.0
0,     16355,0,         987420809,0.0,4835
0,     16357,0,         987464895,0.0,3662
1,     16359,4730,         987582532,0.0,0.0
1,     16361,4731,         987782532,0.0,0.0
1,     16363,4732,         987982536,0.0,0.0
1,     16365,4733,         988182536,0.0,0.0
0,     16367,0,         988219316,0.0,2932
0,     16369,0,         988265027,0.0,2030
1,     16371,4734,         988382536,0.0,0.0
1,     16373,4735,         988582536,0.0,0.0
0,     16375,0,         988647947,0.0,4400
0,     16377,0,         988762136,0.0,4811
1,     16379,4736,         988782540,0.0,0.0
0,     16381,0,         988958325,0.0,5254
1,     16383,4737,         988982540,0.0,0.0
1,     16385,4738,         989182540,0.0,0.0
1,     16387,4739,         989382544,0.0,0.0
1,     16389,4740,         989582544,0.0,0.0
0,     16391,0,         989610945,0.0,5564
0,     16393,0,         989618947,0.0,4677
0,     16395,0,         989661897,0.0,1365
1,     16397,4741,         989782544,0.0,0.0
1,     16399,4742,         989982544,0.0,0.0
0,     16401,0,         989992752,0.0,1405
0,     16403,0,         990132455,0.0,5331
1,     16405,4743,         990182548,0.0,0.0
1,     16407,4744,         990382548,0.0,0.0
0,     16409,0,         990539453,0.0,959
1,     16411,4745,         990582548,0.0,0.0
1,     16413,4746,         990782552,0.0,0.0
1,     16415,4747,         990982552,0.0,0.0
0,     16417,0,         991084764,0.0,3211
1,     16419,4748,         991182552,0.0,0.0
1,     16421,4749,         991382556,0.0,0.0
0,     16423,0,         991503766,0.0,5696
1,     16425,4750,         991582556,0.0,0.0
1,     16427,4751,         991782556,0.0,0.0
1,     16429,4752,         991982556,0.0,0.0
0,     16431,0,         992019272,0.0,5103
0,     16433,0,         992087177,0.0,128
1,     16435,4753,         992182560,0.0,0.0
1,     16437,4754,         992382560,0.0,0.0
0,     16439,0,         992566540,0.0,4000
1,     16441,4755,         992582560,0.0,0.0
1,     16443,4756,         992782564,0.0,0.0
0,     16445,0,         992882997,0.0,2446
0,     16447,0,         992934340,0.0,814
1,     16449,4757,         992982564,0.0,0.0
0,     16451,0,         993041618,0.0,3603
0,     16452,0,         993041673,0.0,6179
1,     16454,4758,         993182564,0.0,0.0
0,     16456,0,         993327535,0.0,2192
1,     16458,4759,         993382568,0.0,0.0
0,     16460,0,         993441992,0.0,5836
0,     16462,0,         993488677,0.0,1309
1,     16464,4760,         993582568,0.0,0.0
1,     16466,4761,         993782568,0.0,0.0
0,     16468,0,         993963784,0.0,5517
1,     16470,4762,         993982568,0.0,0.0
0,     16472,0,         994161041,0.0,5507
1,     16474,4763,         994182572,0.0,0.0
0,     16476,0,         994227831,0.0,2424
0,     16478,0,         994265950,0.0,4297
1,     16480,4764,         994382572,0.0,0.0
0,     16482,0,         994576099,0.0,3545
1,     16484,4765,         994582572,0.0,0.0
0,     16486,0,         994591389,0.0,2454
1,     16488,4766,         994782576,0.0,0.0
0,     16490,0,         994936826,0.0,1837
1,     16492,4767,         994982576,0.0,0.0
1,     16494,4768,         995182576,0.0,0.0
0,     16496,0,         995312087,0.0,1373
1,     16498,4769,         995382576,0.0,0.0
0,     16500,0,         995536707,0.0,25
1,     16502,4770,         995582580,0.0,0.0
0,     16504,0,         995736323,0.0,5195
1,     16506,4771,         995782580,0.0,0.0
0,     16508,0,         995931366,0.0,1698
1,     16510,4772,         995982580,0.0,0.0
1,     16512,4773,         996182584,0.0,0.0
1,     16514,4774,         996382584,0.0,0.0
1,     16516,4775,         996582584,0.0,0.0
1,     16518,4776,         996782588,0.0,0.0
0,     16520,0,         996816368,0.0,3657
1,     16522,4777,         996982588,0.0,0.0
1,     16524,4778,         997182588,0.0,0.0
1,     16526,4779,         997382588,0.0,0.0
1,     16528,4780,         997582592,0.0,0.0
1,     16530,4781,         997782592,0.0,0.0
0,     16532,0,         997863840,0.0,3959
1,     16534,4782,         997982592,0.0,0.0
1,     16536,4783,         998182596,0.0,0.0
0,     16538,0,         998340452,0.0,1288
1,     16540,4784,         998382596,0.0,0.0
0,     16542,0,         998439244,0.0,808
0,     16544,0,         998495551,0.0,1788
1,     16546,4785,         998582596,0.0,0.0
0,     16548,0,         998648459,0.0,5594
1,     16550,4786,         998782600,0.0,0.0
0,     16552,0,         998818558,0.0,5109
0,     16554,0,         998909898,0.0,5897
0,     16556,0,         998938892,0.0,3310
1,     16558,4787,         998982600,0.0,0.0
0,     16560,0,         999156187,0.0,1572
1,     16562,4788,         999182600,0.0,0.0
1,     16564,4789,         999382600,0.0,0.0
1,     16566,4790,         999582604,0.0,0.0
1,     16568,4791,         999782604,0.0,0.0
0,     16570,0,         999847154,0.0,4168
0,     16572,0,         999948402,0.0,258
1,     16574,4792,         999982604,0.0,0.0
1,     16576,4793,        1000182608,0.0,0.0
1,     16578,4794,        1000382608,0.0,0.0
0,     16580,0,        1000511863,0.0,4706
1,     16582,4795,        1000582608,0.0,0.0
1,     16584,4796,        1000782612,0.0,0.0
0,     16586,0,        1000808055,0.0,5774
0,     16588,0,        1000981071,0.0,3427
1,     16590,4797,        1000982612,0.0,0.0
1,     16592,4798,        1001182612,0.0,0.0
1,     16594,4799,        1001382612,0.0,0.0
0,     16596,0,        1001576917,0.0,569
1,     16598,4800,        1001582616,0.0,0.0
1,     16600,4801,        1001782616,0.0,0.0
1,     16602,4802,        1001982616,0.0,0.0
0,     16604,0,        1002027023,0.0,3761
1,     16606,4803,        1002182620,0.0,0.0
0,     16608,0,        1002210868,0.0,4374
1,     16610,4804,        1002382620,0.0,0.0
0,     16612,0,        1002461443,0.0,1426
1,     16614,4805,        1002582620,0.0,0.0
0,     16616,0,        1002750076,0.0,6143
1,     16618,4806,        1002782620,0.0,0.0
1,     16620,4807,        1002982624,0.0,0.0
1,     16622,4808,        1003182624,0.0,0.0
1,     16624,4809,        1003382624,0.0,0.0
1,     16626,4810,        1003582628,0.0,0.0
1,     16628,4811,        1003782628,0.0,0.0
0,     16630,0,        1003848371,0.0,2221
1,     16632,4812,        1003982628,0.0,0.0
1,     16634,4813,        1004182632,0.0,0.0
0,     16636,0,        1004221917,0.0,1429
1,     16638,4814,        1004382632,0.0,0.0
1,     16640,4815,        1004582632,0.0,0.0
1,     16642,4816,        1004782632,0.0,0.0
1,     16644,4817,        1004982636,0.0,0.0
1,     16646,4818,        1005182636,0.0,0.0
0,     16648,0,        1005350255,0.0,4351
1,     16650,4819,        1005382636,0.0,0.0
0,     16652,0,        1005399812,0.0,4098
0,     16654,0,        1005488211,0.0,5266
1,     16656,4820,        1005582640,0.0,0.0
0,     16658,0,        1005607583,0.0,862
0,     16660,0,        1005630757,0.0,2031
1,     16662,4821,        1005782640,0.0,0.0
0,     16664,0,        1005973582,0.0,31
1,     16666,4822,        1005982640,0.0,0.0
0,     16668,0,        1006034238,0.0,1084
1,     16670,4823,        1006182644,0.0,0.0
1,     16672,4824,        1006382644,0.0,0.0
1,     16674,4825,        1006582644,0.0,0.0
0,     16676,0,        1006765223,0.0,2792
1,     16678,4826,        1006782644,0.0,0.0
0,     16680,0,        1006890135,0.0,660
1,     16682,4827,        1006982648,0.0,0.0
0,     16684,0,        1007032559,0.0,3538
1,     16686,4828,        1007182648,0.0,0.0
1,     16688,4829,        1007382648,0.0,0.0
0,     16690,0,        1007462846,0.0,1490
1,     16692,4830,        1007582652,0.0,0.0
1,     16694,4831,        1007782652,0.0,0.0
1,     16696,4832,        1007982652,0.0,0.0
0,     16698,0,        1008046483,0.0,4230
1,     16700,4833,        1008182656,0.0,0.0
0,     16702,0,        1008282061,0.0,5564
0,     16703,0,        1008282142,0.0,3490
1,     16705,4834,        1008382656,0.0,0.0
1,     16707,4835,        1008582656,0.0,0.0
1,     16709,4836,        1008782656,0.0,0.0
1,     16711,4837,        1008982660,0.0,0.0
0,     16713,0,        1009157505,0.0,3282
1,     16715,4838,        1009182660,0.0,0.0
0,     16717,0,        1009288189,0.0,5487
0,     16719,0,        1009375575,0.0,1418
1,     16721,4839,        1009382660,0.0,0.0
1,     16723,4840,        1009582664,0.0,0.0
0,     16725,0,        1009680172,0.0,4998
0,     16727,0,        1009778921,0.0,510
1,     16729,4841,        1009782664,0.0,0.0
1,     16731,4842,        1009982664,0.0,0.0
1,     16733,4843,        1010182668,0.0,0.0
1,     16735,4844,        1010382668,0.0,0.0
1,     16737,4845,        1010582668,0.0,0.0
0,     16739,0,        1010586421,0.0,4548
0,     16741,0,        1010647252,0.0,1904
0,     16742,0,        1010647361,0.0,3329
0,     16743,0,        1010647363,0.0,1266
1,     16745,4846,        1010782668,0.0,0.0
0,     16747,0,        1010835335,0.0,5088
0,     16749,0,        1010902631,0.0,2967
1,     16751,4847,        1010982672,0.0,0.0
1,     16753,4848,        1011182672,0.0,0.0
0,     16755,0,        1011238713,0.0,6175
1,     16757,4849,        1011382672,0.0,0.0
0,     16759,0,        1011404093,0.0,1333
1,     16761,4850,        1011582676,0.0,0.0
1,     16763,4851,        1011782676,0.0,0.0
1,     16765,4852,        1011982676,0.0,0.0
1,     16767,4853,        1012182676,0.0,0.0
0,     16769,0,        1012272050,0.0,4076
0,     16771,0,        1012371721,0.0,2333
1,     16773,4854,        1012382680,0.0,0.0
0,     16775,0,        1012409308,0.0,3015
0,     16777,0,        1012501761,0.0,944
1,     16779,4855,        1012582680,0.0,0.0
0,     16781,0,        1012700522,0.0,3124
0,     16783,0,        1012765757,0.0,1782
1,     16785,4856,        1012782680,0.0,0.0
1,     16787,4857,        1012982684,0.0,0.0
1,     16789,4858,        1013182684,0.0,0.0
0,     16791,0,        1013183793,0.0,3155
1,     16793,4859,        1013382684,0.0,0.0
1,     16795,4860,        1013582688,0.0,0.0
1,     16797,4861,        1013782688,0.0,0.0
1,     16799,4862,        1013982688,0.0,0.0
1,     16801,4863,        1014182688,0.0,0.0
0,     16803,0,        1014310846,0.0,4425
0,     16805,0,        1014330835,0.0,5906
1,     16807,4864,        1014382692,0.0,0.0
0,     16809,0,        1014471451,0.0,5378
1,     16811,4865,        1014582692,0.0,0.0
1,     16813,4866,        1014782692,0.0,0.0
0,     16815,0,        1014851469,0.0,6237
0,     16817,0,        1014932219,0.0,2990
1,     16819,4867,        1014982696,0.0,0.0
0,     16821,0,        1015066974,0.0,4584
1,     16823,4868,        1015182696,0.0,0.0
1,     16825,4869,        1015382696,0.0,0.0
0,     16827,0,        1015487427,0.0,6014
1,     16829,4870,        1015582700,0.0,0.0
0,     16831,0,        1015717083,0.0,3682
1,     16833,4871,        1015782700,0.0,0.0
0,     16835,0,        1015819908,0.0,2376
1,     16837,4872,        1015982700,0.0,0.0
0,     16839,0,        1016064075,0.0,4591
1,     16841,4873,        1016182700,0.0,0.0
1,     16843,4874,        1016382704,0.0,0.0
1,     16845,4875,        1016582704,0.0,0.0
1,     16847,4876,        1016782704,0.0,0.0
0,     16849,0,        1016794853,0.0,2478
1,     16851,4877,        1016982708,0.0,0.0
0,     16852,0,        1016983268,0.0,3626
0,     16854,0,        1017094149,0.0,2814
1,     16856,4878,        1017182708,0.0,0.0
1,     16858,4879,        1017382708,0.0,0.0
1,     16860,4880,        1017582708,0.0,0.0
0,     16862,0,        1017720034,0.0,3235
1,     16864,4881,        1017782712,0.0,0.0
1,     16866,4882,        1017982712,0.0,0.0
1,     16868,4883,        1018182712,0.0,0.0
1,     16870,4884,        1018382716,0.0,0.0
1,     16872,4885,        1018582716,0.0,0.0
1,     16874,4886,        1018782716,0.0,0.0
1,     16876,4887,        1018982720,0.0,0.0
1,     16878,4888,        1019182720,0.0,0.0
0,     16880,0,        1019360546,0.0,2065
1,     16882,4889,        1019382720,0.0,0.0
1,     16884,4890,        1019582720,0.0,0.0
1,     16886,4891,        1019782724,0.0,0.0
1,     16888,4892,        1019982724,0.0,0.0
1,     16890,4893,        1020182724,0.0,0.0
0,     16892,0,        1020238620,0.0,1936
0,     16894,0,        1020355124,0.0,3572
1,     16896,4894,        1020382728,0.0,0.0
0,     16898,0,        1020497676,0.0,1032
1,     16900,4895,        1020582728,0.0,0.0
1,     16902,4896,        1020782728,0.0,0.0
0,     16904,0,        1020927993,0.0,131
0,     16906,0,        1020950826,0.0,2601
1,     16908,4897,        1020982732,0.0,0.0
1,     16910,4898,        1021182732,0.0,0.0
1,     16912,4899,        1021382732,0.0,0.0
1,     16914,4900,        1021582732,0.0,0.0
0,     16916,0,        1021618041,0.0,4415
1,     16918,4901,        1021782736,0.0,0.0
0,     16920,0,        1021813723,0.0,392
0,     16922,0,        1021860700,0.0,1635
1,     16924,4902,        1021982736,0.0,0.0
1,     16926,4903,        1022182736,0.0,0.0
0,     16928,0,        1022227113,0.0,2795
0,     16930,0,        1022284770,0.0,348
1,     16932,4904,        1022382740,0.0,0.0
1,     16934,4905,        1022582740,0.0,0.0
1,     16936,4906,        1022782740,0.0,0.0
1,     16938,4907,        1022982744,0.0,0.0
1,     16940,4908,        1023182744,0.0,0.0
1,     16942,4909,        1023382744,0.0,0.0
1,     16944,4910,        1023582744,0.0,0.0
0,     16946,0,        1023702818,0.0,3686
1,     16948,4911,        1023782748,0.0,0.0
1,     16950,4912,        1023982748,0.0,0.0
0,     16951,0,        1023983573,0.0,5527
0,     16953,0,        1024122093,0.0,587
0,     16955,0,        1024150678,0.0,651
0,     16956,0,        1024151171,0.0,1975
1,     16958,4913,        1024182748,0.0,0.0
0,     16960,0,        1024368542,0.0,4460
1,     16962,4914,        1024382752,0.0,0.0
1,     16964,4915,        1024582752,0.0,0.0
0,     16966,0,        1024620980,0.0,1150
0,     16968,0,        1024775529,0.0,787
1,     16970,4916,        1024782752,0.0,0.0
0,     16972,0,        1024833073,0.0,6172
0,     16974,0,        1024886300,0.0,1107
1,     16976,4917,        1024982752,0.0,0.0
0,     16978,0,        1024996594,0.0,261
1,     16980,4918,        1025182756,0.0,0.0
0,     16982,0,        1025216327,0.0,3665
0,     16984,0,        1025380229,0.0,6060
1,     16986,4919,        1025382756,0.0,0.0
0,     16988,0,        1025497146,0.0,5214
1,     16990,4920,        1025582756,0.0,0.0
0,     16992,0,        1025671132,0.0,255
0,     16994,0,        1025674291,0.0,3087
0,     16996,0,        1025740889,0.0,3559
1,     16998,4921,        1025782760,0.0,0.0
1,     17000,4922,        1025982760,0.0,0.0
0,     17002,0,        1026119804,0.0,4263
1,     17004,4923,        1026182760,0.0,0.0
1,     17006,4924,        1026382764,0.0,0.0
1,     17008,4925,        1026582764,0.0,0.0
1,     17010,4926,        1026782764,0.0,0.0
1,     17012,4927,        1026982764,0.0,0.0
0,     17014,0,        1027023412,0.0,4360
0,     17016,0,        1027076863,0.0,154
1,     17018,4928,        1027182768,0.0,0.0
1,     17020,4929,        1027382768,0.0,0.0
1,     17022,4930,        1027582768,0.0,0.0
0,     17024,0,        1027667510,0.0,4900
1,     17026,4931,        1027782772,0.0,0.0
1,     17028,4932,        1027982772,0.0,0.0
1,     17030,4933,        1028182772,0.0,0.0
0,     17032,0,        1028356879,0.0,114
1,     17034,4934,        1028382776,0.0,0.0
1,     17036,4935,        1028582776,0.0,0.0
1,     17038,4936,        1028782776,0.0,0.0
1,     17040,4937,        1028982776,0.0,0.0
1,     17042,4938,        1029182780,0.0,0.0
0,     17044,0,        1029240178,0.0,1392
1,     17046,4939,        1029382780,0.0,0.0
0,     17048,0,        1029578927,0.0,5201
1,     17050,4940,        1029582780,0.0,0.0
0,     17052,0,        1029710356,0.0,4740
1,     17054,4941,        1029782784,0.0,0.0
0,     17056,0,        1029809575,0.0,4053
1,     17058,4942,        1029982784,0.0,0.0
1,     17060,4943,        1030182784,0.0,0.0
1,     17062,4944,        1030382788,0.0,0.0
0,     17064,0,        1030415969,0.0,3124
0,     17066,0,        1030553800,0.0,3163
1,     17068,4945,        1030582788,0.0,0.0
0,     17070,0,        1030657079,0.0,4119
1,     17072,4946,        1030782788,0.0,0.0
1,     17074,4947,        1030982788,0.0,0.0
0,     17076,0,        1031110549,0.0,269
1,     17078,4948,        1031182792,0.0,0.0
1,     17080,4949,        1031382792,0.0,0.0
0,     17082,0,        1031559980,0.0,1560
1,     17084,4950,        1031582792,0.0,0.0
1,     17086,4951,        1031782796,0.0,0.0
1,     17088,4952,        1031982796,0.0,0.0
1,     17090,4953,        1032182796,0.0,0.0
1,     17092,4954,        1032382796,0.0,0.0
0,     17094,0,        1032471321,0.0,3019
1,     17096,4955,        1032582800,0.0,0.0
0,     17098,0,        1032738961,0.0,5102
1,     17100,4956,        1032782800,0.0,0.0
0,     17102,0,        1032784550,0.0,2313
1,     17104,4957,        1032982800,0.0,0.0
0,     17106,0,        1033160310,0.0,5826
1,     17108,4958,        1033182804,0.0,0.0
1,     17110,4959,        1033382804,0.0,0.0
0,     17112,0,        1033391853,0.0,6068
0,     17114,0,        1033482463,0.0,5208
0,     17116,0,        1033581287,0.0,428
1,     17118,4960,        1033582804,0.0,0.0
1,     17120,4961,        1033782808,0.0,0.0
1,     17122,4962,        1033982808,0.0,0.0
0,     17124,0,        1034123498,0.0,3634
1,     17126,4963,        1034182808,0.0,0.0
0,     17128,0,        1034288894,0.0,2880
0,     17130,0,        1034295876,0.0,661
0,     17132,0,        1034343688,0.0,2673
1,     17134,4964,        1034382808,0.0,0.0
1,     17136,4965,        1034582812,0.0,0.0
1,     17138,4966,        1034782812,0.0,0.0
0,     17140,0,        1034943414,0.0,2821
1,     17142,4967,        1034982812,0.0,0.0
1,     17144,4968,        1035182816,0.0,0.0
0,     17146,0,        1035253347,0.0,5821
1,     17148,4969,        1035382816,0.0,0.0
1,     17150,4970,        1035582816,0.0,0.0
1,     17152,4971,        1035782820,0.0,0.0
0,     17154,0,        1035924534,0.0,4345
1,     17156,4972,        1035982820,0.0,0.0
0,     17158,0,        1036088437,0.0,4603
1,     17160,4973,        1036182820,0.0,0.0
1,     17162,4974,        1036382820,0.0,0.0
1,     17164,4975,        1036582824,0.0,0.0
1,     17166,4976,        1036782824,0.0,0.0
0,     17168,0,        1036869577,0.0,1629
1,     17170,4977,        1036982824,0.0,0.0
0,     17172,0,        1037001874,0.0,4208
1,     17174,4978,        1037182828,0.0,0.0
0,     17176,0,        1037253226,0.0,4295
0,     17177,0,        1037253424,0.0,3497
1,     17179,4979,        1037382828,0.0,0.0
0,     17181,0,        1037528402,0.0,6044
1,     17183,4980,        1037582828,0.0,0.0
1,     17185,4981,        1037782828,0.0,0.0
0,     17187,0,        1037923229,0.0,5501
1,     17189,4982,        1037982832,0.0,0.0
0,     17191,0,        1038170248,0.0,1284
1,     17193,4983,        1038182832,0.0,0.0
1,     17195,4984,        1038382832,0.0,0.0
0,     17197,0,        1038427600,0.0,5231
1,     17199,4985,        1038582836,0.0,0.0
1,     17201,4986,        1038782836,0.0,0.0
1,     17203,4987,        1038982836,0.0,0.0
1,     17205,4988,        1039182840,0.0,0.0
1,     17207,4989,        1039382840,0.0,0.0
0,     17209,0,        1039573049,0.0,3095
1,     17211,4990,        1039582840,0.0,0.0
0,     17213,0,        1039674995,0.0,4301
1,     17215,4991,        1039782840,0.0,0.0
0,     17217,0,        1039861909,0.0,5959
0,     17219,0,        1039887344,0.0,427
1,     17221,4992,        1039982844,0.0,0.0
0,     17223,0,        1040000592,0.0,1557
0,     17224,0,        1040000601,0.0,2097
1,     17226,4993,        1040182844,0.0,0.0
1,     17228,4994,        1040382844,0.0,0.0
1,     17230,4995,        1040582848,0.0,0.0
1,     17232,4996,        1040782848,0.0,0.0
1,     17234,4997,        1040982848,0.0,0.0
0,     17236,0,        1041098832,0.0,2972
1,     17238,4998,        1041182852,0.0,0.0
1,     17240,4999,        1041382852,0.0,0.0
1,     17242,5000,        1041582852,0.0,0.0
1,     17244,5001,        1041782852,0.0,0.0
1,     17246,5002,        1041982856,0.0,0.0
1,     17248,5003,        1042182856,0.0,0.0
0,     17250,0,        1042373481,0.0,2468
1,     17252,5004,        1042382856,0.0,0.0
0,     17254,0,        1042513194,0.0,1296
1,     17256,5005,        1042582860,0.0,0.0
1,     17258,5006,        1042782860,0.0,0.0
1,     17260,5007,        1042982860,0.0,0.0
0,     17262,0,        1043032014,0.0,3375
1,     17264,5008,        1043182864,0.0,0.0
1,     17266,5009,        1043382864,0.0,0.0
1,     17268,5010,        1043582864,0.0,0.0
0,     17270,0,        1043731781,0.0,5175
1,     17272,5011,        1043782864,0.0,0.0
1,     17274,5012,        1043982868,0.0,0.0
1,     17276,5013,        1044182868,0.0,0.0
1,     17278,5014,        1044382868,0.0,0.0
1,     17280,5015,        1044582872,0.0,0.0
0,     17282,0,        1044725278,0.0,2507
1,     17284,5016,        1044782872,0.0,0.0
1,     17286,5017,        1044982872,0.0,0.0
1,     17288,5018,        1045182876,0.0,0.0
1,     17290,5019,        1045382876,0.0,0.0
0,     17292,0,        1045401925,0.0,3175
0,     17294,0,        1045550139,0.0,1891
1,     17296,5020,        1045582876,0.0,0.0
1,     17298,5021,        1045782876,0.0,0.0
0,     17300,0,        1045844659,0.0,4587
0,     17302,0,        1045918338,0.0,1469
1,     17304,5022,        1045982880,0.0,0.0
1,     17306,5023,        1046182880,0.0,0.0
1,     17308,5024,        1046382880,0.0,0.0
0,     17310,0,        1046526457,0.0,2173
1,     17312,5025,        1046582884,0.0,0.0
0,     17314,0,        1046778742,0.0,922
1,     17316,5026,        1046782884,0.0,0.0
0,     17318,0,        1046850133,0.0,253
0,     17320,0,        1046975676,0.0,3011
1,     17322,5027,        1046982884,0.0,0.0
0,     17324,0,        1047042310,0.0,1994
1,     17326,5028,        1047182884,0.0,0.0
1,     17328,5029,        1047382888,0.0,0.0
1,     17330,5030,        1047582888,0.0,0.0
0,     17332,0,        1047658658,0.0,3430
1,     17334,5031,        1047782888,0.0,0.0
0,     17336,0,        1047830685,0.0,5443
0,     17338,0,        1047876765,0.0,3018
0,     17339,0,        1047876767,0.0,991
0,     17341,0,        1047882545,0.0,213
1,     17343,5032,        1047982892,0.0,0.0
1,     17345,5033,        1048182892,0.0,0.0
0,     17347,0,        1048245491,0.0,2473
0,     17349,0,        1048247745,0.0,3494
0,     17351,0,        1048340505,0.0,130
1,     17353,5034,        1048382892,0.0,0.0
0,     17355,0,        1048390821,0.0,632
1,     17357,5035,        1048582896,0.0,0.0
0,     17359,0,        1048693778,0.0,3416
1,     17361,5036,        1048782896,0.0,0.0
0,     17363,0,        1048930997,0.0,5211
1,     17365,5037,        1048982896,0.0,0.0
1,     17367,5038,        1049182896,0.0,0.0
1,     17369,5039,        1049382900,0.0,0.0
1,     17371,5040,        1049582900,0.0,0.0
0,     17373,0,        1049637598,0.0,3841
1,     17375,5041,        1049782900,0.0,0.0
0,     17377,0,        1049879620,0.0,5102
0,     17379,0,        1049961897,0.0,237
1,     17381,5042,        1049982904,0.0,0.0
0,     17383,0,        1050054753,0.0,1130
1,     17385,5043,        1050182904,0.0,0.0
0,     17387,0,        1050270070,0.0,3351
0,     17389,0,        1050380599,0.0,5815
1,     17391,5044,        1050382904,0.0,0.0
1,     17393,5045,        1050582908,0.0,0.0
0,     17395,0,        1050645886,0.0,1656
0,     17397,0,        1050691251,0.0,526
0,     17398,0,        1050691525,0.0,206
0,     17400,0,        1050722396,0.0,5006
1,     17402,5046,        1050782908,0.0,0.0
0,     17404,0,        1050965977,0.0,4943
1,     17406,5047,        1050982908,0.0,0.0
0,     17408,0,        1051041242,0.0,3860
1,     17410,5048,        1051182908,0.0,0.0
0,     17412,0,        1051253711,0.0,4937
0,     17414,0,        1051303126,0.0,1026
1,     17416,5049,        1051382912,0.0,0.0
1,     17418,5050,        1051582912,0.0,0.0
0,     17420,0,        1051681664,0.0,3958
1,     17422,5051,        1051782912,0.0,0.0
0,     17424,0,        1051888659,0.0,3881
1,     17426,5052,        1051982916,0.0,0.0
0,     17428,0,        1052178708,0.0,2529
1,     17430,5053,        1052182916,0.0,0.0
1,     17432,5054,        1052382916,0.0,0.0
1,     17434,5055,        1052582920,0.0,0.0
1,     17436,5056,        1052782920,0.0,0.0
0,     17438,0,        1052791203,0.0,5630
1,     17440,5057,        1052982920,0.0,0.0
0,     17442,0,        1052991779,0.0,6004
1,     17444,5058,        1053182920,0.0,0.0
1,     17446,5059,        1053382924,0.0,0.0
1,     17448,5060,        1053582924,0.0,0.0
0,     17450,0,        1053700808,0.0,2342
0,     17452,0,        1053730592,0.0,4556
1,     17454,5061,        1053782924,0.0,0.0
1,     17456,5062,        1053982928,0.0,0.0
0,     17458,0,        1054030754,0.0,1441
1,     17460,5063,        1054182928,0.0,0.0
1,     17462,5064,        1054382928,0.0,0.0
0,     17464,0,        1054427381,0.0,1584
0,     17466,0,        1054581352,0.0,3517
1,     17468,5065,        1054582928,0.0,0.0
0,     17470,0,        1054754381,0.0,791
1,     17472,5066,        1054782932,0.0,0.0
1,     17474,5067,        1054982932,0.0,0.0
0,     17476,0,        1054996767,0.0,6052
0,     17478,0,        1055081589,0.0,3708
0,     17480,0,        1055109396,0.0,3895
1,     17482,5068,        1055182932,0.0,0.0
0,     17484,0,        1055348649,0.0,2398
1,     17486,5069,        1055382936,0.0,0.0
1,     17488,5070,        1055582936,0.0,0.0
1,     17490,5071,        1055782936,0.0,0.0
1,     17492,5072,        1055982940,0.0,0.0
1,     17494,5073,        1056182940,0.0,0.0
0,     17496,0,        1056346642,0.0,1767
1,     17498,5074,        1056382940,0.0,0.0
0,     17500,0,        1056451106,0.0,3241
1,     17502,5075,        1056582940,0.0,0.0
1,     17504,5076,        1056782944,0.0,0.0
1,     17506,5077,        1056982944,0.0,0.0
1,     17508,5078,        1057182944,0.0,0.0
0,     17510,0,        1057380733,0.0,2068
1,     17512,5079,        1057382948,0.0,0.0
1,     17514,5080,        1057582948,0.0,0.0
1,     17516,5081,        1057782948,0.0,0.0
1,     17518,5082,        1057982952,0.0,0.0
1,     17520,5083,        1058182952,0.0,0.0
1,     17522,5084,        1058382952,0.0,0.0
0,     17524,0,        1058532014,0.0,4296
1,     17526,5085,        1058582952,0.0,0.0
0,     17528,0,        1058776231,0.0,4073
0,     17529,0,        1058776246,0.0,1734
1,     17531,5086,        1058782956,0.0,0.0
0,     17533,0,        1058847066,0.0,6054
0,     17535,0,        1058856992,0.0,5604
1,     17537,5087,        1058982956,0.0,0.0
1,     17539,5088,        1059182956,0.0,0.0
0,     17541,0,        1059286971,0.0,2433
1,     17543,5089,        1059382960,0.0,0.0
0,     17545,0,        1059462307,0.0,5772
0,     17547,0,        1059465666,0.0,4245
0,     17549,0,        1059569407,0.0,3440
1,     17551,5090,        1059582960,0.0,0.0
1,     17553,5091,        1059782960,0.0,0.0
1,     17555,5092,        1059982960,0.0,0.0
1,     17557,5093,        1060182964,0.0,0.0
0,     17559,0,        1060271612,0.0,3819
1,     17561,5094,        1060382964,0.0,0.0
0,     17563,0,        1060393549,0.0,5571
0,     17565,0,        1060424258,0.0,5449
1,     17567,5095,        1060582964,0.0,0.0
1,     17569,5096,        1060782968,0.0,0.0
0,     17571,0,        1060903761,0.0,5142
0,     17573,0,        1060937746,0.0,5348
1,     17575,5097,        1060982968,0.0,0.0
1,     17577,5098,        1061182968,0.0,0.0
0,     17579,0,        1061334371,0.0,458
1,     17581,5099,        1061382972,0.0,0.0
0,     17583,0,        1061455177,0.0,2395
1,     17585,5100,        1061582972,0.0,0.0
1,     17587,5101,        1061782972,0.0,0.0
0,     17589,0,        1061871612,0.0,3611
1,     17591,5102,        1061982972,0.0,0.0
1,     17593,5103,        1062182976,0.0,0.0
1,     17595,5104,        1062382976,0.0,0.0
0,     17597,0,        1062479974,0.0,4713
1,     17599,5105,        1062582976,0.0,0.0
0,     17601,0,        1062604699,0.0,4058
1,     17603,5106,        1062782980,0.0,0.0
0,     17605,0,        1062894725,0.0,754
1,     17607,5107,        1062982980,0.0,0.0
0,     17609,0,        1063052030,0.0,5349
1,     17611,5108,        1063182980,0.0,0.0
1,     17613,5109,        1063382984,0.0,0.0
1,     17615,5110,        1063582984,0.0,0.0
0,     17617,0,        1063629854,0.0,4257
1,     17619,5111,        1063782984,0.0,0.0
0,     17621,0,        1063940285,0.0,516
0,     17623,0,        1063945860,0.0,1649
1,     17625,5112,        1063982984,0.0,0.0
0,     17627,0,        1064048891,0.0,321
0,     17629,0,        1064177222,0.0,5429
1,     17631,5113,        1064182988,0.0,0.0
0,     17633,0,        1064239537,0.0,794
0,     17635,0,        1064245429,0.0,4221
1,     17637,5114,        1064382988,0.0,0.0
1,     17639,5115,        1064582988,0.0,0.0
0,     17641,0,        1064590770,0.0,1039
1,     17643,5116,        1064782992,0.0,0.0
0,     17645,0,        1064940126,0.0,1924
1,     17647,5117,        1064982992,0.0,0.0
1,     17649,5118,        1065182992,0.0,0.0
0,     17651,0,        1065245026,0.0,117
1,     17653,5119,        1065382996,0.0,0.0
1,     17655,5120,        1065582996,0.0,0.0
1,     17657,5121,        1065782996,0.0,0.0
1,     17659,5122,        1065982996,0.0,0.0
1,     17661,5123,        1066183000,0.0,0.0
1,     17663,5124,        1066383000,0.0,0.0
0,     17665,0,        1066517491,0.0,655
0,     17667,0,        1066517595,0.0,1948
1,     17669,5125,        1066583000,0.0,0.0
0,     17671,0,        1066722672,0.0,465
1,     17673,5126,        1066783004,0.0,0.0
1,     17675,5127,        1066983004,0.0,0.0
1,     17677,5128,        1067183004,0.0,0.0
0,     17679,0,        1067186806,0.0,5707
0,     17681,0,        1067353798,0.0,1754
1,     17683,5129,        1067383008,0.0,0.0
1,     17685,5130,        1067583008,0.0,0.0
1,     17687,5131,        1067783008,0.0,0.0
1,     17689,5132,        1067983008,0.0,0.0
1,     17691,5133,        1068183012,0.0,0.0
1,     17693,5134,        1068383012,0.0,0.0
1,     17695,5135,        1068583012,0.0,0.0
0,     17697,0,        1068654638,0.0,1328
0,     17699,0,        1068750951,0.0,3306
1,     17701,5136,        1068783016,0.0,0.0
0,     17703,0,        1068954969,0.0,5263
1,     17705,5137,        1068983016,0.0,0.0
0,     17707,0,        1069107183,0.0,1067
1,     17709,5138,        1069183016,0.0,0.0
1,     17711,5139,        1069383016,0.0,0.0
1,     17713,5140,        1069583020,0.0,0.0
1,     17715,5141,        1069783020,0.0,0.0
1,     17717,5142,        1069983020,0.0,0.0
1,     17719,5143,        1070183024,0.0,0.0
0,     17721,0,        1070265079,0.0,3728
1,     17723,5144,        1070383024,0.0,0.0
0,     17725,0,        1070456885,0.0,4966
0,     17726,0,        1070456892,0.0,4008
0,     17727,0,        1070456954,0.0,4812
1,     17729,5145,        1070583024,0.0,0.0
1,     17731,5146,        1070783028,0.0,0.0
0,     17733,0,        1070868110,0.0,809
1,     17735,5147,        1070983028,0.0,0.0
1,     17737,5148,        1071183028,0.0,0.0
1,     17739,5149,        1071383028,0.0,0.0
1,     17741,5150,        1071583032,0.0,0.0
1,     17743,5151,        1071783032,0.0,0.0
0,     17745,0,        1071847394,0.0,5659
1,     17747,5152,        1071983032,0.0,0.0
1,     17749,5153,        1072183036,0.0,0.0
1,     17751,5154,        1072383036,0.0,0.0
0,     17753,0,        1072576429,0.0,4791
1,     17755,5155,        1072583036,0.0,0.0
0,     17757,0,        1072628222,0.0,5453
1,     17759,5156,        1072783040,0.0,0.0
1,     17761,5157,        1072983040,0.0,0.0
1,     17763,5158,        1073183040,0.0,0.0
1,     17765,5159,        1073383040,0.0,0.0
0,     17767,0,        1073429652,0.0,799
0,     17769,0,        1073539999,0.0,5604
1,     17771,5160,        1073583044,0.0,0.0
1,     17773,5161,        1073783044,0.0,0.0
0,     17775,0,        1073853278,0.0,5502
0,     17777,0,        1073854647,0.0,700
0,     17779,0,        1073967564,0.0,3042
1,     17781,5162,        1073983044,0.0,0.0
1,     17783,5163,        1074183048,0.0,0.0
0,     17785,0,        1074183786,0.0,2738
1,     17787,5164,        1074383048,0.0,0.0
1,     17789,5165,        1074583048,0.0,0.0
1,     17791,5166,        1074783048,0.0,0.0
0,     17793,0,        1074865825,0.0,4615
0,     17794,0,        1074866047,0.0,3608
1,     17796,5167,        1074983052,0.0,0.0
1,     17798,5168,        1075183052,0.0,0.0
1,     17800,5169,        1075383052,0.0,0.0
0,     17802,0,        1075544594,0.0,5839
0,     17804,0,        1075549949,0.0,4798
0,     17806,0,        1075565689,0.0,4611
1,     17808,5170,        1075583056,0.0,0.0
1,     17810,5171,        1075783056,0.0,0.0
1,     17812,5172,        1075983056,0.0,0.0
1,     17814,5173,        1076183060,0.0,0.0
0,     17816,0,        1076230598,0.0,1711
1,     17818,5174,        1076383060,0.0,0.0
0,     17820,0,        1076415134,0.0,2510
0,     17822,0,        1076481635,0.0,206
1,     17824,5175,        1076583060,0.0,0.0
0,     17826,0,        1076612397,0.0,3055
0,     17827,0,        1076612856,0.0,2796
1,     17829,5176,        1076783060,0.0,0.0
0,     17831,0,        1076816812,0.0,3269
0,     17833,0,        1076980468,0.0,354
1,     17835,5177,        1076983064,0.0,0.0
0,     17837,0,        1077104016,0.0,1603
1,     17839,5178,        1077183064,0.0,0.0
1,     17841,5179,        1077383064,0.0,0.0
0,     17843,0,        1077425749,0.0,2038
1,     17845,5180,        1077583068,0.0,0.0
0,     17847,0,        1077758359,0.0,6060
0,     17849,0,        1077780945,0.0,1497
1,     17851,5181,        1077783068,0.0,0.0
1,     17853,5182,        1077983068,0.0,0.0
0,     17855,0,        1078067368,0.0,3062
1,     17857,5183,        1078183072,0.0,0.0
1,     17859,5184,        1078383072,0.0,0.0
0,     17861,0,        1078409759,0.0,5620
1,     17863,5185,        1078583072,0.0,0.0
1,     17865,5186,        1078783072,0.0,0.0
0,     17867,0,        1078841794,0.0,4784
0,     17869,0,        1078868071,0.0,4896
0,     17871,0,        1078903696,0.0,5125
1,     17873,5187,        1078983076,0.0,0.0
1,     17875,5188,        1079183076,0.0,0.0
1,     17877,5189,        1079383076,0.0,0.0
1,     17879,5190,        1079583080,0.0,0.0
1,     17881,5191,        1079783080,0.0,0.0
1,     17883,5192,        1079983080,0.0,0.0
1,     17885,5193,        1080183084,0.0,0.0
0,     17887,0,        1080317005,0.0,5980
1,     17889,5194,        1080383084,0.0,0.0
1,     17891,5195,        1080583084,0.0,0.0
1,     17893,5196,        1080783084,0.0,0.0
1,     17895,5197,        1080983088,0.0,0.0
0,     17897,0,        1081107879,0.0,5344
1,     17899,5198,        1081183088,0.0,0.0
1,     17901,5199,        1081383088,0.0,0.0
1,     17903,5200,        1081583092,0.0,0.0
0,     17905,0,        1081610029,0.0,3883
1,     17907,5201,        1081783092,0.0,0.0
0,     17909,0,        1081914365,0.0,4037
1,     17911,5202,        1081983092,0.0,0.0
0,     17913,0,        1082164614,0.0,3244
1,     17915,5203,        1082183092,0.0,0.0
1,     17917,5204,        1082383096,0.0,0.0
1,     17919,5205,        1082583096,0.0,0.0
0,     17921,0,        1082758046,0.0,3108
1,     17923,5206,        1082783096,0.0,0.0
0,     17925,0,        1082796840,0.0,1312
1,     17927,5207,        1082983100,0.0,0.0
1,     17929,5208,        1083183100,0.0,0.0
1,     17931,5209,        1083383100,0.0,0.0
1,     17933,5210,        1083583104,0.0,0.0
1,     17935,5211,        1083783104,0.0,0.0
1,     17937,5212,        1083983104,0.0,0.0
0,     17939,0,        1084136724,0.0,4465
1,     17941,5213,        1084183104,0.0,0.0
1,     17943,5214,        1084383108,0.0,0.0
0,     17945,0,        1084419664,0.0,3647
1,     17947,5215,        1084583108,0.0,0.0
1,     17949,5216,        1084783108,0.0,0.0
0,     17951,0,        1084808783,0.0,4988
0,     17953,0,        1084963770,0.0,3393
1,     17955,5217,        1084983112,0.0,0.0
0,     17957,0,        1085155747,0.0,3393
1,     17959,5218,        1085183112,0.0,0.0
0,     17961,0,        1085255450,0.0,5589
1,     17963,5219,        1085383112,0.0,0.0
0,     17965,0,        1085420629,0.0,4328
0,     17967,0,        1085447576,0.0,3178
0,     17968,0,        1085447578,0.0,5706
1,     17970,5220,        1085583116,0.0,0.0
1,     17972,5221,        1085783116,0.0,0.0
0,     17974,0,        1085886596,0.0,2344
1,     17976,5222,        1085983116,0.0,0.0
0,     17977,0,        1085983652,0.0,1471
1,     17979,5223,        1086183116,0.0,0.0
1,     17981,5224,        1086383120,0.0,0.0
0,     17983,0,        1086542903,0.0,2590
1,     17985,5225,        1086583120,0.0,0.0
0,     17987,0,        1086657676,0.0,333
0,     17989,0,        1086704615,0.0,2577
1,     17991,5226,        1086783120,0.0,0.0
1,     17993,5227,        1086983124,0.0,0.0
0,     17995,0,        1087167051,0.0,4398
1,     17997,5228,        1087183124,0.0,0.0
0,     17999,0,        1087320379,0.0,3090
0,     18001,0,        1087326219,0.0,4227
0,     18003,0,        1087373607,0.0,1290
1,     18005,5229,        1087383124,0.0,0.0
0,     18007,0,        1087389807,0.0,3097
0,     18009,0,        1087449250,0.0,51
0,     18011,0,        1087489681,0.0,3027
0,     18013,0,        1087510127,0.0,3025
1,     18015,5230,        1087583124,0.0,0.0
1,     18017,5231,        1087783128,0.0,0.0
0,     18019,0,        1087850967,0.0,515
1,     18021,5232,        1087983128,0.0,0.0
0,     18023,0,        1088118534,0.0,3079
1,     18025,5233,        1088183128,0.0,0.0
0,     18027,0,        1088198462,0.0,4683
0,     18029,0,        1088334974,0.0,3076
0,     18031,0,        1088343853,0.0,4410
1,     18033,5234,        1088383132,0.0,0.0
1,     18035,5235,        1088583132,0.0,0.0
0,     18037,0,        1088669083,0.0,3542
1,     18039,5236,        1088783132,0.0,0.0
0,     18041,0,        1088808459,0.0,2039
0,     18043,0,        1088927827,0.0,2652
0,     18045,0,        1088981191,0.0,3097
1,     18047,5237,        1088983136,0.0,0.0
0,     18049,0,        1089093562,0.0,556
1,     18051,5238,        1089183136,0.0,0.0
1,     18053,5239,        1089383136,0.0,0.0
1,     18055,5240,        1089583140,0.0,0.0
1,     18057,5241,        1089783140,0.0,0.0
1,     18059,5242,        1089983140,0.0,0.0
0,     18061,0,        1090123126,0.0,953
0,     18063,0,        1090158056,0.0,3282
1,     18065,5243,        1090183140,0.0,0.0
1,     18067,5244,        1090383144,0.0,0.0
1,     18069,5245,        1090583144,0.0,0.0
1,     18071,5246,        1090783144,0.0,0.0
1,     18073,5247,        1090983148,0.0,0.0
1,     18075,5248,        1091183148,0.0,0.0
0,     18077,0,        1091203079,0.0,3312
1,     18079,5249,        1091383148,0.0,0.0
1,     18081,5250,        1091583148,0.0,0.0
0,     18083,0,        1091649995,0.0,3490
1,     18085,5251,        1091783152,0.0,0.0
1,     18087,5252,        1091983152,0.0,0.0
1,     18089,5253,        1092183152,0.0,0.0
0,     18091,0,        1092259471,0.0,3059
1,     18093,5254,        1092383156,0.0,0.0
1,     18095,5255,        1092583156,0.0,0.0
1,     18097,5256,        1092783156,0.0,0.0
0,     18099,0,        1092975164,0.0,1309
1,     18101,5257,        1092983160,0.0,0.0
0,     18103,0,        1093078015,0.0,483
1,     18105,5258,        1093183160,0.0,0.0
1,     18107,5259,        1093383160,0.0,0.0
0,     18109,0,        1093497505,0.0,3344
1,     18111,5260,        1093583160,0.0,0.0
0,     18113,0,        1093614230,0.0,3364
1,     18115,5261,        1093783164,0.0,0.0
0,     18117,0,        1093820816,0.0,5963
0,     18119,0,        1093926683,0.0,177
1,     18121,5262,        1093983164,0.0,0.0
1,     18123,5263,        1094183164,0.0,0.0
0,     18125,0,        1094302145,0.0,1295
0,     18127,0,        1094314344,0.0,3552
1,     18129,5264,        1094383168,0.0,0.0
0,     18131,0,        1094391272,0.0,3159
1,     18133,5265,        1094583168,0.0,0.0
0,     18135,0,        1094703036,0.0,5982
1,     18137,5266,        1094783168,0.0,0.0
1,     18139,5267,        1094983172,0.0,0.0
0,     18141,0,        1095111396,0.0,3322
1,     18143,5268,        1095183172,0.0,0.0
0,     18145,0,        1095229686,0.0,3084
1,     18147,5269,        1095383172,0.0,0.0
0,     18149,0,        1095567283,0.0,2775
0,     18151,0,        1095567997,0.0,509
1,     18153,5270,        1095583172,0.0,0.0
1,     18155,5271,        1095783176,0.0,0.0
1,     18157,5272,        1095983176,0.0,0.0
0,     18159,0,        1096015905,0.0,1162
0,     18161,0,        1096157445,0.0,1751
1,     18163,5273,        1096183176,0.0,0.0
1,     18165,5274,        1096383180,0.0,0.0
1,     18167,5275,        1096583180,0.0,0.0
0,     18169,0,        1096670540,0.0,2469
0,     18171,0,        1096681776,0.0,2569
1,     18173,5276,        1096783180,0.0,0.0
1,     18175,5277,        1096983180,0.0,0.0
1,     18177,5278,        1097183184,0.0,0.0
0,     18179,0,        1097277404,0.0,2183
1,     18181,5279,        1097383184,0.0,0.0
1,     18183,5280,        1097583184,0.0,0.0
1,     18185,5281,        1097783188,0.0,0.0
0,     18187,0,        1097934570,0.0,5705
0,     18189,0,        1097947144,0.0,3710
1,     18191,5282,        1097983188,0.0,0.0
1,     18193,5283,        1098183188,0.0,0.0
0,     18195,0,        1098223631,0.0,807
0,     18197,0,        1098350951,0.0,2195
1,     18199,5284,        1098383192,0.0,0.0
0,     18201,0,        1098461401,0.0,3471
0,     18203,0,        1098485682,0.0,5096
1,     18205,5285,        1098583192,0.0,0.0
0,     18207,0,        1098591017,0.0,4101
0,     18209,0,        1098651018,0.0,2133
1,     18211,5286,        1098783192,0.0,0.0
0,     18213,0,        1098891562,0.0,2386
0,     18215,0,        1098968077,0.0,1314
1,     18217,5287,        1098983192,0.0,0.0
1,     18219,5288,        1099183196,0.0,0.0
0,     18221,0,        1099303428,0.0,4368
1,     18223,5289,        1099383196,0.0,0.0
1,     18225,5290,        1099583196,0.0,0.0
0,     18227,0,        1099769566,0.0,17
1,     18229,5291,        1099783200,0.0,0.0
1,     18231,5292,        1099983200,0.0,0.0
0,     18233,0,        1100048757,0.0,930
1,     18235,5293,        1100183200,0.0,0.0
1,     18237,5294,        1100383204,0.0,0.0
0,     18239,0,        1100493377,0.0,1706
1,     18241,5295,        1100583204,0.0,0.0
1,     18243,5296,        1100783204,0.0,0.0
1,     18245,5297,        1100983204,0.0,0.0
1,     18247,5298,        1101183208,0.0,0.0
0,     18249,0,        1101260345,0.0,4724
1,     18251,5299,        1101383208,0.0,0.0
1,     18253,5300,        1101583208,0.0,0.0
1,     18255,5301,        1101783212,0.0,0.0
1,     18257,5302,        1101983212,0.0,0.0
0,     18259,0,        1102015821,0.0,3159
0,     18260,0,        1102015901,0.0,1591
0,     18262,0,        1102035909,0.0,2890
0,     18264,0,        1102153666,0.0,4126
1,     18266,5303,        1102183212,0.0,0.0
0,     18268,0,        1102364195,0.0,1193
1,     18270,5304,        1102383216,0.0,0.0
0,     18272,0,        1102509952,0.0,5136
1,     18274,5305,        1102583216,0.0,0.0
1,     18276,5306,        1102783216,0.0,0.0
1,     18278,5307,        1102983216,0.0,0.0
1,     18280,5308,        1103183220,0.0,0.0
1,     18282,5309,        1103383220,0.0,0.0
1,     18284,5310,        1103583220,0.0,0.0
1,     18286,5311,        1103783224,0.0,0.0
1,     18288,5312,        1103983224,0.0,0.0
0,     18290,0,        1104029609,0.0,194
1,     18292,5313,        1104183224,0.0,0.0
0,     18294,0,        1104191863,0.0,2589
1,     18296,5314,        1104383224,0.0,0.0
1,     18298,5315,        1104583228,0.0,0.0
0,     18300,0,        1104686301,0.0,5573
1,     18302,5316,        1104783228,0.0,0.0
1,     18304,5317,        1104983228,0.0,0.0
1,     18306,5318,        1105183232,0.0,0.0
1,     18308,5319,        1105383232,0.0,0.0
0,     18310,0,        1105573541,0.0,652
1,     18312,5320,        1105583232,0.0,0.0
1,     18314,5321,        1105783236,0.0,0.0
0,     18316,0,        1105791256,0.0,5974
0,     18317,0,        1105791258,0.0,4178
0,     18319,0,        1105932636,0.0,1669
1,     18321,5322,        1105983236,0.0,0.0
0,     18323,0,        1106085792,0.0,4210
0,     18325,0,        1106123676,0.0,467
0,     18327,0,        1106182043,0.0,3828
0,     18329,0,        1106182848,0.0,3797
1,     18331,5323,        1106183236,0.0,0.0
1,     18333,5324,        1106383236,0.0,0.0
1,     18335,5325,        1106583240,0.0,0.0
1,     18337,5326,        1106783240,0.0,0.0
0,     18339,0,        1106808993,0.0,3733
0,     18341,0,        1106907748,0.0,1109
1,     18343,5327,        1106983240,0.0,0.0
1,     18345,5328,        1107183244,0.0,0.0
1,     18347,5329,        1107383244,0.0,0.0
0,     18349,0,        1107386628,0.0,3550
1,     18351,5330,        1107583244,0.0,0.0
0,     18353,0,        1107657523,0.0,6128
1,     18355,5331,        1107783248,0.0,0.0
0,     18357,0,        1107797486,0.0,1844
1,     18359,5332,        1107983248,0.0,0.0
0,     18361,0,        1108015475,0.0,5845
0,     18363,0,        1108038599,0.0,5090
0,     18365,0,        1108146459,0.0,5802
1,     18367,5333,        1108183248,0.0,0.0
0,     18369,0,        1108274745,0.0,3033
0,     18371,0,        1108289185,0.0,4586
1,     18373,5334,        1108383248,0.0,0.0
1,     18375,5335,        1108583252,0.0,0.0
1,     18377,5336,        1108783252,0.0,0.0
1,     18379,5337,        1108983252,0.0,0.0
0,     18381,0,        1109086937,0.0,204
1,     18383,5338,        1109183256,0.0,0.0
0,     18385,0,        1109380176,0.0,1007
1,     18387,5339,        1109383256,0.0,0.0
1,     18389,5340,        1109583256,0.0,0.0
0,     18391,0,        1109589285,0.0,1293
0,     18393,0,        1109714028,0.0,43
0,     18395,0,        1109730815,0.0,951
1,     18397,5341,        1109783256,0.0,0.0
0,     18399,0,        1109967829,0.0,3343
1,     18401,5342,        1109983260,0.0,0.0
1,     18403,5343,        1110183260,0.0,0.0
0,     18405,0,        1110256251,0.0,1778
0,     18407,0,        1110290908,0.0,1738
0,     18409,0,        1110366359,0.0,5046
1,     18411,5344,        1110383260,0.0,0.0
1,     18413,5345,        1110583264,0.0,0.0
0,     18415,0,        1110779155,0.0,44
1,     18417,5346,        1110783264,0.0,0.0
0,     18419,0,        1110833205,0.0,1800
0,     18421,0,        1110964600,0.0,4461
1,     18423,5347,        1110983264,0.0,0.0
1,     18425,5348,        1111183268,0.0,0.0
1,     18427,5349,        1111383268,0.0,0.0
1,     18429,5350,        1111583268,0.0,0.0
0,     18431,0,        1111618295,0.0,752
1,     18433,5351,        1111783268,0.0,0.0
0,     18435,0,        1111810770,0.0,1705
0,     18437,0,        1111911513,0.0,4929
1,     18439,5352,        1111983272,0.0,0.0
0,     18441,0,        1112170485,0.0,4252
1,     18443,5353,        1112183272,0.0,0.0
1,     18445,5354,        1112383272,0.0,0.0
1,     18447,5355,        1112583276,0.0,0.0
1,     18449,5356,        1112783276,0.0,0.0
1,     18451,5357,        1112983276,0.0,0.0
1,     18453,5358,        1113183280,0.0,0.0
1,     18455,5359,        1113383280,0.0,0.0
1,     18457,5360,        1113583280,0.0,0.0
1,     18459,5361,        1113783280,0.0,0.0
0,     18461,0,        1113844743,0.0,1373
1,     18463,5362,        1113983284,0.0,0.0
1,     18465,5363,        1114183284,0.0,0.0
0,     18467,0,        1114267319,0.0,1085
0,     18469,0,        1114268884,0.0,4250
1,     18471,5364,        1114383284,0.0,0.0
1,     18473,5365,        1114583288,0.0,0.0
0,     18475,0,        1114760948,0.0,5279
0,     18476,0,        1114761086,0.0,3197
1,     18478,5366,        1114783288,0.0,0.0
0,     18480,0,        1114796381,0.0,102
1,     18482,5367,        1114983288,0.0,0.0
0,     18484,0,        1115010256,0.0,5351
1,     18486,5368,        1115183292,0.0,0.0
1,     18488,5369,        1115383292,0.0,0.0
1,     18490,5370,        1115583292,0.0,0.0
0,     18492,0,        1115701205,0.0,1090
1,     18494,5371,        1115783292,0.0,0.0
1,     18496,5372,        1115983296,0.0,0.0
1,     18498,5373,        1116183296,0.0,0.0
1,     18500,5374,        1116383296,0.0,0.0
0,     18502,0,        1116437704,0.0,685
1,     18504,5375,        1116583300,0.0,0.0
0,     18506,0,        1116783249,0.0,1772
1,     18507,5376,        1116783300,0.0,0.0
0,     18509,0,        1116826924,0.0,3434
0,     18511,0,        1116876664,0.0,466
0,     18513,0,        1116888050,0.0,2637
1,     18515,5377,        1116983300,0.0,0.0
1,     18517,5378,        1117183304,0.0,0.0
0,     18519,0,        1117376288,0.0,1780
1,     18521,5379,        1117383304,0.0,0.0
0,     18523,0,        1117479019,0.0,1721
1,     18525,5380,        1117583304,0.0,0.0
1,     18527,5381,        1117783304,0.0,0.0
0,     18529,0,        1117795718,0.0,4940
0,     18531,0,        1117932419,0.0,3314
1,     18533,5382,        1117983308,0.0,0.0
1,     18535,5383,        1118183308,0.0,0.0
0,     18537,0,        1118259591,0.0,3776
1,     18539,5384,        1118383308,0.0,0.0
0,     18541,0,        1118421373,0.0,1693
0,     18543,0,        1118559392,0.0,2331
1,     18545,5385,        1118583312,0.0,0.0
1,     18547,5386,        1118783312,0.0,0.0
0,     18549,0,        1118943959,0.0,5484
1,     18551,5387,        1118983312,0.0,0.0
0,     18553,0,        1119044630,0.0,2646
0,     18554,0,        1119044634,0.0,2637
0,     18556,0,        1119089631,0.0,5390
1,     18558,5388,        1119183312,0.0,0.0
0,     18560,0,        1119207938,0.0,4635
0,     18562,0,        1119311140,0.0,3396
0,     18564,0,        1119341415,0.0,328
1,     18566,5389,        1119383316,0.0,0.0
0,     18568,0,        1119513399,0.0,1301
1,     18570,5390,        1119583316,0.0,0.0
0,     18572,0,        1119778333,0.0,5731
1,     18574,5391,        1119783316,0.0,0.0
1,     18576,5392,        1119983320,0.0,0.0
1,     18578,5393,        1120183320,0.0,0.0
1,     18580,5394,        1120383320,0.0,0.0
1,     18582,5395,        1120583324,0.0,0.0
1,     18584,5396,        1120783324,0.0,0.0
0,     18586,0,        1120822046,0.0,5569
1,     18588,5397,        1120983324,0.0,0.0
1,     18590,5398,        1121183324,0.0,0.0
0,     18592,0,        1121243287,0.0,945
0,     18594,0,        1121286983,0.0,5885
1,     18596,5399,        1121383328,0.0,0.0
1,     18598,5400,        1121583328,0.0,0.0
0,     18600,0,        1121691341,0.0,3323
1,     18602,5401,        1121783328,0.0,0.0
1,     18604,5402,        1121983332,0.0,0.0
0,     18606,0,        1122049158,0.0,3600
1,     18608,5403,        1122183332,0.0,0.0
1,     18610,5404,        1122383332,0.0,0.0
1,     18612,5405,        1122583336,0.0,0.0
0,     18614,0,        1122588584,0.0,4224
1,     18616,5406,        1122783336,0.0,0.0
1,     18618,5407,        1122983336,0.0,0.0
0,     18620,0,        1123055522,0.0,3088
0,     18622,0,        1123087907,0.0,6089
0,     18624,0,        1123163449,0.0,3046
1,     18626,5408,        1123183336,0.0,0.0
1,     18628,5409,        1123383340,0.0,0.0
0,     18630,0,        1123461663,0.0,3949
0,     18632,0,        1123529614,0.0,3063
0,     18634,0,        1123579512,0.0,3076
1,     18636,5410,        1123583340,0.0,0.0
0,     18638,0,        1123605145,0.0,3066
0,     18640,0,        1123645461,0.0,1724
0,     18642,0,        1123778218,0.0,3126
1,     18644,5411,        1123783340,0.0,0.0
0,     18646,0,        1123972572,0.0,3056
1,     18648,5412,        1123983344,0.0,0.0
1,     18650,5413,        1124183344,0.0,0.0
0,     18652,0,        1124238173,0.0,3891
1,     18654,5414,        1124383344,0.0,0.0
0,     18656,0,        1124411173,0.0,5054
0,     18657,0,        1124411176,0.0,6072
1,     18659,5415,        1124583344,0.0,0.0
0,     18661,0,        1124734497,0.0,3714
1,     18663,5416,        1124783348,0.0,0.0
1,     18665,5417,        1124983348,0.0,0.0
1,     18667,5418,        1125183348,0.0,0.0
1,     18669,5419,        1125383352,0.0,0.0
1,     18671,5420,        1125583352,0.0,0.0
0,     18673,0,        1125736151,0.0,2790
1,     18675,5421,        1125783352,0.0,0.0
1,     18677,5422,        1125983356,0.0,0.0
0,     18679,0,        1126039362,0.0,1659
1,     18681,5423,        1126183356,0.0,0.0
1,     18683,5424,        1126383356,0.0,0.0
0,     18685,0,        1126425139,0.0,1976
1,     18687,5425,        1126583356,0.0,0.0
1,     18689,5426,        1126783360,0.0,0.0
0,     18691,0,        1126906013,0.0,631
1,     18693,5427,        1126983360,0.0,0.0
1,     18695,5428,        1127183360,0.0,0.0
1,     18697,5429,        1127383364,0.0,0.0
0,     18699,0,        1127387311,0.0,2590
0,     18701,0,        1127424492,0.0,5598
0,     18703,0,        1127567055,0.0,1197
1,     18705,5430,        1127583364,0.0,0.0
1,     18707,5431,        1127783364,0.0,0.0
1,     18709,5432,        1127983368,0.0,0.0
1,     18711,5433,        1128183368,0.0,0.0
1,     18713,5434,        1128383368,0.0,0.0
0,     18715,0,        1128418488,0.0,1417
0,     18716,0,        1128419117,0.0,2920
0,     18718,0,        1128486461,0.0,3573
1,     18720,5435,        1128583368,0.0,0.0
1,     18722,5436,        1128783372,0.0,0.0
1,     18724,5437,        1128983372,0.0,0.0
0,     18726,0,        1129149688,0.0,211
1,     18728,5438,        1129183372,0.0,0.0
0,     18730,0,        1129371438,0.0,5899
0,     18732,0,        1129376132,0.0,2110
1,     18734,5439,        1129383376,0.0,0.0
1,     18736,5440,        1129583376,0.0,0.0
1,     18738,5441,        1129783376,0.0,0.0
1,     18740,5442,        1129983380,0.0,0.0
0,     18742,0,        1130109421,0.0,2014
1,     18744,5443,        1130183380,0.0,0.0
0,     18746,0,        1130233003,0.0,2495
0,     18748,0,        1130284871,0.0,1689
1,     18750,5444,        1130383380,0.0,0.0
0,     18752,0,        1130435545,0.0,1411
1,     18754,5445,        1130583380,0.0,0.0
0,     18756,0,        1130693893,0.0,5339
1,     18758,5446,        1130783384,0.0,0.0
1,     18760,5447,        1130983384,0.0,0.0
0,     18762,0,        1130989108,0.0,4845
1,     18764,5448,        1131183384,0.0,0.0
1,     18766,5449,        1131383388,0.0,0.0
1,     18768,5450,        1131583388,0.0,0.0
0,     18770,0,        1131737615,0.0,4101
1,     18772,5451,        1131783388,0.0,0.0
0,     18774,0,        1131827363,0.0,3588
1,     18776,5452,        1131983388,0.0,0.0
1,     18778,5453,        1132183392,0.0,0.0
1,     18780,5454,        1132383392,0.0,0.0
0,     18782,0,        1132387607,0.0,3059
0,     18784,0,        1132430599,0.0,6112
1,     18786,5455,        1132583392,0.0,0.0
0,     18788,0,        1132697745,0.0,569
1,     18790,5456,        1132783396,0.0,0.0
0,     18792,0,        1132824459,0.0,2336
0,     18794,0,        1132968351,0.0,3784
1,     18796,5457,        1132983396,0.0,0.0
1,     18798,5458,        1133183396,0.0,0.0
1,     18800,5459,        1133383400,0.0,0.0
0,     18802,0,        1133446790,0.0,54
0,     18804,0,        1133549057,0.0,2737
1,     18806,5460,        1133583400,0.0,0.0
1,     18808,5461,        1133783400,0.0,0.0
0,     18810,0,        1133784652,0.0,1697
1,     18812,5462,        1133983400,0.0,0.0
1,     18814,5463,        1134183404,0.0,0.0
1,     18816,5464,        1134383404,0.0,0.0
0,     18818,0,        1134486537,0.0,1513
1,     18820,5465,        1134583404,0.0,0.0
1,     18822,5466,        1134783408,0.0,0.0
1,     18824,5467,        1134983408,0.0,0.0
1,     18826,5468,        1135183408,0.0,0.0
1,     18828,5469,        1135383412,0.0,0.0
0,     18830,0,        1135405782,0.0,2590
1,     18832,5470,        1135583412,0.0,0.0
1,     18834,5471,        1135783412,0.0,0.0
1,     18836,5472,        1135983412,0.0,0.0
0,     18838,0,        1136110489,0.0,5925
1,     18840,5473,        1136183416,0.0,0.0
0,     18842,0,        1136194626,0.0,5823
1,     18844,5474,        1136383416,0.0,0.0
0,     18846,0,        1136409721,0.0,5940
1,     18848,5475,        1136583416,0.0,0.0
1,     18850,5476,        1136783420,0.0,0.0
0,     18852,0,        1136829786,0.0,2532
0,     18854,0,        1136964373,0.0,4459
0,     18855,0,        1136964461,0.0,5775
1,     18857,5477,        1136983420,0.0,0.0
1,     18859,5478,        1137183420,0.0,0.0
1,     18861,5479,        1137383420,0.0,0.0
1,     18863,5480,        1137583424,0.0,0.0
1,     18865,5481,        1137783424,0.0,0.0
1,     18867,5482,        1137983424,0.0,0.0
1,     18869,5483,        1138183428,0.0,0.0
1,     18871,5484,        1138383428,0.0,0.0
0,     18873,0,        1138402419,0.0,4736
1,     18875,5485,        1138583428,0.0,0.0
0,     18877,0,        1138717160,0.0,1348
0,     18879,0,        1138760495,0.0,1022
1,     18881,5486,        1138783432,0.0,0.0
0,     18883,0,        1138809421,0.0,3488
0,     18885,0,        1138872224,0.0,2892
1,     18887,5487,        1138983432,0.0,0.0
0,     18889,0,        1139024521,0.0,1826
0,     18891,0,        1139130234,0.0,3545
1,     18893,5488,        1139183432,0.0,0.0
1,     18895,5489,        1139383432,0.0,0.0
0,     18897,0,        1139393716,0.0,1995
1,     18899,5490,        1139583436,0.0,0.0
0,     18901,0,        1139760129,0.0,4536
1,     18903,5491,        1139783436,0.0,0.0
0,     18905,0,        1139943389,0.0,5997
1,     18907,5492,        1139983436,0.0,0.0
0,     18909,0,        1140036076,0.0,999
1,     18911,5493,        1140183440,0.0,0.0
1,     18913,5494,        1140383440,0.0,0.0
0,     18915,0,        1140549003,0.0,5144
1,     18917,5495,        1140583440,0.0,0.0
0,     18919,0,        1140658698,0.0,1301
0,     18921,0,        1140735054,0.0,3648
1,     18923,5496,        1140783444,0.0,0.0
0,     18925,0,        1140828195,0.0,1798
1,     18927,5497,        1140983444,0.0,0.0
0,     18929,0,        1141156190,0.0,3652
1,     18931,5498,        1141183444,0.0,0.0
1,     18933,5499,        1141383444,0.0,0.0
0,     18935,0,        1141541363,0.0,5253
1,     18937,5500,        1141583448,0.0,0.0
0,     18939,0,        1141778960,0.0,3026
1,     18941,5501,        1141783448,0.0,0.0
0,     18943,0,        1141918327,0.0,644
0,     18945,0,        1141928899,0.0,3125
0,     18946,0,        1141928913,0.0,2613
1,     18948,5502,        1141983448,0.0,0.0
1,     18950,5503,        1142183452,0.0,0.0
0,     18952,0,        1142257626,0.0,5821
1,     18954,5504,        1142383452,0.0,0.0
0,     18956,0,        1142410588,0.0,754
1,     18958,5505,        1142583452,0.0,0.0
1,     18960,5506,        1142783456,0.0,0.0
1,     18962,5507,        1142983456,0.0,0.0
0,     18964,0,        1143129157,0.0,2383
1,     18966,5508,        1143183456,0.0,0.0
1,     18968,5509,        1143383456,0.0,0.0
0,     18970,0,        1143470269,0.0,1008
0,     18972,0,        1143487253,0.0,3834
1,     18974,5510,        1143583460,0.0,0.0
1,     18976,5511,        1143783460,0.0,0.0
1,     18978,5512,        1143983460,0.0,0.0
1,     18980,5513,        1144183464,0.0,0.0
1,     18982,5514,        1144383464,0.0,0.0
0,     18984,0,        1144458697,0.0,5481
0,     18986,0,        1144550043,0.0,1390
1,     18988,5515,        1144583464,0.0,0.0
0,     18990,0,        1144698429,0.0,3195
1,     18992,5516,        1144783468,0.0,0.0
0,     18994,0,        1144810923,0.0,3690
1,     18996,5517,        1144983468,0.0,0.0
0,     18998,0,        1145013201,0.0,5967
1,     19000,5518,        1145183468,0.0,0.0
1,     19002,5519,        1145383468,0.0,0.0
0,     19004,0,        1145482974,0.0,985
1,     19006,5520,        1145583472,0.0,0.0
1,     19008,5521,        1145783472,0.0,0.0
1,     19010,5522,        1145983472,0.0,0.0
1,     19012,5523,        1146183476,0.0,0.0
1,     19014,5524,        1146383476,0.0,0.0
1,     19016,5525,        1146583476,0.0,0.0
1,     19018,5526,        1146783476,0.0,0.0
1,     19020,5527,        1146983480,0.0,0.0
0,     19022,0,        1147019316,0.0,2081
1,     19024,5528,        1147183480,0.0,0.0
0,     19026,0,        1147283764,0.0,6108
1,     19028,5529,        1147383480,0.0,0.0
0,     19030,0,        1147438320,0.0,1724
0,     19031,0,        1147438830,0.0,3791
0,     19033,0,        1147580669,0.0,3354
1,     19035,5530,        1147583484,0.0,0.0
1,     19037,5531,        1147783484,0.0,0.0
1,     19039,5532,        1147983484,0.0,0.0
0,     19041,0,        1148168572,0.0,770
0,     19042,0,        1148168574,0.0,2978
1,     19044,5533,        1148183488,0.0,0.0
1,     19046,5534,        1148383488,0.0,0.0
1,     19048,5535,        1148583488,0.0,0.0
0,     19050,0,        1148658252,0.0,62
1,     19052,5536,        1148783488,0.0,0.0
0,     19054,0,        1148929424,0.0,4428
1,     19056,5537,        1148983492,0.0,0.0
1,     19058,5538,        1149183492,0.0,0.0
0,     19060,0,        1149302790,0.0,1799
1,     19062,5539,        1149383492,0.0,0.0
1,     19064,5540,        1149583496,0.0,0.0
0,     19066,0,        1149745979,0.0,5111
1,     19068,5541,        1149783496,0.0,0.0
0,     19070,0,        1149912548,0.0,5310
1,     19072,5542,        1149983496,0.0,0.0
1,     19074,5543,        1150183500,0.0,0.0
1,     19076,5544,        1150383500,0.0,0.0
1,     19078,5545,        1150583500,0.0,0.0
1,     19080,5546,        1150783500,0.0,0.0
0,     19082,0,        1150885465,0.0,1263
1,     19084,5547,        1150983504,0.0,0.0
0,     19086,0,        1151070562,0.0,3436
1,     19088,5548,        1151183504,0.0,0.0
0,     19090,0,        1151199368,0.0,2972
1,     19092,5549,        1151383504,0.0,0.0
1,     19094,5550,        1151583508,0.0,0.0
0,     19096,0,        1151697762,0.0,1654
1,     19098,5551,        1151783508,0.0,0.0
1,     19100,5552,        1151983508,0.0,0.0
0,     19102,0,        1152114809,0.0,1017
0,     19104,0,        1152125019,0.0,4827
1,     19106,5553,        1152183508,0.0,0.0
0,     19108,0,        1152273300,0.0,5490
1,     19110,5554,        1152383512,0.0,0.0
1,     19112,5555,        1152583512,0.0,0.0
1,     19114,5556,        1152783512,0.0,0.0
0,     19116,0,        1152882914,0.0,657
1,     19118,5557,        1152983516,0.0,0.0
0,     19120,0,        1153108465,0.0,4448
1,     19122,5558,        1153183516,0.0,0.0
0,     19124,0,        1153239091,0.0,3469
1,     19126,5559,        1153383516,0.0,0.0
1,     19128,5560,        1153583520,0.0,0.0
0,     19130,0,        1153746171,0.0,330
0,     19132,0,        1153749880,0.0,694
1,     19134,5561,        1153783520,0.0,0.0
1,     19136,5562,        1153983520,0.0,0.0
0,     19138,0,        1154036177,0.0,1771
1,     19140,5563,        1154183520,0.0,0.0
1,     19142,5564,        1154383524,0.0,0.0
0,     19144,0,        1154450260,0.0,3780
1,     19146,5565,        1154583524,0.0,0.0
1,     19148,5566,        1154783524,0.0,0.0
1,     19150,5567,        1154983528,0.0,0.0
0,     19152,0,        1155061063,0.0,2290
0,     19154,0,        1155183407,0.0,375
1,     19155,5568,        1155183528,0.0,0.0
1,     19157,5569,        1155383528,0.0,0.0
0,     19159,0,        1155424502,0.0,3260
1,     19161,5570,        1155583532,0.0,0.0
1,     19163,5571,        1155783532,0.0,0.0
0,     19165,0,        1155843168,0.0,3241
1,     19167,5572,        1155983532,0.0,0.0
1,     19169,5573,        1156183532,0.0,0.0
0,     19171,0,        1156200532,0.0,1625
1,     19173,5574,        1156383536,0.0,0.0
1,     19175,5575,        1156583536,0.0,0.0
0,     19177,0,        1156722809,0.0,4490
1,     19179,5576,        1156783536,0.0,0.0
0,     19181,0,        1156902197,0.0,2322
0,     19183,0,        1156903637,0.0,2091
0,     19185,0,        1156950564,0.0,3651
1,     19187,5577,        1156983540,0.0,0.0
0,     19189,0,        1157042354,0.0,1190
0,     19191,0,        1157113170,0.0,621
1,     19193,5578,        1157183540,0.0,0.0
1,     19195,5579,        1157383540,0.0,0.0
0,     19197,0,        1157507641,0.0,6137
0,     19199,0,        1157579091,0.0,4177
1,     19201,5580,        1157583544,0.0,0.0
1,     19203,5581,        1157783544,0.0,0.0
1,     19205,5582,        1157983544,0.0,0.0
0,     19207,0,        1158040862,0.0,1449
0,     19208,0,        1158040951,0.0,4391
1,     19210,5583,        1158183544,0.0,0.0
1,     19212,5584,        1158383548,0.0,0.0
0,     19214,0,        1158402039,0.0,4938
0,     19216,0,        1158468897,0.0,368
0,     19218,0,        1158577522,0.0,1749
1,     19220,5585,        1158583548,0.0,0.0
0,     19222,0,        1158663666,0.0,3878
0,     19223,0,        1158664181,0.0,1796
0,     19225,0,        1158725651,0.0,2472
1,     19227,5586,        1158783548,0.0,0.0
0,     19229,0,        1158904111,0.0,2633
0,     19230,0,        1158904611,0.0,2903
0,     19232,0,        1158945883,0.0,661
1,     19234,5587,        1158983552,0.0,0.0
1,     19236,5588,        1159183552,0.0,0.0
0,     19238,0,        1159233138,0.0,5049
0,     19240,0,        1159294915,0.0,3460
1,     19242,5589,        1159383552,0.0,0.0
1,     19244,5590,        1159583556,0.0,0.0
0,     19246,0,        1159640429,0.0,5488
1,     19248,5591,        1159783556,0.0,0.0
1,     19250,5592,        1159983556,0.0,0.0
1,     19252,5593,        1160183556,0.0,0.0
0,     19254,0,        1160274627,0.0,2330
1,     19256,5594,        1160383560,0.0,0.0
1,     19258,5595,        1160583560,0.0,0.0
0,     19260,0,        1160648400,0.0,5107
0,     19262,0,        1160745151,0.0,4254
1,     19264,5596,        1160783560,0.0,0.0
0,     19266,0,        1160881107,0.0,3997
0,     19268,0,        1160921738,0.0,2047
1,     19270,5597,        1160983564,0.0,0.0
1,     19272,5598,        1161183564,0.0,0.0
0,     19274,0,        1161261408,0.0,406
0,     19276,0,        1161333655,0.0,4247
1,     19278,5599,        1161383564,0.0,0.0
1,     19280,5600,        1161583564,0.0,0.0
1,     19282,5601,        1161783568,0.0,0.0
1,     19284,5602,        1161983568,0.0,0.0
1,     19286,5603,        1162183568,0.0,0.0
1,     19288,5604,        1162383572,0.0,0.0
0,     19290,0,        1162528588,0.0,4340
1,     19292,5605,        1162583572,0.0,0.0
1,     19294,5606,        1162783572,0.0,0.0
0,     19296,0,        1162808717,0.0,2762
0,     19298,0,        1162827447,0.0,16
0,     19300,0,        1162913354,0.0,3642
1,     19302,5607,        1162983576,0.0,0.0
1,     19304,5608,        1163183576,0.0,0.0
0,     19306,0,        1163354852,0.0,3054
1,     19308,5609,        1163383576,0.0,0.0
0,     19310,0,        1163517239,0.0,3055
0,     19312,0,        1163526227,0.0,3112
0,     19314,0,        1163574147,0.0,3109
1,     19316,5610,        1163583576,0.0,0.0
0,     19318,0,        1163652627,0.0,3069
0,     19320,0,        1163692681,0.0,3157
0,     19322,0,        1163702900,0.0,3082
0,     19324,0,        1163759164,0.0,3086
0,     19326,0,        1163772053,0.0,3140
1,     19328,5611,        1163783580,0.0,0.0
0,     19330,0,        1163819676,0.0,3095
0,     19332,0,        1163828723,0.0,3139
0,     19334,0,        1163933379,0.0,2658
1,     19336,5612,        1163983580,0.0,0.0
0,     19338,0,        1163983891,0.0,3062
0,     19340,0,        1163989234,0.0,3182
1,     19342,5613,        1164183580,0.0,0.0
0,     19343,0,        1164184060,0.0,3081
1,     19345,5614,        1164383584,0.0,0.0
0,     19347,0,        1164502699,0.0,5671
1,     19349,5615,        1164583584,0.0,0.0
0,     19351,0,        1164757445,0.0,3076
1,     19353,5616,        1164783584,0.0,0.0
0,     19355,0,        1164813695,0.0,3173
1,     19357,5617,        1164983588,0.0,0.0
0,     19359,0,        1165144281,0.0,5390
1,     19361,5618,        1165183588,0.0,0.0
0,     19363,0,        1165370493,0.0,4907
0,     19365,0,        1165372006,0.0,3085
1,     19367,5619,        1165383588,0.0,0.0
1,     19369,5620,        1165583588,0.0,0.0
1,     19371,5621,        1165783592,0.0,0.0
0,     19373,0,        1165967818,0.0,3129
1,     19375,5622,        1165983592,0.0,0.0
1,     19377,5623,        1166183592,0.0,0.0
1,     19379,5624,        1166383596,0.0,0.0
1,     19381,5625,        1166583596,0.0,0.0
1,     19383,5626,        1166783596,0.0,0.0
1,     19385,5627,        1166983600,0.0,0.0
1,     19387,5628,        1167183600,0.0,0.0
0,     19389,0,        1167240792,0.0,6004
1,     19391,5629,        1167383600,0.0,0.0
0,     19393,0,        1167396914,0.0,3524
0,     19395,0,        1167467207,0.0,426
1,     19397,5630,        1167583600,0.0,0.0
1,     19399,5631,        1167783604,0.0,0.0
1,     19401,5632,        1167983604,0.0,0.0
1,     19403,5633,        1168183604,0.0,0.0
1,     19405,5634,        1168383608,0.0,0.0
1,     19407,5635,        1168583608,0.0,0.0
1,     19409,5636,        1168783608,0.0,0.0
0,     19411,0,        1168945480,0.0,3162
1,     19413,5637,        1168983608,0.0,0.0
0,     19415,0,        1169096101,0.0,2997
1,     19417,5638,        1169183612,0.0,0.0
0,     19419,0,        1169245077,0.0,3572
1,     19421,5639,        1169383612,0.0,0.0
0,     19423,0,        1169389682,0.0,693
0,     19425,0,        1169458039,0.0,5536
1,     19427,5640,        1169583612,0.0,0.0
1,     19429,5641,        1169783616,0.0,0.0
1,     19431,5642,        1169983616,0.0,0.0
1,     19433,5643,        1170183616,0.0,0.0
1,     19435,5644,        1170383620,0.0,0.0
0,     19437,0,        1170535169,0.0,3513
1,     19439,5645,        1170583620,0.0,0.0
1,     19441,5646,        1170783620,0.0,0.0
1,     19443,5647,        1170983620,0.0,0.0
1,     19445,5648,        1171183624,0.0,0.0
0,     19447,0,        1171374514,0.0,975
1,     19449,5649,        1171383624,0.0,0.0
0,     19451,0,        1171571840,0.0,1313
1,     19453,5650,        1171583624,0.0,0.0
0,     19455,0,        1171661558,0.0,846
1,     19457,5651,        1171783628,0.0,0.0
0,     19459,0,        1171901097,0.0,5907
1,     19461,5652,        1171983628,0.0,0.0
0,     19463,0,        1172049919,0.0,3194
0,     19465,0,        1172108751,0.0,2662
1,     19467,5653,        1172183628,0.0,0.0
1,     19469,5654,        1172383632,0.0,0.0
0,     19471,0,        1172394740,0.0,4300
0,     19473,0,        1172415857,0.0,4426
0,     19475,0,        1172497756,0.0,5681
1,     19477,5655,        1172583632,0.0,0.0
1,     19479,5656,        1172783632,0.0,0.0
1,     19481,5657,        1172983632,0.0,0.0
1,     19483,5658,        1173183636,0.0,0.0
1,     19485,5659,        1173383636,0.0,0.0
1,     19487,5660,        1173583636,0.0,0.0
0,     19489,0,        1173623873,0.0,1063
1,     19491,5661,        1173783640,0.0,0.0
1,     19493,5662,        1173983640,0.0,0.0
1,     19495,5663,        1174183640,0.0,0.0
1,     19497,5664,        1174383640,0.0,0.0
1,     19499,5665,        1174583644,0.0,0.0
1,     19501,5666,        1174783644,0.0,0.0
1,     19503,5667,        1174983644,0.0,0.0
1,     19505,5668,        1175183648,0.0,0.0
1,     19507,5669,        1175383648,0.0,0.0
0,     19509,0,        1175396761,0.0,3769
0,     19511,0,        1175409902,0.0,2407
1,     19513,5670,        1175583648,0.0,0.0
0,     19515,0,        1175684705,0.0,1910
1,     19517,5671,        1175783652,0.0,0.0
0,     19519,0,        1175785332,0.0,4212
0,     19521,0,        1175854782,0.0,649
1,     19523,5672,        1175983652,0.0,0.0
1,     19525,5673,        1176183652,0.0,0.0
1,     19527,5674,        1176383652,0.0,0.0
1,     19529,5675,        1176583656,0.0,0.0
0,     19531,0,        1176650779,0.0,3887
1,     19533,5676,        1176783656,0.0,0.0
1,     19535,5677,        1176983656,0.0,0.0
0,     19537,0,        1177040721,0.0,2572
1,     19539,5678,        1177183660,0.0,0.0
1,     19541,5679,        1177383660,0.0,0.0
1,     19543,5680,        1177583660,0.0,0.0
1,     19545,5681,        1177783664,0.0,0.0
1,     19547,5682,        1177983664,0.0,0.0
1,     19549,5683,        1178183664,0.0,0.0
0,     19551,0,        1178272824,0.0,4151
1,     19553,5684,        1178383664,0.0,0.0
1,     19555,5685,        1178583668,0.0,0.0
0,     19557,0,        1178676741,0.0,5406
0,     19558,0,        1178676894,0.0,5069
1,     19560,5686,        1178783668,0.0,0.0
1,     19562,5687,        1178983668,0.0,0.0
0,     19564,0,        1179146922,0.0,4925
0,     19566,0,        1179150475,0.0,931
1,     19568,5688,        1179183672,0.0,0.0
0,     19570,0,        1179262844,0.0,2851
0,     19572,0,        1179296683,0.0,2873
1,     19574,5689,        1179383672,0.0,0.0
0,     19576,0,        1179578601,0.0,86
1,     19578,5690,        1179583672,0.0,0.0
0,     19580,0,        1179637124,0.0,3211
1,     19582,5691,        1179783676,0.0,0.0
0,     19584,0,        1179813230,0.0,2754
0,     19585,0,        1179813233,0.0,605
1,     19587,5692,        1179983676,0.0,0.0
1,     19589,5693,        1180183676,0.0,0.0
0,     19591,0,        1180352745,0.0,1453
1,     19593,5694,        1180383676,0.0,0.0
0,     19595,0,        1180526155,0.0,1182
0,     19596,0,        1180526242,0.0,416
1,     19598,5695,        1180583680,0.0,0.0
0,     19600,0,        1180641297,0.0,544
0,     19602,0,        1180686291,0.0,5887
1,     19604,5696,        1180783680,0.0,0.0
1,     19606,5697,        1180983680,0.0,0.0
0,     19608,0,        1180986673,0.0,1023
0,     19610,0,        1181094808,0.0,4064
1,     19612,5698,        1181183684,0.0,0.0
1,     19614,5699,        1181383684,0.0,0.0
1,     19616,5700,        1181583684,0.0,0.0
1,     19618,5701,        1181783684,0.0,0.0
1,     19620,5702,        1181983688,0.0,0.0
1,     19622,5703,        1182183688,0.0,0.0
0,     19624,0,        1182201850,0.0,3956
1,     19626,5704,        1182383688,0.0,0.0
0,     19628,0,        1182490938,0.0,3124
1,     19630,5705,        1182583692,0.0,0.0
1,     19632,5706,        1182783692,0.0,0.0
1,     19634,5707,        1182983692,0.0,0.0
1,     19636,5708,        1183183696,0.0,0.0
0,     19638,0,        1183236485,0.0,5140
1,     19640,5709,        1183383696,0.0,0.0
1,     19642,5710,        1183583696,0.0,0.0
1,     19644,5711,        1183783696,0.0,0.0
1,     19646,5712,        1183983700,0.0,0.0
0,     19648,0,        1184058811,0.0,68
1,     19650,5713,        1184183700,0.0,0.0
1,     19652,5714,        1184383700,0.0,0.0
1,     19654,5715,        1184583704,0.0,0.0
1,     19656,5716,        1184783704,0.0,0.0
0,     19658,0,        1184879485,0.0,807
1,     19660,5717,        1184983704,0.0,0.0
0,     19662,0,        1185120092,0.0,3190
1,     19664,5718,        1185183708,0.0,0.0
1,     19666,5719,        1185383708,0.0,0.0
1,     19668,5720,        1185583708,0.0,0.0
1,     19670,5721,        1185783708,0.0,0.0
1,     19672,5722,        1185983712,0.0,0.0
0,     19674,0,        1186026717,0.0,2080
1,     19676,5723,        1186183712,0.0,0.0
1,     19678,5724,        1186383712,0.0,0.0
1,     19680,5725,        1186583716,0.0,0.0
0,     19682,0,        1186631706,0.0,205
0,     19684,0,        1186644382,0.0,1049
1,     19686,5726,        1186783716,0.0,0.0
1,     19688,5727,        1186983716,0.0,0.0
0,     19690,0,        1187111574,0.0,1456
0,     19692,0,        1187137627,0.0,2551
1,     19694,5728,        1187183720,0.0,0.0
0,     19696,0,        1187281729,0.0,761
1,     19698,5729,        1187383720,0.0,0.0
0,     19700,0,        1187451290,0.0,3902
0,     19701,0,        1187451293,0.0,1267
1,     19703,5730,        1187583720,0.0,0.0
0,     19705,0,        1187592281,0.0,1700
0,     19707,0,        1187616384,0.0,3629
1,     19709,5731,        1187783720,0.0,0.0
0,     19711,0,        1187818313,0.0,4666
1,     19713,5732,        1187983724,0.0,0.0
0,     19715,0,        1188182682,0.0,1335
1,     19717,5733,        1188183724,0.0,0.0
1,     19719,5734,        1188383724,0.0,0.0
0,     19721,0,        1188534205,0.0,1372
0,     19722,0,        1188534266,0.0,574
1,     19724,5735,        1188583728,0.0,0.0
1,     19726,5736,        1188783728,0.0,0.0
0,     19728,0,        1188897423,0.0,5701
1,     19730,5737,        1188983728,0.0,0.0
1,     19732,5738,        1189183728,0.0,0.0
0,     19734,0,        1189213865,0.0,3712
1,     19736,5739,        1189383732,0.0,0.0
1,     19738,5740,        1189583732,0.0,0.0
0,     19740,0,        1189783080,0.0,3395
1,     19742,5741,        1189783732,0.0,0.0
1,     19744,5742,        1189983736,0.0,0.0
1,     19746,5743,        1190183736,0.0,0.0
0,     19748,0,        1190350712,0.0,788
1,     19750,5744,        1190383736,0.0,0.0
1,     19752,5745,        1190583740,0.0,0.0
1,     19754,5746,        1190783740,0.0,0.0
1,     19756,5747,        1190983740,0.0,0.0
0,     19758,0,        1191049210,0.0,2283
1,     19760,5748,        1191183740,0.0,0.0
1,     19762,5749,        1191383744,0.0,0.0
0,     19764,0,        1191438533,0.0,5046
0,     19766,0,        1191455486,0.0,5872
0,     19768,0,        1191529263,0.0,3059
1,     19770,5750,        1191583744,0.0,0.0
1,     19772,5751,        1191783744,0.0,0.0
1,     19774,5752,        1191983748,0.0,0.0
1,     19776,5753,        1192183748,0.0,0.0
1,     19778,5754,        1192383748,0.0,0.0
1,     19780,5755,        1192583752,0.0,0.0
1,     19782,5756,        1192783752,0.0,0.0
1,     19784,5757,        1192983752,0.0,0.0
1,     19786,5758,        1193183752,0.0,0.0
1,     19788,5759,        1193383756,0.0,0.0
0,     19790,0,        1193445805,0.0,5704
1,     19792,5760,        1193583756,0.0,0.0
1,     19794,5761,        1193783756,0.0,0.0
1,     19796,5762,        1193983760,0.0,0.0
1,     19798,5763,        1194183760,0.0,0.0
0,     19800,0,        1194210071,0.0,577
1,     19802,5764,        1194383760,0.0,0.0
0,     19804,0,        1194415138,0.0,4031
1,     19806,5765,        1194583764,0.0,0.0
1,     19808,5766,        1194783764,0.0,0.0
1,     19810,5767,        1194983764,0.0,0.0
1,     19812,5768,        1195183764,0.0,0.0
1,     19814,5769,        1195383768,0.0,0.0
1,     19816,5770,        1195583768,0.0,0.0
0,     19818,0,        1195610733,0.0,5764
1,     19820,5771,        1195783768,0.0,0.0
0,     19822,0,        1195858510,0.0,2218
1,     19824,5772,        1195983772,0.0,0.0
1,     19826,5773,        1196183772,0.0,0.0
1,     19828,5774,        1196383772,0.0,0.0
1,     19830,5775,        1196583772,0.0,0.0
0,     19832,0,        1196688931,0.0,3377
1,     19834,5776,        1196783776,0.0,0.0
1,     19836,5777,        1196983776,0.0,0.0
1,     19838,5778,        1197183776,0.0,0.0
0,     19840,0,        1197189175,0.0,2903
0,     19842,0,        1197298130,0.0,4922
1,     19844,5779,        1197383780,0.0,0.0
0,     19846,0,        1197498303,0.0,3912
0,     19848,0,        1197544197,0.0,4716
1,     19850,5780,        1197583780,0.0,0.0
0,     19852,0,        1197630810,0.0,5210
0,     19854,0,        1197657155,0.0,537
0,     19855,0,        1197657294,0.0,3762
0,     19857,0,        1197713767,0.0,2559
1,     19859,5781,        1197783780,0.0,0.0
1,     19861,5782,        1197983784,0.0,0.0
0,     19863,0,        1198135751,0.0,2213
1,     19865,5783,        1198183784,0.0,0.0
0,     19867,0,        1198230351,0.0,1358
0,     19869,0,        1198341569,0.0,3086
1,     19871,5784,        1198383784,0.0,0.0
1,     19873,5785,        1198583784,0.0,0.0
0,     19875,0,        1198625501,0.0,3088
1,     19877,5786,        1198783788,0.0,0.0
0,     19879,0,        1198930940,0.0,6224
1,     19881,5787,        1198983788,0.0,0.0
0,     19883,0,        1199051505,0.0,3073
0,     19885,0,        1199103077,0.0,3128
1,     19887,5788,        1199183788,0.0,0.0
1,     19889,5789,        1199383792,0.0,0.0
0,     19891,0,        1199454089,0.0,3170
0,     19893,0,        1199509045,0.0,3085
0,     19895,0,        1199527078,0.0,3234
0,     19897,0,        1199538214,0.0,3064
0,     19899,0,        1199552677,0.0,3079
0,     19901,0,        1199554183,0.0,3063
0,     19903,0,        1199565755,0.0,3088
1,     19905,5790,        1199583792,0.0,0.0
0,     19907,0,        1199597775,0.0,3073
0,     19909,0,        1199603682,0.0,3080
0,     19911,0,        1199620433,0.0,3086
0,     19913,0,        1199625592,0.0,3101
0,     19915,0,        1199629731,0.0,3079
0,     19917,0,        1199635379,0.0,3085
0,     19919,0,        1199635598,0.0,3139
0,     19920,0,        1199635984,0.0,3311
0,     19922,0,        1199637180,0.0,3161
0,     19924,0,        1199649031,0.0,3152
0,     19926,0,        1199651418,0.0,3078
0,     19928,0,        1199653885,0.0,728
0,     19930,0,        1199654809,0.0,3079
0,     19932,0,        1199656499,0.0,3117
0,     19934,0,        1199658731,0.0,3092
0,     19936,0,        1199683984,0.0,3077
0,     19938,0,        1199709586,0.0,3081
0,     19940,0,        1199713122,0.0,3097
0,     19942,0,        1199744498,0.0,3105
0,     19944,0,        1199746092,0.0,3078
0,     19946,0,        1199753447,0.0,3077
0,     19948,0,        1199756156,0.0,3064
0,     19950,0,        1199765976,0.0,3078
0,     19952,0,        1199771587,0.0,3130
0,     19954,0,        1199771931,0.0,3100
0,     19956,0,        1199773272,0.0,3081
0,     19957,0,        1199773491,0.0,3067
0,     19959,0,        1199779796,0.0,3082
1,     19961,5791,        1199783792,0.0,0.0
0,     19963,0,        1199786227,0.0,3107
0,     19965,0,        1199788246,0.0,3085
0,     19966,0,        1199788642,0.0,3083
0,     19968,0,        1199789073,0.0,3089
0,     19969,0,        1199789361,0.0,3126
0,     19970,0,        1199789481,0.0,3076
0,     19971,0,        1199789501,0.0,3073
0,     19972,0,        1199789577,0.0,3079
0,     19973,0,        1199789601,0.0,3140
0,     19974,0,        1199789609,0.0,3088
0,     19975,0,        1199789657,0.0,3102
0,     19976,0,        1199789723,0.0,3078
0,     19977,0,        1199789773,0.0,3083
0,     19978,0,        1199789865,0.0,3091
0,     19979,0,        1199789876,0.0,3142
0,     19980,0,        1199789883,0.0,3082
0,     19981,0,        1199789985,0.0,3083
0,     19982,0,        1199790034,0.0,3081
0,     19984,0,        1199790264,0.0,3091
0,     19985,0,        1199790326,0.0,3092
0,     19986,0,        1199790503,0.0,3076
0,     19987,0,        1199790666,0.0,3075
0,     19989,0,        1199791408,0.0,3086
0,     19990,0,        1199791474,0.0,3082
0,     19992,0,        1199793569,0.0,3082
0,     19993,0,        1199793789,0.0,3130
0,     19994,0,        1199794136,0.0,3196
0,     19996,0,        1199797623,0.0,3089
0,     19997,0,        1199798232,0.0,3075
0,     19999,0,        1199798843,0.0,3098
0,     20001,0,        1199799903,0.0,3080
0,     20003,0,        1199804811,0.0,3089
0,     20005,0,        1199807937,0.0,3084
0,     20007,0,        1199812335,0.0,3130
0,     20009,0,        1199813235,0.0,3089
0,     20011,0,        1199813743,0.0,3087
0,     20013,0,        1199815007,0.0,3156
0,     20015,0,        1199816226,0.0,3454
0,     20017,0,        1199819376,0.0,3079
0,     20019,0,        1199820465,0.0,3076
0,     20021,0,        1199822427,0.0,3068
0,     20023,0,        1199831534,0.0,3081
0,     20025,0,        1199833868,0.0,3085
0,     20027,0,        1199834416,0.0,3165
0,     20028,0,        1199834452,0.0,3148
0,     20030,0,        1199835377,0.0,3082
0,     20032,0,        1199836260,0.0,3081
0,     20034,0,        1199840987,0.0,3143
0,     20036,0,        1199847069,0.0,3126
0,     20038,0,        1199851220,0.0,3088
0,     20040,0,        1199851634,0.0,3211
0,     20042,0,        1199856112,0.0,3085
0,     20044,0,        1199856977,0.0,3118
0,     20046,0,        1199857887,0.0,3079
0,     20048,0,        1199860261,0.0,3076
0,     20049,0,        1199860263,0.0,1316
0,     20051,0,        1199863145,0.0,3095
0,     20053,0,        1199863875,0.0,3092
0,     20055,0,        1199867041,0.0,3141
0,     20057,0,        1199868176,0.0,3120
0,     20059,0,        1199870979,0.0,3078
0,     20060,0,        1199871278,0.0,3073
0,     20061,0,        1199871519,0.0,3120
0,     20063,0,        1199875451,0.0,3196
0,     20065,0,        1199882210,0.0,3067
0,     20067,0,        1199886054,0.0,3161
0,     20069,0,        1199887058,0.0,4124
0,     20071,0,        1199888619,0.0,3077
0,     20072,0,        1199888784,0.0,3077
0,     20074,0,        1199889458,0.0,3099
0,     20075,0,        1199889599,0.0,3084
0,     20076,0,        1199890392,0.0,3134
0,     20078,0,        1199894110,0.0,3079
0,     20080,0,        1199895760,0.0,3093
0,     20082,0,        1199897775,0.0,3093
0,     20084,0,        1199898628,0.0,3091
0,     20086,0,        1199899967,0.0,3129
0,     20087,0,        1199900494,0.0,3082
0,     20089,0,        1199904664,0.0,3078
0,     20091,0,        1199914926,0.0,3085
0,     20093,0,        1199915806,0.0,3092
0,     20095,0,        1199917220,0.0,3063
0,     20097,0,        1199918134,0.0,3091
0,     20099,0,        1199922673,0.0,3096
0,     20101,0,        1199926367,0.0,3091
0,     20103,0,        1199927599,0.0,3094
0,     20105,0,        1199930909,0.0,3082
0,     20107,0,        1199931457,0.0,3102
0,     20109,0,        1199932417,0.0,3153
0,     20111,0,        1199934485,0.0,3085
0,     20113,0,        1199937086,0.0,3135
0,     20115,0,        1199937675,0.0,3176
0,     20116,0,        1199938484,0.0,3104
0,     20118,0,        1199939985,0.0,3077
0,     20120,0,        1199944366,0.0,3090
0,     20122,0,        1199949527,0.0,3085
0,     20124,0,        1199950014,0.0,3092
0,     20126,0,        1199952596,0.0,3093
0,     20128,0,        1199953846,0.0,3071
0,     20130,0,        1199955284,0.0,3088
0,     20131,0,        1199955404,0.0,3118
0,     20133,0,        1199956371,0.0,3093
0,     20135,0,        1199962507,0.0,3106
0,     20136,0,        1199962966,0.0,3127
0,     20138,0,        1199963760,0.0,3188
0,     20140,0,        1199965009,0.0,3082
0,     20142,0,        1199977684,0.0,3067
0,     20144,0,        1199982291,0.0,3099
1,     20146,5792,        1199983796,0.0,0.0
0,     20148,0,        1199984797,0.0,3093
0,     20150,0,        1199990851,0.0,3081
0,     20152,0,        1200010068,0.0,3082
0,     20154,0,        1200124590,0.0,3102
1,     20156,5793,        1200183796,0.0,0.0
0,     20158,0,        1200314675,0.0,4183
1,     20160,5794,        1200383796,0.0,0.0
0,     20162,0,        1200450168,0.0,4835
0,     20164,0,        1200488193,0.0,3113
0,     20166,0,        1200531617,0.0,3116
1,     20168,5795,        1200583796,0.0,0.0
0,     20170,0,        1200611856,0.0,6030
1,     20172,5796,        1200783800,0.0,0.0
1,     20174,5797,        1200983800,0.0,0.0
0,     20176,0,        1201126672,0.0,4255
1,     20178,5798,        1201183800,0.0,0.0
1,     20180,5799,        1201383804,0.0,0.0
1,     20182,5800,        1201583804,0.0,0.0
1,     20184,5801,        1201783804,0.0,0.0
1,     20186,5802,        1201983804,0.0,0.0
0,     20188,0,        1202091274,0.0,1269
0,     20190,0,        1202123703,0.0,3573
0,     20192,0,        1202178177,0.0,1443
1,     20194,5803,        1202183808,0.0,0.0
1,     20196,5804,        1202383808,0.0,0.0
0,     20198,0,        1202403759,0.0,3869
0,     20200,0,        1202418381,0.0,1202
1,     20202,5805,        1202583808,0.0,0.0
0,     20204,0,        1202616129,0.0,3012
1,     20206,5806,        1202783812,0.0,0.0
1,     20208,5807,        1202983812,0.0,0.0
0,     20210,0,        1203161267,0.0,990
1,     20212,5808,        1203183812,0.0,0.0
1,     20214,5809,        1203383816,0.0,0.0
0,     20216,0,        1203402213,0.0,5723
0,     20218,0,        1203412163,0.0,2197
0,     20220,0,        1203473604,0.0,5583
1,     20222,5810,        1203583816,0.0,0.0
0,     20224,0,        1203743637,0.0,1244
1,     20226,5811,        1203783816,0.0,0.0
1,     20228,5812,        1203983820,0.0,0.0
1,     20230,5813,        1204183820,0.0,0.0
0,     20232,0,        1204228132,0.0,127
0,     20234,0,        1204233537,0.0,592
1,     20236,5814,        1204383820,0.0,0.0
1,     20238,5815,        1204583820,0.0,0.0
1,     20240,5816,        1204783824,0.0,0.0
1,     20242,5817,        1204983824,0.0,0.0
0,     20244,0,        1205085144,0.0,5677
1,     20246,5818,        1205183824,0.0,0.0
0,     20248,0,        1205254759,0.0,3181
0,     20250,0,        1205296489,0.0,3355
1,     20252,5819,        1205383828,0.0,0.0
1,     20254,5820,        1205583828,0.0,0.0
0,     20256,0,        1205596554,0.0,3679
1,     20258,5821,        1205783828,0.0,0.0
1,     20260,5822,        1205983828,0.0,0.0
0,     20262,0,        1206028839,0.0,5334
1,     20264,5823,        1206183832,0.0,0.0
0,     20266,0,        1206253672,0.0,5367
1,     20268,5824,        1206383832,0.0,0.0
1,     20270,5825,        1206583832,0.0,0.0
1,     20272,5826,        1206783836,0.0,0.0
1,     20274,5827,        1206983836,0.0,0.0
0,     20276,0,        1207080147,0.0,5374
1,     20278,5828,        1207183836,0.0,0.0
1,     20280,5829,        1207383840,0.0,0.0
1,     20282,5830,        1207583840,0.0,0.0
0,     20284,0,        1207612118,0.0,3199
1,     20286,5831,        1207783840,0.0,0.0
0,     20288,0,        1207862234,0.0,3074
1,     20290,5832,        1207983840,0.0,0.0
0,     20292,0,        1208142303,0.0,5869
1,     20294,5833,        1208183844,0.0,0.0
1,     20296,5834,        1208383844,0.0,0.0
0,     20298,0,        1208554012,0.0,5505
1,     20300,5835,        1208583844,0.0,0.0
1,     20302,5836,        1208783848,0.0,0.0
1,     20304,5837,        1208983848,0.0,0.0
1,     20306,5838,        1209183848,0.0,0.0
0,     20308,0,        1209209929,0.0,6194
0,     20309,0,        1209210161,0.0,5291
1,     20311,5839,        1209383852,0.0,0.0
1,     20313,5840,        1209583852,0.0,0.0
1,     20315,5841,        1209783852,0.0,0.0
0,     20317,0,        1209956053,0.0,1526
1,     20319,5842,        1209983852,0.0,0.0
0,     20321,0,        1210151436,0.0,407
1,     20323,5843,        1210183856,0.0,0.0
0,     20325,0,        1210257612,0.0,395
0,     20326,0,        1210257919,0.0,4491
1,     20328,5844,        1210383856,0.0,0.0
0,     20330,0,        1210480950,0.0,1425
1,     20332,5845,        1210583856,0.0,0.0
0,     20334,0,        1210645413,0.0,509
1,     20336,5846,        1210783860,0.0,0.0
0,     20338,0,        1210808194,0.0,5501
0,     20340,0,        1210915280,0.0,1887
1,     20342,5847,        1210983860,0.0,0.0
0,     20344,0,        1211167224,0.0,2755
1,     20346,5848,        1211183860,0.0,0.0
0,     20348,0,        1211272402,0.0,5187
0,     20350,0,        1211378236,0.0,1334
1,     20352,5849,        1211383860,0.0,0.0
1,     20354,5850,        1211583864,0.0,0.0
0,     20356,0,        1211595593,0.0,6161
0,     20358,0,        1211681930,0.0,1789
0,     20360,0,        1211705141,0.0,6012
0,     20361,0,        1211705146,0.0,1383
1,     20363,5851,        1211783864,0.0,0.0
0,     20365,0,        1211936988,0.0,837
1,     20367,5852,        1211983864,0.0,0.0
0,     20369,0,        1212170396,0.0,5557
1,     20371,5853,        1212183868,0.0,0.0
0,     20373,0,        1212348588,0.0,874
1,     20375,5854,        1212383868,0.0,0.0
1,     20377,5855,        1212583868,0.0,0.0
0,     20379,0,        1212619179,0.0,3853
1,     20381,5856,        1212783872,0.0,0.0
0,     20383,0,        1212827544,0.0,1441
1,     20385,5857,        1212983872,0.0,0.0
0,     20387,0,        1213159534,0.0,3989
1,     20389,5858,        1213183872,0.0,0.0
1,     20391,5859,        1213383872,0.0,0.0
1,     20393,5860,        1213583876,0.0,0.0
1,     20395,5861,        1213783876,0.0,0.0
0,     20397,0,        1213835937,0.0,2000
1,     20399,5862,        1213983876,0.0,0.0
0,     20401,0,        1214019718,0.0,5295
0,     20402,0,        1214020322,0.0,5872
0,     20404,0,        1214161441,0.0,4945
1,     20406,5863,        1214183880,0.0,0.0
1,     20408,5864,        1214383880,0.0,0.0
1,     20410,5865,        1214583880,0.0,0.0
0,     20412,0,        1214772874,0.0,5911
1,     20414,5866,        1214783884,0.0,0.0
1,     20416,5867,        1214983884,0.0,0.0
0,     20418,0,        1215072906,0.0,1046
1,     20420,5868,        1215183884,0.0,0.0
0,     20422,0,        1215268525,0.0,5274
0,     20424,0,        1215298044,0.0,3353
0,     20426,0,        1215375232,0.0,565
1,     20428,5869,        1215383884,0.0,0.0
0,     20430,0,        1215435431,0.0,2183
1,     20432,5870,        1215583888,0.0,0.0
0,     20434,0,        1215646980,0.0,5353
1,     20436,5871,        1215783888,0.0,0.0
0,     20438,0,        1215904591,0.0,2565
1,     20440,5872,        1215983888,0.0,0.0
1,     20442,5873,        1216183892,0.0,0.0
0,     20444,0,        1216210743,0.0,5552
1,     20446,5874,        1216383892,0.0,0.0
1,     20448,5875,        1216583892,0.0,0.0
0,     20450,0,        1216707134,0.0,6113
1,     20452,5876,        1216783896,0.0,0.0
1,     20454,5877,        1216983896,0.0,0.0
1,     20456,5878,        1217183896,0.0,0.0
1,     20458,5879,        1217383896,0.0,0.0
0,     20460,0,        1217513671,0.0,4924
1,     20462,5880,        1217583900,0.0,0.0
1,     20464,5881,        1217783900,0.0,0.0
0,     20466,0,        1217797527,0.0,1657
0,     20468,0,        1217967901,0.0,5147
1,     20470,5882,        1217983900,0.0,0.0
1,     20472,5883,        1218183904,0.0,0.0
0,     20474,0,        1218275987,0.0,6073
0,     20476,0,        1218355379,0.0,1456
1,     20478,5884,        1218383904,0.0,0.0
1,     20480,5885,        1218583904,0.0,0.0
1,     20482,5886,        1218783904,0.0,0.0
1,     20484,5887,        1218983908,0.0,0.0
0,     20486,0,        1219034452,0.0,1808
0,     20488,0,        1219114487,0.0,4989
1,     20490,5888,        1219183908,0.0,0.0
0,     20492,0,        1219383525,0.0,3797
1,     20493,5889,        1219383908,0.0,0.0
0,     20495,0,        1219514019,0.0,3895
1,     20497,5890,        1219583912,0.0,0.0
1,     20499,5891,        1219783912,0.0,0.0
0,     20501,0,        1219790967,0.0,1095
1,     20503,5892,        1219983912,0.0,0.0
0,     20505,0,        1220172908,0.0,4173
1,     20507,5893,        1220183916,0.0,0.0
1,     20509,5894,        1220383916,0.0,0.0
0,     20511,0,        1220460108,0.0,1871
1,     20513,5895,        1220583916,0.0,0.0
1,     20515,5896,        1220783916,0.0,0.0
1,     20517,5897,        1220983920,0.0,0.0
1,     20519,5898,        1221183920,0.0,0.0
1,     20521,5899,        1221383920,0.0,0.0
1,     20523,5900,        1221583924,0.0,0.0
1,     20525,5901,        1221783924,0.0,0.0
0,     20527,0,        1221785435,0.0,6143
1,     20529,5902,        1221983924,0.0,0.0
0,     20531,0,        1222014538,0.0,2642
1,     20533,5903,        1222183928,0.0,0.0
1,     20535,5904,        1222383928,0.0,0.0
0,     20537,0,        1222432255,0.0,1658
1,     20539,5905,        1222583928,0.0,0.0
0,     20541,0,        1222687008,0.0,568
0,     20543,0,        1222702859,0.0,5159
1,     20545,5906,        1222783928,0.0,0.0
1,     20547,5907,        1222983932,0.0,0.0
0,     20549,0,        1223017215,0.0,4810
0,     20551,0,        1223113420,0.0,2005
1,     20553,5908,        1223183932,0.0,0.0
0,     20555,0,        1223367332,0.0,5381
1,     20557,5909,        1223383932,0.0,0.0
0,     20559,0,        1223526644,0.0,6069
1,     20561,5910,        1223583936,0.0,0.0
0,     20563,0,        1223612468,0.0,1184
1,     20565,5911,        1223783936,0.0,0.0
1,     20567,5912,        1223983936,0.0,0.0
0,     20569,0,        1224146295,0.0,2310
0,     20571,0,        1224163101,0.0,3185
1,     20573,5913,        1224183936,0.0,0.0
0,     20575,0,        1224336276,0.0,747
0,     20577,0,        1224347862,0.0,4991
0,     20579,0,        1224369637,0.0,4911
1,     20581,5914,        1224383940,0.0,0.0
0,     20583,0,        1224501487,0.0,5296
0,     20585,0,        1224561029,0.0,1999
1,     20587,5915,        1224583940,0.0,0.0
1,     20589,5916,        1224783940,0.0,0.0
0,     20591,0,        1224875135,0.0,337
0,     20593,0,        1224948106,0.0,1709
1,     20595,5917,        1224983944,0.0,0.0
1,     20597,5918,        1225183944,0.0,0.0
0,     20599,0,        1225238695,0.0,1851
0,     20601,0,        1225264182,0.0,2974
0,     20603,0,        1225331376,0.0,1588
0,     20605,0,        1225331821,0.0,5585
1,     20607,5919,        1225383944,0.0,0.0
0,     20609,0,        1225439543,0.0,930
1,     20611,5920,        1225583948,0.0,0.0
1,     20613,5921,        1225783948,0.0,0.0
0,     20615,0,        1225828716,0.0,1282
0,     20617,0,        1225864590,0.0,3856
0,     20619,0,        1225893055,0.0,572
1,     20621,5922,        1225983948,0.0,0.0
0,     20623,0,        1226126919,0.0,5234
1,     20625,5923,        1226183948,0.0,0.0
1,     20627,5924,        1226383952,0.0,0.0
0,     20629,0,        1226422169,0.0,5924
0,     20631,0,        1226548379,0.0,3432
1,     20633,5925,        1226583952,0.0,0.0
0,     20635,0,        1226645776,0.0,3890
0,     20637,0,        1226652618,0.0,3921
1,     20639,5926,        1226783952,0.0,0.0
0,     20641,0,        1226895993,0.0,4171
1,     20643,5927,        1226983956,0.0,0.0
1,     20645,5928,        1227183956,0.0,0.0
0,     20647,0,        1227240858,0.0,1620
1,     20649,5929,        1227383956,0.0,0.0
1,     20651,5930,        1227583960,0.0,0.0
0,     20653,0,        1227721805,0.0,3163
0,     20655,0,        1227779313,0.0,3272
1,     20657,5931,        1227783960,0.0,0.0
0,     20659,0,        1227967052,0.0,5400
1,     20661,5932,        1227983960,0.0,0.0
1,     20663,5933,        1228183960,0.0,0.0
0,     20665,0,        1228190522,0.0,302
0,     20667,0,        1228201113,0.0,1591
0,     20669,0,        1228202033,0.0,4600
0,     20671,0,        1228341665,0.0,2236
1,     20673,5934,        1228383964,0.0,0.0
1,     20675,5935,        1228583964,0.0,0.0
0,     20677,0,        1228687905,0.0,3302
1,     20679,5936,        1228783964,0.0,0.0
0,     20681,0,        1228920595,0.0,4539
1,     20683,5937,        1228983968,0.0,0.0
0,     20685,0,        1229170908,0.0,4891
1,     20687,5938,        1229183968,0.0,0.0
1,     20689,5939,        1229383968,0.0,0.0
1,     20691,5940,        1229583972,0.0,0.0
1,     20693,5941,        1229783972,0.0,0.0
1,     20695,5942,        1229983972,0.0,0.0
1,     20697,5943,        1230183972,0.0,0.0
0,     20699,0,        1230222954,0.0,3380
0,     20701,0,        1230223762,0.0,2872
1,     20703,5944,        1230383976,0.0,0.0
1,     20705,5945,        1230583976,0.0,0.0
0,     20707,0,        1230670864,0.0,1645
0,     20709,0,        1230693222,0.0,3026
0,     20711,0,        1230768197,0.0,2083
1,     20713,5946,        1230783976,0.0,0.0
1,     20715,5947,        1230983980,0.0,0.0
0,     20717,0,        1231022275,0.0,1844
1,     20719,5948,        1231183980,0.0,0.0
1,     20721,5949,        1231383980,0.0,0.0
0,     20723,0,        1231474026,0.0,1110
1,     20725,5950,        1231583984,0.0,0.0
1,     20727,5951,        1231783984,0.0,0.0
1,     20729,5952,        1231983984,0.0,0.0
0,     20731,0,        1232126065,0.0,3635
1,     20733,5953,        1232183984,0.0,0.0
0,     20735,0,        1232204283,0.0,4712
1,     20737,5954,        1232383988,0.0,0.0
0,     20739,0,        1232571374,0.0,2592
1,     20741,5955,        1232583988,0.0,0.0
0,     20743,0,        1232625669,0.0,155
1,     20745,5956,        1232783988,0.0,0.0
0,     20747,0,        1232936823,0.0,2841
1,     20749,5957,        1232983992,0.0,0.0
1,     20751,5958,        1233183992,0.0,0.0
0,     20753,0,        1233203751,0.0,591
0,     20754,0,        1233203887,0.0,3731
1,     20756,5959,        1233383992,0.0,0.0
1,     20758,5960,        1233583992,0.0,0.0
0,     20760,0,        1233604032,0.0,1754
1,     20762,5961,        1233783996,0.0,0.0
0,     20764,0,        1233944868,0.0,5791
1,     20766,5962,        1233983996,0.0,0.0
0,     20768,0,        1234141382,0.0,4995
1,     20770,5963,        1234183996,0.0,0.0
1,     20772,5964,        1234384000,0.0,0.0
1,     20774,5965,        1234584000,0.0,0.0
0,     20776,0,        1234650105,0.0,6014
1,     20778,5966,        1234784000,0.0,0.0
1,     20780,5967,        1234984004,0.0,0.0
0,     20782,0,        1235132639,0.0,903
1,     20784,5968,        1235184004,0.0,0.0
1,     20786,5969,        1235384004,0.0,0.0
1,     20788,5970,        1235584004,0.0,0.0
1,     20790,5971,        1235784008,0.0,0.0
1,     20792,5972,        1235984008,0.0,0.0
0,     20794,0,        1236133925,0.0,3907
1,     20796,5973,        1236184008,0.0,0.0
1,     20798,5974,        1236384012,0.0,0.0
0,     20800,0,        1236552020,0.0,5451
1,     20802,5975,        1236584012,0.0,0.0
1,     20804,5976,        1236784012,0.0,0.0
1,     20806,5977,        1236984016,0.0,0.0
1,     20808,5978,        1237184016,0.0,0.0
1,     20810,5979,        1237384016,0.0,0.0
0,     20812,0,        1237573522,0.0,1755
1,     20814,5980,        1237584016,0.0,0.0
0,     20816,0,        1237626998,0.0,2350
0,     20818,0,        1237631583,0.0,1572
0,     20820,0,        1237718793,0.0,2841
1,     20822,5981,        1237784020,0.0,0.0
1,     20824,5982,        1237984020,0.0,0.0
1,     20826,5983,        1238184020,0.0,0.0
1,     20828,5984,        1238384024,0.0,0.0
1,     20830,5985,        1238584024,0.0,0.0
0,     20832,0,        1238657571,0.0,3108
0,     20834,0,        1238721938,0.0,3133
1,     20836,5986,        1238784024,0.0,0.0
0,     20838,0,        1238958478,0.0,5004
0,     20839,0,        1238958822,0.0,3151
1,     20841,5987,        1238984024,0.0,0.0
0,     20843,0,        1239046693,0.0,3079
0,     20845,0,        1239055550,0.0,3276
0,     20847,0,        1239176259,0.0,3102
1,     20849,5988,        1239184028,0.0,0.0
0,     20851,0,        1239197705,0.0,3090
0,     20853,0,        1239372535,0.0,4598
1,     20855,5989,        1239384028,0.0,0.0
0,     20857,0,        1239395303,0.0,3083
0,     20859,0,        1239426345,0.0,3076
0,     20861,0,        1239480988,0.0,3086
0,     20863,0,        1239531885,0.0,1528
1,     20865,5990,        1239584028,0.0,0.0
0,     20867,0,        1239593045,0.0,3086
0,     20868,0,        1239593412,0.0,3080
0,     20869,0,        1239593926,0.0,3096
0,     20871,0,        1239594135,0.0,3099
0,     20872,0,        1239594211,0.0,3098
0,     20874,0,        1239595044,0.0,3064
0,     20875,0,        1239595386,0.0,3083
0,     20876,0,        1239595761,0.0,3074
0,     20878,0,        1239596188,0.0,3087
0,     20879,0,        1239596327,0.0,3169
0,     20880,0,        1239596480,0.0,3078
0,     20881,0,        1239596702,0.0,3095
0,     20883,0,        1239597542,0.0,3097
0,     20884,0,        1239598055,0.0,3092
0,     20886,0,        1239598116,0.0,3099
0,     20887,0,        1239598144,0.0,3083
0,     20888,0,        1239598882,0.0,3102
0,     20890,0,        1239599175,0.0,3088
0,     20891,0,        1239599293,0.0,3115
0,     20892,0,        1239599307,0.0,3085
0,     20893,0,        1239599477,0.0,3079
0,     20894,0,        1239599668,0.0,3085
0,     20895,0,        1239599774,0.0,3108
0,     20896,0,        1239600073,0.0,3092
0,     20898,0,        1239600224,0.0,3127
0,     20899,0,        1239600289,0.0,3104
0,     20900,0,        1239600793,0.0,3087
0,     20901,0,        1239600806,0.0,3084
0,     20902,0,        1239601077,0.0,3090
0,     20904,0,        1239601216,0.0,3124
0,     20905,0,        1239601507,0.0,3082
0,     20906,0,        1239601709,0.0,3097
0,     20907,0,        1239602160,0.0,3084
0,     20909,0,        1239602247,0.0,3100
0,     20910,0,        1239602705,0.0,3231
0,     20912,0,        1239603437,0.0,3080
0,     20913,0,        1239603733,0.0,3219
0,     20914,0,        1239604219,0.0,3084
0,     20916,0,        1239604286,0.0,3082
0,     20917,0,        1239604533,0.0,3086
0,     20918,0,        1239604888,0.0,3081
0,     20919,0,        1239605151,0.0,3073
0,     20921,0,        1239605483,0.0,3084
0,     20922,0,        1239605814,0.0,3092
0,     20923,0,        1239605822,0.0,3071
0,     20924,0,        1239605840,0.0,3076
0,     20925,0,        1239606192,0.0,3068
0,     20926,0,        1239606257,0.0,3084
0,     20928,0,        1239606533,0.0,3070
0,     20930,0,        1239607613,0.0,3082
0,     20931,0,        1239607664,0.0,3084
0,     20932,0,        1239607772,0.0,3077
0,     20933,0,        1239607799,0.0,3083
0,     20934,0,        1239607833,0.0,3091
0,     20935,0,        1239607900,0.0,3097
0,     20936,0,        1239607951,0.0,3083
0,     20937,0,        1239608034,0.0,3085
0,     20939,0,        1239609395,0.0,3164
0,     20940,0,        1239609405,0.0,3118
0,     20941,0,        1239609470,0.0,3121
0,     20942,0,        1239609524,0.0,3089
0,     20943,0,        1239609795,0.0,3081
0,     20944,0,        1239610033,0.0,3078
0,     20945,0,        1239610049,0.0,3088
0,     20946,0,        1239610326,0.0,3084
0,     20948,0,        1239610635,0.0,3108
0,     20949,0,        1239610642,0.0,3082
0,     20950,0,        1239611091,0.0,3123
0,     20951,0,        1239611182,0.0,3100
0,     20953,0,        1239611490,0.0,3081
0,     20954,0,        1239611893,0.0,3100
0,     20955,0,        1239611896,0.0,6112
0,     20956,0,        1239612332,0.0,3081
0,     20958,0,        1239612530,0.0,3087
0,     20959,0,        1239612744,0.0,3100
0,     20960,0,        1239613401,0.0,3101
0,     20962,0,        1239613532,0.0,3100
0,     20963,0,        1239613812,0.0,3272
0,     20964,0,        1239613831,0.0,3094
0,     20965,0,        1239614419,0.0,3089
0,     20966,0,        1239614433,0.0,3078
0,     20967,0,        1239614437,0.0,970
0,     20969,0,        1239614707,0.0,3127
0,     20970,0,        1239615047,0.0,3080
0,     20972,0,        1239615633,0.0,3084
0,     20973,0,        1239615960,0.0,3080
0,     20974,0,        1239616043,0.0,3090
0,     20975,0,        1239616215,0.0,3113
0,     20976,0,        1239616276,0.0,3087
0,     20977,0,        1239616444,0.0,3124
0,     20978,0,        1239616484,0.0,3075
0,     20980,0,        1239617010,0.0,3073
0,     20981,0,        1239617143,0.0,3094
0,     20982,0,        1239617148,0.0,3124
0,     20983,0,        1239617375,0.0,3080
0,     20984,0,        1239617405,0.0,3086
0,     20986,0,        1239617634,0.0,3078
0,     20987,0,        1239617839,0.0,3082
0,     20988,0,        1239618142,0.0,3093
0,     20989,0,        1239618250,0.0,3093
0,     20990,0,        1239618285,0.0,3079
0,     20991,0,        1239618468,0.0,3080
0,     20993,0,        1239619067,0.0,3076
0,     20994,0,        1239619113,0.0,3151
0,     20995,0,        1239619138,0.0,3083
0,     20996,0,        1239619260,0.0,3109
0,     20997,0,        1239619321,0.0,3078
0,     20998,0,        1239619335,0.0,3122
0,     20999,0,        1239619446,0.0,3083
0,     21000,0,        1239619561,0.0,3099
0,     21002,0,        1239619965,0.0,3098
0,     21003,0,        1239620020,0.0,3212
0,     21004,0,        1239620208,0.0,3078
0,     21005,0,        1239620468,0.0,3085
0,     21007,0,        1239620881,0.0,3083
0,     21008,0,        1239621107,0.0,3134
0,     21010,0,        1239621752,0.0,3098
0,     21012,0,        1239622779,0.0,3088
0,     21013,0,        1239623151,0.0,3089
0,     21014,0,        1239623261,0.0,3083
0,     21015,0,        1239623669,0.0,3078
0,     21017,0,        1239624158,0.0,3087
0,     21018,0,        1239624339,0.0,3142
0,     21019,0,        1239624562,0.0,3089
0,     21020,0,        1239624687,0.0,3068
0,     21022,0,        1239624903,0.0,3125
0,     21023,0,        1239625043,0.0,3080
0,     21024,0,        1239625496,0.0,3073
0,     21025,0,        1239625612,0.0,3081
0,     21027,0,        1239626054,0.0,3091
0,     21029,0,        1239627186,0.0,3084
0,     21030,0,        1239627693,0.0,3087
0,     21032,0,        1239627890,0.0,3086
0,     21033,0,        1239628481,0.0,3103
0,     21034,0,        1239628516,0.0,3080
0,     21035,0,        1239628626,0.0,3082
0,     21037,0,        1239629612,0.0,3084
0,     21039,0,        1239629863,0.0,3337
0,     21040,0,        1239629919,0.0,3086
0,     21041,0,        1239630029,0.0,3082
0,     21042,0,        1239630621,0.0,3079
0,     21043,0,        1239630671,0.0,3111
0,     21044,0,        1239630802,0.0,3132
0,     21046,0,        1239631138,0.0,3132
0,     21048,0,        1239632393,0.0,3092
0,     21049,0,        1239632522,0.0,3154
0,     21051,0,        1239633323,0.0,3121
0,     21052,0,        1239633433,0.0,3087
0,     21053,0,        1239633804,0.0,3160
0,     21054,0,        1239633864,0.0,3121
0,     21056,0,        1239634326,0.0,3076
0,     21057,0,        1239634370,0.0,3130
0,     21058,0,        1239634424,0.0,3079
0,     21059,0,        1239634702,0.0,3083
0,     21060,0,        1239634776,0.0,5660
0,     21061,0,        1239634884,0.0,3081
0,     21062,0,        1239634919,0.0,3084
0,     21064,0,        1239635195,0.0,3096
0,     21065,0,        1239635489,0.0,3136
0,     21066,0,        1239635703,0.0,3100
0,     21068,0,        1239636310,0.0,3083
0,     21069,0,        1239636659,0.0,3137
0,     21071,0,        1239637581,0.0,3085
0,     21072,0,        1239637627,0.0,3078
0,     21073,0,        1239637797,0.0,6078
0,     21075,0,        1239638048,0.0,3118
0,     21076,0,        1239638173,0.0,3088
0,     21077,0,        1239638202,0.0,3092
0,     21078,0,        1239638307,0.0,3105
0,     21079,0,        1239638915,0.0,3096
0,     21080,0,        1239638972,0.0,3086
0,     21082,0,        1239639390,0.0,3085
0,     21083,0,        1239639902,0.0,3093
0,     21085,0,        1239641051,0.0,3108
0,     21087,0,        1239641290,0.0,3075
0,     21088,0,        1239641454,0.0,3118
0,     21090,0,        1239642112,0.0,3070
0,     21091,0,        1239642517,0.0,3085
0,     21092,0,        1239642604,0.0,3164
0,     21094,0,        1239643182,0.0,3082
0,     21095,0,        1239643278,0.0,3153
0,     21096,0,        1239643794,0.0,3081
0,     21097,0,        1239643942,0.0,3096
0,     21098,0,        1239644093,0.0,3100
0,     21100,0,        1239644186,0.0,3134
0,     21101,0,        1239644209,0.0,3085
0,     21102,0,        1239644407,0.0,3081
0,     21103,0,        1239644590,0.0,3079
0,     21104,0,        1239644728,0.0,3141
0,     21105,0,        1239645126,0.0,3139
0,     21107,0,        1239645282,0.0,3081
0,     21108,0,        1239645470,0.0,3095
0,     21109,0,        1239645491,0.0,3078
0,     21110,0,        1239645599,0.0,3085
0,     21111,0,        1239645767,0.0,3117
0,     21112,0,        1239646080,0.0,3091
0,     21114,0,        1239646579,0.0,3095
0,     21115,0,        1239646581,0.0,3471
0,     21116,0,        1239646876,0.0,3085
0,     21117,0,        1239647163,0.0,3082
0,     21119,0,        1239647687,0.0,3078
0,     21121,0,        1239648419,0.0,3083
0,     21122,0,        1239648641,0.0,3072
0,     21123,0,        1239648688,0.0,3092
0,     21124,0,        1239648818,0.0,3078
0,     21125,0,        1239648835,0.0,3079
0,     21127,0,        1239649772,0.0,3082
0,     21129,0,        1239650813,0.0,3078
0,     21130,0,        1239651266,0.0,3073
0,     21132,0,        1239651356,0.0,3079
0,     21133,0,        1239651452,0.0,3092
0,     21134,0,        1239651636,0.0,3093
0,     21135,0,        1239651712,0.0,3098
0,     21136,0,        1239651734,0.0,3084
0,     21137,0,        1239651791,0.0,3093
0,     21139,0,        1239652364,0.0,3111
0,     21140,0,        1239652398,0.0,3186
0,     21141,0,        1239652433,0.0,3084
0,     21142,0,        1239652453,0.0,3074
0,     21143,0,        1239652924,0.0,3104
0,     21144,0,        1239653344,0.0,3083
0,     21146,0,        1239653412,0.0,3105
0,     21147,0,        1239653589,0.0,3092
0,     21148,0,        1239654142,0.0,3082
0,     21149,0,        1239654166,0.0,3077
0,     21151,0,        1239654501,0.0,3085
0,     21152,0,        1239654858,0.0,3099
0,     21153,0,        1239654920,0.0,3104
0,     21154,0,        1239655327,0.0,3077
0,     21156,0,        1239655651,0.0,3081
0,     21157,0,        1239655663,0.0,3096
0,     21158,0,        1239655787,0.0,3084
0,     21159,0,        1239656051,0.0,3086
0,     21160,0,        1239656131,0.0,3086
0,     21161,0,        1239656264,0.0,3082
0,     21163,0,        1239656606,0.0,3090
0,     21164,0,        1239657329,0.0,3086
0,     21166,0,        1239658015,0.0,3085
0,     21168,0,        1239658826,0.0,3143
0,     21169,0,        1239658849,0.0,3107
0,     21170,0,        1239658853,0.0,3082
0,     21171,0,        1239659036,0.0,3102
0,     21172,0,        1239659180,0.0,3089
0,     21173,0,        1239659269,0.0,3082
0,     21174,0,        1239659445,0.0,3105
0,     21176,0,        1239659681,0.0,3072
0,     21177,0,        1239660366,0.0,3080
0,     21179,0,        1239660579,0.0,3270
0,     21180,0,        1239660728,0.0,3123
0,     21181,0,        1239661062,0.0,3213
0,     21182,0,        1239661154,0.0,3083
0,     21183,0,        1239661251,0.0,3120
0,     21184,0,        1239661566,0.0,3117
0,     21186,0,        1239662174,0.0,3081
0,     21187,0,        1239662434,0.0,3087
0,     21189,0,        1239663004,0.0,3077
0,     21190,0,        1239663140,0.0,3088
0,     21191,0,        1239663189,0.0,3101
0,     21192,0,        1239663329,0.0,3095
0,     21193,0,        1239663349,0.0,3166
0,     21194,0,        1239663424,0.0,3092
0,     21196,0,        1239663956,0.0,3081
0,     21197,0,        1239664370,0.0,3088
0,     21199,0,        1239664930,0.0,3101
0,     21200,0,        1239664949,0.0,3181
0,     21202,0,        1239665770,0.0,3091
0,     21203,0,        1239665903,0.0,3081
0,     21204,0,        1239666049,0.0,3121
0,     21206,0,        1239666990,0.0,3124
0,     21207,0,        1239667059,0.0,3088
0,     21208,0,        1239667626,0.0,3146
0,     21210,0,        1239667866,0.0,3075
0,     21212,0,        1239668922,0.0,3116
0,     21213,0,        1239669159,0.0,3066
0,     21214,0,        1239669531,0.0,3088
0,     21216,0,        1239669797,0.0,3160
0,     21217,0,        1239670091,0.0,3096
0,     21218,0,        1239670382,0.0,3130
0,     21219,0,        1239670414,0.0,3081
0,     21220,0,        1239670598,0.0,3093
0,     21222,0,        1239671562,0.0,3078
0,     21223,0,        1239671592,0.0,3082
0,     21225,0,        1239671914,0.0,3078
0,     21226,0,        1239672552,0.0,3084
0,     21227,0,        1239672720,0.0,3091
0,     21229,0,        1239672986,0.0,3078
0,     21230,0,        1239673224,0.0,3084
0,     21232,0,        1239673856,0.0,3087
0,     21233,0,        1239673989,0.0,3084
0,     21234,0,        1239674191,0.0,3086
0,     21235,0,        1239674213,0.0,3082
0,     21236,0,        1239674534,0.0,3123
0,     21237,0,        1239674622,0.0,3132
0,     21239,0,        1239674945,0.0,3077
0,     21240,0,        1239675122,0.0,3098
0,     21241,0,        1239675616,0.0,3106
0,     21243,0,        1239676796,0.0,3085
0,     21244,0,        1239676926,0.0,3073
0,     21246,0,        1239677285,0.0,3093
0,     21247,0,        1239677563,0.0,3081
0,     21248,0,        1239677606,0.0,3086
0,     21249,0,        1239677661,0.0,3077
0,     21250,0,        1239677687,0.0,3087
0,     21251,0,        1239677786,0.0,3081
0,     21253,0,        1239678785,0.0,3081
0,     21255,0,        1239678993,0.0,3126
0,     21256,0,        1239679027,0.0,3092
0,     21257,0,        1239679060,0.0,3118
0,     21258,0,        1239679063,0.0,3081
0,     21259,0,        1239679187,0.0,3083
0,     21260,0,        1239679913,0.0,3082
0,     21262,0,        1239680119,0.0,3143
0,     21263,0,        1239680217,0.0,3124
0,     21264,0,        1239680793,0.0,3096
0,     21265,0,        1239680806,0.0,3142
0,     21266,0,        1239681005,0.0,3100
0,     21268,0,        1239681122,0.0,3065
0,     21269,0,        1239681376,0.0,3097
0,     21270,0,        1239681431,0.0,3108
0,     21271,0,        1239682024,0.0,3086
0,     21273,0,        1239682086,0.0,3081
0,     21274,0,        1239682372,0.0,3084
0,     21275,0,        1239682753,0.0,3079
0,     21277,0,        1239683403,0.0,3113
0,     21278,0,        1239683488,0.0,3079
0,     21279,0,        1239683570,0.0,3140
0,     21281,0,        1239684242,0.0,3091
0,     21282,0,        1239684347,0.0,3104
0,     21283,0,        1239684707,0.0,3108
0,     21284,0,        1239684733,0.0,3089
0,     21286,0,        1239685164,0.0,3086
0,     21287,0,        1239685377,0.0,3085
0,     21288,0,        1239685416,0.0,3078
0,     21289,0,        1239685621,0.0,3090
0,     21291,0,        1239686152,0.0,3084
0,     21292,0,        1239686366,0.0,3106
0,     21293,0,        1239686564,0.0,3092
0,     21294,0,        1239686722,0.0,3086
0,     21295,0,        1239686893,0.0,3099
0,     21296,0,        1239686954,0.0,3087
0,     21298,0,        1239687453,0.0,3095
0,     21299,0,        1239687703,0.0,3102
0,     21300,0,        1239687756,0.0,3109
0,     21301,0,        1239687906,0.0,3096
0,     21302,0,        1239688101,0.0,3090
0,     21304,0,        1239688661,0.0,3083
0,     21305,0,        1239689030,0.0,3088
0,     21306,0,        1239689036,0.0,3154
0,     21308,0,        1239689585,0.0,3075
0,     21309,0,        1239689665,0.0,3086
0,     21310,0,        1239689870,0.0,3081
0,     21311,0,        1239689986,0.0,3093
0,     21312,0,        1239690180,0.0,3096
0,     21314,0,        1239690995,0.0,3074
0,     21316,0,        1239691512,0.0,3081
0,     21317,0,        1239692011,0.0,3111
0,     21318,0,        1239692170,0.0,3095
0,     21319,0,        1239692265,0.0,3084
0,     21321,0,        1239692762,0.0,3073
0,     21322,0,        1239692864,0.0,3127
0,     21323,0,        1239692891,0.0,3081
0,     21324,0,        1239693004,0.0,3096
0,     21325,0,        1239693128,0.0,3084
0,     21327,0,        1239693336,0.0,3105
0,     21328,0,        1239693711,0.0,3097
0,     21329,0,        1239694101,0.0,3087
0,     21330,0,        1239694210,0.0,3081
0,     21331,0,        1239694249,0.0,3099
0,     21333,0,        1239694876,0.0,3095
0,     21334,0,        1239695031,0.0,3074
0,     21335,0,        1239695155,0.0,3082
0,     21336,0,        1239695202,0.0,3079
0,     21337,0,        1239695314,0.0,3085
0,     21339,0,        1239695843,0.0,3152
0,     21340,0,        1239695920,0.0,3084
0,     21341,0,        1239696017,0.0,3085
0,     21342,0,        1239696117,0.0,3075
0,     21343,0,        1239696158,0.0,3091
0,     21345,0,        1239696735,0.0,3079
0,     21346,0,        1239696988,0.0,3234
0,     21348,0,        1239697456,0.0,3106
0,     21349,0,        1239697546,0.0,3079
0,     21350,0,        1239697638,0.0,3083
0,     21351,0,        1239697988,0.0,3081
0,     21352,0,        1239698366,0.0,3080
0,     21354,0,        1239698460,0.0,3085
0,     21355,0,        1239698570,0.0,3146
0,     21356,0,        1239698598,0.0,3077
0,     21357,0,        1239698732,0.0,3080
0,     21358,0,        1239699000,0.0,3089
0,     21359,0,        1239699147,0.0,3146
0,     21361,0,        1239699681,0.0,3119
0,     21362,0,        1239699882,0.0,3075
0,     21363,0,        1239699968,0.0,3086
0,     21365,0,        1239700574,0.0,3087
0,     21366,0,        1239700576,0.0,3110
0,     21367,0,        1239700929,0.0,3075
0,     21368,0,        1239701368,0.0,3111
0,     21370,0,        1239701731,0.0,3092
0,     21371,0,        1239701979,0.0,3088
0,     21372,0,        1239702102,0.0,3083
0,     21374,0,        1239702544,0.0,2400
0,     21375,0,        1239703119,0.0,3081
0,     21377,0,        1239704057,0.0,3088
0,     21379,0,        1239706706,0.0,3137
0,     21380,0,        1239707150,0.0,3110
0,     21382,0,        1239707657,0.0,3072
0,     21383,0,        1239707719,0.0,3087
0,     21384,0,        1239708224,0.0,3230
0,     21385,0,        1239708543,0.0,3080
0,     21387,0,        1239708742,0.0,3065
0,     21389,0,        1239709753,0.0,3086
0,     21390,0,        1239710044,0.0,3069
0,     21391,0,        1239710523,0.0,3114
0,     21393,0,        1239710857,0.0,3200
0,     21394,0,        1239711513,0.0,3080
0,     21396,0,        1239712891,0.0,3079
0,     21397,0,        1239713055,0.0,3132
0,     21398,0,        1239713061,0.0,3070
0,     21399,0,        1239713615,0.0,3131
0,     21400,0,        1239713766,0.0,3090
0,     21402,0,        1239714199,0.0,3079
0,     21403,0,        1239714594,0.0,3065
0,     21405,0,        1239714869,0.0,3078
0,     21406,0,        1239715101,0.0,3125
0,     21407,0,        1239715314,0.0,3250
0,     21408,0,        1239715784,0.0,3110
0,     21410,0,        1239716667,0.0,3078
0,     21411,0,        1239716826,0.0,3077
0,     21413,0,        1239717237,0.0,3070
0,     21414,0,        1239717243,0.0,3254
0,     21415,0,        1239717503,0.0,3087
0,     21416,0,        1239717716,0.0,3110
0,     21417,0,        1239717857,0.0,3083
0,     21418,0,        1239717861,0.0,3089
0,     21420,0,        1239718612,0.0,3161
0,     21421,0,        1239718653,0.0,3106
0,     21422,0,        1239718673,0.0,3080
0,     21424,0,        1239719105,0.0,3085
0,     21425,0,        1239719387,0.0,3083
0,     21426,0,        1239719429,0.0,3084
0,     21427,0,        1239719923,0.0,3080
0,     21429,0,        1239720651,0.0,3080
0,     21430,0,        1239720830,0.0,3075
0,     21431,0,        1239720881,0.0,3052
0,     21433,0,        1239720983,0.0,3096
0,     21434,0,        1239721196,0.0,3081
0,     21435,0,        1239721292,0.0,3074
0,     21436,0,        1239721614,0.0,3079
0,     21438,0,        1239722080,0.0,3100
0,     21439,0,        1239722456,0.0,3081
0,     21440,0,        1239722698,0.0,3086
0,     21441,0,        1239722746,0.0,3120
0,     21442,0,        1239722760,0.0,3083
0,     21443,0,        1239722814,0.0,3085
0,     21445,0,        1239723096,0.0,3169
0,     21446,0,        1239723159,0.0,3073
0,     21447,0,        1239723437,0.0,3183
0,     21449,0,        1239724040,0.0,3131
0,     21450,0,        1239724085,0.0,3112
0,     21451,0,        1239724300,0.0,3080
0,     21453,0,        1239725066,0.0,3195
0,     21454,0,        1239725863,0.0,3083
0,     21456,0,        1239726514,0.0,3074
0,     21457,0,        1239727039,0.0,3086
0,     21458,0,        1239727048,0.0,3083
0,     21460,0,        1239727625,0.0,3098
0,     21462,0,        1239728204,0.0,3090
0,     21463,0,        1239728351,0.0,3099
0,     21464,0,        1239728423,0.0,3096
0,     21465,0,        1239729079,0.0,3074
0,     21467,0,        1239729329,0.0,3086
0,     21468,0,        1239729836,0.0,3085
0,     21470,0,        1239730966,0.0,3090
0,     21471,0,        1239731034,0.0,3110
0,     21473,0,        1239731438,0.0,3079
0,     21474,0,        1239731650,0.0,3087
0,     21475,0,        1239731732,0.0,3078
0,     21476,0,        1239731882,0.0,3100
0,     21478,0,        1239732322,0.0,3088
0,     21479,0,        1239732355,0.0,3107
0,     21480,0,        1239732369,0.0,3080
0,     21481,0,        1239732592,0.0,3090
0,     21482,0,        1239732706,0.0,3096
0,     21483,0,        1239732788,0.0,3064
0,     21485,0,        1239733270,0.0,3082
0,     21486,0,        1239733569,0.0,3086
0,     21487,0,        1239734176,0.0,3120
0,     21489,0,        1239734484,0.0,3134
0,     21490,0,        1239734550,0.0,3089
0,     21491,0,        1239734726,0.0,3092
0,     21492,0,        1239734957,0.0,908
0,     21494,0,        1239735632,0.0,3091
0,     21495,0,        1239735677,0.0,3118
0,     21496,0,        1239736151,0.0,3092
0,     21498,0,        1239737029,0.0,3089
0,     21500,0,        1239737881,0.0,3094
0,     21501,0,        1239738208,0.0,3086
0,     21503,0,        1239738439,0.0,3081
0,     21504,0,        1239738522,0.0,3104
0,     21505,0,        1239738751,0.0,3104
0,     21506,0,        1239739050,0.0,3069
0,     21508,0,        1239739518,0.0,3088
0,     21509,0,        1239739838,0.0,3109
0,     21510,0,        1239739924,0.0,3081
0,     21511,0,        1239739949,0.0,3102
0,     21512,0,        1239739957,0.0,3171
0,     21513,0,        1239740161,0.0,3084
0,     21514,0,        1239740291,0.0,3078
0,     21516,0,        1239740670,0.0,3181
0,     21517,0,        1239740724,0.0,3142
0,     21518,0,        1239740900,0.0,3089
0,     21519,0,        1239740942,0.0,3096
0,     21520,0,        1239741118,0.0,3083
0,     21521,0,        1239741161,0.0,3068
0,     21522,0,        1239741341,0.0,3098
0,     21524,0,        1239741444,0.0,3082
0,     21525,0,        1239741633,0.0,3088
0,     21526,0,        1239741884,0.0,3189
0,     21527,0,        1239741900,0.0,3078
0,     21528,0,        1239742031,0.0,3102
0,     21529,0,        1239742048,0.0,3091
0,     21530,0,        1239742202,0.0,3074
0,     21531,0,        1239742247,0.0,3124
0,     21532,0,        1239742308,0.0,3144
0,     21534,0,        1239742993,0.0,3090
0,     21535,0,        1239743097,0.0,3086
0,     21536,0,        1239743131,0.0,3102
0,     21537,0,        1239743452,0.0,3092
0,     21539,0,        1239743974,0.0,3095
0,     21540,0,        1239744435,0.0,3143
0,     21542,0,        1239744653,0.0,3082
0,     21543,0,        1239745242,0.0,3087
0,     21545,0,        1239746019,0.0,3093
0,     21546,0,        1239746331,0.0,3074
0,     21548,0,        1239747214,0.0,3191
0,     21549,0,        1239747384,0.0,3082
0,     21551,0,        1239747758,0.0,3091
0,     21552,0,        1239747913,0.0,3092
0,     21553,0,        1239748180,0.0,3084
0,     21554,0,        1239748192,0.0,3083
0,     21555,0,        1239748420,0.0,3103
0,     21556,0,        1239748504,0.0,3082
0,     21557,0,        1239748536,0.0,3087
0,     21559,0,        1239748747,0.0,3083
0,     21560,0,        1239748805,0.0,3080
0,     21561,0,        1239749086,0.0,3090
0,     21562,0,        1239749179,0.0,3107
0,     21563,0,        1239749321,0.0,3098
0,     21564,0,        1239749376,0.0,3086
0,     21565,0,        1239749398,0.0,3074
0,     21567,0,        1239749822,0.0,3083
0,     21568,0,        1239750631,0.0,3065
0,     21570,0,        1239750913,0.0,3107
0,     21571,0,        1239751024,0.0,3094
0,     21572,0,        1239751384,0.0,3124
0,     21573,0,        1239751394,0.0,3116
0,     21575,0,        1239751882,0.0,3093
0,     21576,0,        1239752033,0.0,3090
0,     21577,0,        1239752239,0.0,3092
0,     21579,0,        1239752855,0.0,3103
0,     21580,0,        1239753438,0.0,3135
0,     21581,0,        1239753707,0.0,3085
0,     21583,0,        1239753978,0.0,3083
0,     21584,0,        1239754292,0.0,3123
0,     21585,0,        1239754415,0.0,3091
0,     21587,0,        1239754818,0.0,3084
0,     21588,0,        1239755565,0.0,3123
0,     21589,0,        1239755615,0.0,3108
0,     21591,0,        1239755781,0.0,3114
0,     21592,0,        1239755804,0.0,3073
0,     21593,0,        1239755847,0.0,3168
0,     21594,0,        1239756056,0.0,3077
0,     21595,0,        1239756076,0.0,3073
0,     21596,0,        1239756442,0.0,3131
0,     21597,0,        1239756524,0.0,3090
0,     21598,0,        1239756705,0.0,3075
0,     21600,0,        1239757275,0.0,3084
0,     21601,0,        1239757545,0.0,3083
0,     21602,0,        1239757668,0.0,3084
0,     21604,0,        1239757932,0.0,3079
0,     21605,0,        1239758337,0.0,3082
0,     21606,0,        1239758384,0.0,3082
0,     21607,0,        1239758584,0.0,3075
0,     21608,0,        1239758637,0.0,3101
0,     21610,0,        1239758852,0.0,3098
0,     21611,0,        1239758968,0.0,3112
0,     21612,0,        1239759341,0.0,3079
0,     21613,0,        1239759792,0.0,3092
0,     21615,0,        1239759877,0.0,3077
0,     21616,0,        1239760442,0.0,3078
0,     21617,0,        1239760499,0.0,3106
0,     21618,0,        1239760867,0.0,3185
0,     21620,0,        1239760917,0.0,3078
0,     21621,0,        1239761711,0.0,3101
0,     21623,0,        1239762062,0.0,3081
0,     21624,0,        1239762392,0.0,3085
0,     21625,0,        1239762520,0.0,3083
0,     21626,0,        1239762594,0.0,3115
0,     21627,0,        1239762635,0.0,3091
0,     21629,0,        1239763068,0.0,3133
0,     21630,0,        1239763178,0.0,3083
0,     21631,0,        1239763761,0.0,3180
0,     21632,0,        1239763840,0.0,3085
0,     21633,0,        1239763874,0.0,3112
0,     21635,0,        1239764290,0.0,3093
0,     21636,0,        1239764421,0.0,3098
0,     21637,0,        1239764732,0.0,3103
0,     21638,0,        1239764770,0.0,3087
0,     21639,0,        1239764958,0.0,3073
0,     21641,0,        1239765030,0.0,3093
0,     21642,0,        1239765440,0.0,3067
0,     21643,0,        1239765566,0.0,3092
0,     21644,0,        1239765802,0.0,3091
0,     21646,0,        1239766030,0.0,3124
0,     21647,0,        1239766559,0.0,3125
0,     21648,0,        1239766603,0.0,3079
0,     21650,0,        1239767129,0.0,3081
0,     21652,0,        1239768114,0.0,3082
0,     21653,0,        1239768323,0.0,3097
0,     21654,0,        1239768397,0.0,3072
0,     21655,0,        1239768491,0.0,3088
0,     21656,0,        1239768539,0.0,3112
0,     21657,0,        1239768634,0.0,3081
0,     21658,0,        1239768715,0.0,3084
0,     21659,0,        1239769025,0.0,3107
0,     21661,0,        1239769227,0.0,3097
0,     21662,0,        1239769318,0.0,3152
0,     21663,0,        1239769382,0.0,3075
0,     21664,0,        1239769926,0.0,3085
0,     21665,0,        1239769989,0.0,3155
0,     21667,0,        1239770260,0.0,3097
0,     21668,0,        1239770485,0.0,3084
0,     21670,0,        1239771192,0.0,3161
0,     21671,0,        1239771567,0.0,3238
0,     21672,0,        1239772149,0.0,3084
0,     21674,0,        1239772240,0.0,3088
0,     21675,0,        1239772576,0.0,3141
0,     21676,0,        1239772594,0.0,3096
0,     21677,0,        1239773170,0.0,3065
0,     21679,0,        1239773621,0.0,3102
0,     21680,0,        1239773984,0.0,3078
0,     21682,0,        1239774698,0.0,3086
0,     21683,0,        1239775197,0.0,3082
0,     21685,0,        1239775537,0.0,3093
0,     21686,0,        1239776202,0.0,3084
0,     21688,0,        1239776909,0.0,3089
0,     21689,0,        1239776962,0.0,3074
0,     21690,0,        1239777070,0.0,3094
0,     21691,0,        1239777206,0.0,3112
0,     21693,0,        1239777495,0.0,3096
0,     21694,0,        1239777674,0.0,3081
0,     21695,0,        1239777985,0.0,3114
0,     21697,0,        1239778443,0.0,3082
0,     21698,0,        1239778886,0.0,3157
0,     21700,0,        1239779782,0.0,3088
0,     21701,0,        1239780186,0.0,3077
0,     21702,0,        1239780299,0.0,3083
0,     21704,0,        1239780603,0.0,3088
0,     21705,0,        1239781050,0.0,3080
0,     21707,0,        1239782065,0.0,3085
0,     21708,0,        1239782267,0.0,3130
0,     21710,0,        1239782406,0.0,3085
0,     21711,0,        1239782609,0.0,3086
0,     21712,0,        1239782795,0.0,3101
0,     21713,0,        1239783414,0.0,3086
0,     21715,0,        1239783543,0.0,3340
1,     21716,5991,        1239784032,0.0,0.0
0,     21717,0,        1239784180,0.0,3087
0,     21719,0,        1239784729,0.0,3084
0,     21720,0,        1239784957,0.0,3058
0,     21721,0,        1239785456,0.0,3115
0,     21723,0,        1239785545,0.0,3067
0,     21724,0,        1239785547,0.0,3097
0,     21725,0,        1239785637,0.0,3091
0,     21726,0,        1239785865,0.0,3077
0,     21727,0,        1239786083,0.0,3103
0,     21728,0,        1239786204,0.0,3089
0,     21729,0,        1239786471,0.0,3071
0,     21731,0,        1239786753,0.0,3097
0,     21732,0,        1239787045,0.0,3078
0,     21733,0,        1239787113,0.0,3169
0,     21734,0,        1239787300,0.0,3081
0,     21736,0,        1239788128,0.0,3079
0,     21737,0,        1239788149,0.0,3080
0,     21738,0,        1239788247,0.0,3083
0,     21739,0,        1239788313,0.0,3096
0,     21740,0,        1239788476,0.0,3087
0,     21741,0,        1239788524,0.0,3107
0,     21743,0,        1239788552,0.0,3088
0,     21744,0,        1239788839,0.0,3083
0,     21745,0,        1239788856,0.0,3088
0,     21746,0,        1239789100,0.0,3129
0,     21747,0,        1239789374,0.0,3083
0,     21748,0,        1239789380,0.0,3076
0,     21749,0,        1239789443,0.0,3074
0,     21751,0,        1239789585,0.0,3103
0,     21752,0,        1239789615,0.0,3080
0,     21753,0,        1239789695,0.0,3110
0,     21754,0,        1239789729,0.0,3083
0,     21755,0,        1239789871,0.0,3086
0,     21756,0,        1239790032,0.0,3084
0,     21758,0,        1239791227,0.0,3106
0,     21759,0,        1239791246,0.0,3141
0,     21761,0,        1239791910,0.0,3076
0,     21762,0,        1239791954,0.0,3099
0,     21763,0,        1239792052,0.0,3086
0,     21765,0,        1239792713,0.0,3136
0,     21766,0,        1239793308,0.0,3099
0,     21768,0,        1239795636,0.0,3101
0,     21770,0,        1239801343,0.0,3076
0,     21771,0,        1239801726,0.0,3165
0,     21773,0,        1239803417,0.0,3144
0,     21775,0,        1239804784,0.0,3076
0,     21777,0,        1239808173,0.0,3090
0,     21778,0,        1239808740,0.0,3095
0,     21780,0,        1239809953,0.0,3094
0,     21781,0,        1239809956,0.0,3525
0,     21783,0,        1239810433,0.0,3080
0,     21785,0,        1239815137,0.0,3085
0,     21787,0,        1239834777,0.0,3095
0,     21789,0,        1239836198,0.0,3257
0,     21791,0,        1239841038,0.0,3079
0,     21793,0,        1239853085,0.0,3080
0,     21795,0,        1239856486,0.0,3077
0,     21797,0,        1239871942,0.0,3090
0,     21799,0,        1239882150,0.0,3098
0,     21800,0,        1239882473,0.0,3087
0,     21802,0,        1239900955,0.0,3082
0,     21804,0,        1239904210,0.0,3091
0,     21806,0,        1239910460,0.0,3072
0,     21808,0,        1239917532,0.0,616
0,     21810,0,        1239921193,0.0,3087
0,     21812,0,        1239932224,0.0,3144
0,     21814,0,        1239941453,0.0,3078
0,     21816,0,        1239948504,0.0,3078
0,     21818,0,        1239951726,0.0,3178
0,     21820,0,        1239952412,0.0,3079
0,     21821,0,        1239952630,0.0,3081
0,     21823,0,        1239956079,0.0,14
0,     21825,0,        1239959352,0.0,3144
0,     21827,0,        1239962651,0.0,3086
0,     21828,0,        1239963319,0.0,3078
0,     21830,0,        1239967242,0.0,3093
0,     21832,0,        1239968553,0.0,3113
0,     21834,0,        1239979991,0.0,3080
0,     21836,0,        1239982719,0.0,3083
1,     21838,5992,        1239984032,0.0,0.0
0,     21840,0,        1239984935,0.0,3188
0,     21841,0,        1239985139,0.0,3097
0,     21843,0,        1239985705,0.0,3096
0,     21844,0,        1239986155,0.0,2896
1,     21846,5993,        1240184032,0.0,0.0
1,     21848,5994,        1240384036,0.0,0.0
0,     21850,0,        1240451241,0.0,3152
0,     21852,0,        1240499756,0.0,3101
0,     21854,0,        1240565822,0.0,2418
0,     21856,0,        1240578698,0.0,3120
1,     21858,5995,        1240584036,0.0,0.0
1,     21860,5996,        1240784036,0.0,0.0
0,     21862,0,        1240805749,0.0,906
1,     21864,5997,        1240984036,0.0,0.0
0,     21866,0,        1240994690,0.0,3496
0,     21867,0,        1240994692,0.0,1719
0,     21869,0,        1241085187,0.0,1639
0,     21870,0,        1241085231,0.0,4876
1,     21872,5998,        1241184040,0.0,0.0
1,     21874,5999,        1241384040,0.0,0.0
1,     21876,6000,        1241584040,0.0,0.0
1,     21878,6001,        1241784044,0.0,0.0
0,     21880,0,        1241826121,0.0,4973
0,     21882,0,        1241938410,0.0,3113
0,     21884,0,        1241960076,0.0,986
1,     21886,6002,        1241984044,0.0,0.0
1,     21888,6003,        1242184044,0.0,0.0
0,     21890,0,        1242324766,0.0,5378
0,     21892,0,        1242348224,0.0,1394
1,     21894,6004,        1242384048,0.0,0.0
0,     21896,0,        1242506961,0.0,5069
1,     21898,6005,        1242584048,0.0,0.0
0,     21900,0,        1242778462,0.0,4372
1,     21902,6006,        1242784048,0.0,0.0
1,     21904,6007,        1242984048,0.0,0.0
0,     21906,0,        1243002281,0.0,263
0,     21908,0,        1243084114,0.0,2764
0,     21910,0,        1243167441,0.0,831
1,     21912,6008,        1243184052,0.0,0.0
0,     21914,0,        1243217498,0.0,2620
0,     21916,0,        1243354006,0.0,4875
0,     21918,0,        1243379201,0.0,880
1,     21920,6009,        1243384052,0.0,0.0
1,     21922,6010,        1243584052,0.0,0.0
1,     21924,6011,        1243784056,0.0,0.0
0,     21926,0,        1243798392,0.0,2601
0,     21928,0,        1243970189,0.0,5004
1,     21930,6012,        1243984056,0.0,0.0
1,     21932,6013,        1244184056,0.0,0.0
0,     21934,0,        1244334304,0.0,5563
0,     21935,0,        1244334820,0.0,3243
1,     21937,6014,        1244384060,0.0,0.0
0,     21939,0,        1244445422,0.0,400
1,     21941,6015,        1244584060,0.0,0.0
1,     21943,6016,        1244784060,0.0,0.0
0,     21945,0,        1244950798,0.0,3664
1,     21947,6017,        1244984060,0.0,0.0
1,     21949,6018,        1245184064,0.0,0.0
1,     21951,6019,        1245384064,0.0,0.0
0,     21953,0,        1245542639,0.0,61
1,     21955,6020,        1245584064,0.0,0.0
1,     21957,6021,        1245784068,0.0,0.0
0,     21959,0,        1245815508,0.0,677
0,     21960,0,        1245815516,0.0,3687
0,     21962,0,        1245938686,0.0,639
1,     21964,6022,        1245984068,0.0,0.0
0,     21966,0,        1245987745,0.0,4315
1,     21968,6023,        1246184068,0.0,0.0
1,     21970,6024,        1246384068,0.0,0.0
0,     21972,0,        1246478902,0.0,149
0,     21974,0,        1246543559,0.0,3332
1,     21976,6025,        1246584072,0.0,0.0
0,     21978,0,        1246666336,0.0,3165
1,     21980,6026,        1246784072,0.0,0.0
1,     21982,6027,        1246984072,0.0,0.0
0,     21984,0,        1247105738,0.0,510
1,     21986,6028,        1247184076,0.0,0.0
0,     21988,0,        1247370822,0.0,2254
1,     21990,6029,        1247384076,0.0,0.0
1,     21992,6030,        1247584076,0.0,0.0
1,     21994,6031,        1247784080,0.0,0.0
0,     21996,0,        1247966271,0.0,4397
0,     21998,0,        1247983093,0.0,2075
1,     22000,6032,        1247984080,0.0,0.0
0,     22002,0,        1248154978,0.0,3972
1,     22004,6033,        1248184080,0.0,0.0
1,     22006,6034,        1248384080,0.0,0.0
0,     22008,0,        1248452168,0.0,6060
1,     22010,6035,        1248584084,0.0,0.0
1,     22012,6036,        1248784084,0.0,0.0
0,     22014,0,        1248934071,0.0,3080
1,     22016,6037,        1248984084,0.0,0.0
1,     22018,6038,        1249184088,0.0,0.0
0,     22020,0,        1249266314,0.0,403
1,     22022,6039,        1249384088,0.0,0.0
0,     22024,0,        1249451294,0.0,180
0,     22026,0,        1249489671,0.0,216
1,     22028,6040,        1249584088,0.0,0.0
1,     22030,6041,        1249784092,0.0,0.0
1,     22032,6042,        1249984092,0.0,0.0
0,     22034,0,        1250044493,0.0,1968
0,     22036,0,        1250162971,0.0,5085
1,     22038,6043,        1250184092,0.0,0.0
1,     22040,6044,        1250384092,0.0,0.0
1,     22042,6045,        1250584096,0.0,0.0
0,     22044,0,        1250719208,0.0,2672
1,     22046,6046,        1250784096,0.0,0.0
1,     22048,6047,        1250984096,0.0,0.0
1,     22050,6048,        1251184100,0.0,0.0
1,     22052,6049,        1251384100,0.0,0.0
1,     22054,6050,        1251584100,0.0,0.0
1,     22056,6051,        1251784104,0.0,0.0
1,     22058,6052,        1251984104,0.0,0.0
0,     22060,0,        1252122632,0.0,4520
1,     22062,6053,        1252184104,0.0,0.0
0,     22064,0,        1252219941,0.0,4278
1,     22066,6054,        1252384104,0.0,0.0
0,     22068,0,        1252426860,0.0,4548
1,     22070,6055,        1252584108,0.0,0.0
1,     22072,6056,        1252784108,0.0,0.0
1,     22074,6057,        1252984108,0.0,0.0
1,     22076,6058,        1253184112,0.0,0.0
1,     22078,6059,        1253384112,0.0,0.0
0,     22080,0,        1253486712,0.0,5767
1,     22082,6060,        1253584112,0.0,0.0
0,     22084,0,        1253624356,0.0,3314
0,     22086,0,        1253749322,0.0,2595
0,     22088,0,        1253776976,0.0,1052
1,     22090,6061,        1253784112,0.0,0.0
1,     22092,6062,        1253984116,0.0,0.0
1,     22094,6063,        1254184116,0.0,0.0
0,     22095,0,        1254184231,0.0,5140
0,     22097,0,        1254319231,0.0,3487
1,     22099,6064,        1254384116,0.0,0.0
0,     22101,0,        1254440775,0.0,5824
1,     22103,6065,        1254584120,0.0,0.0
0,     22105,0,        1254769394,0.0,3707
1,     22107,6066,        1254784120,0.0,0.0
1,     22109,6067,        1254984120,0.0,0.0
0,     22111,0,        1255028700,0.0,2678
1,     22113,6068,        1255184124,0.0,0.0
1,     22115,6069,        1255384124,0.0,0.0
0,     22117,0,        1255552647,0.0,134
1,     22119,6070,        1255584124,0.0,0.0
0,     22121,0,        1255687274,0.0,480
1,     22123,6071,        1255784124,0.0,0.0
1,     22125,6072,        1255984128,0.0,0.0
0,     22127,0,        1256161849,0.0,2814
1,     22129,6073,        1256184128,0.0,0.0
0,     22131,0,        1256218305,0.0,5036
1,     22133,6074,        1256384128,0.0,0.0
0,     22135,0,        1256483914,0.0,5123
0,     22137,0,        1256487441,0.0,54
1,     22139,6075,        1256584132,0.0,0.0
0,     22141,0,        1256629674,0.0,3802
0,     22143,0,        1256743379,0.0,748
1,     22145,6076,        1256784132,0.0,0.0
1,     22147,6077,        1256984132,0.0,0.0
1,     22149,6078,        1257184136,0.0,0.0
1,     22151,6079,        1257384136,0.0,0.0
0,     22153,0,        1257463416,0.0,2005
1,     22155,6080,        1257584136,0.0,0.0
1,     22157,6081,        1257784136,0.0,0.0
0,     22159,0,        1257930262,0.0,2477
1,     22161,6082,        1257984140,0.0,0.0
0,     22163,0,        1258071120,0.0,2115
1,     22165,6083,        1258184140,0.0,0.0
1,     22167,6084,        1258384140,0.0,0.0
0,     22169,0,        1258580877,0.0,2615
1,     22171,6085,        1258584144,0.0,0.0
1,     22173,6086,        1258784144,0.0,0.0
1,     22175,6087,        1258984144,0.0,0.0
1,     22177,6088,        1259184148,0.0,0.0
0,     22179,0,        1259290718,0.0,2869
1,     22181,6089,        1259384148,0.0,0.0
1,     22183,6090,        1259584148,0.0,0.0
0,     22185,0,        1259713166,0.0,3176
1,     22187,6091,        1259784148,0.0,0.0
0,     22189,0,        1259834287,0.0,3854
0,     22191,0,        1259862762,0.0,4888
1,     22193,6092,        1259984152,0.0,0.0
1,     22195,6093,        1260184152,0.0,0.0
0,     22197,0,        1260196291,0.0,949
0,     22199,0,        1260346604,0.0,3704
1,     22201,6094,        1260384152,0.0,0.0
0,     22203,0,        1260515582,0.0,3354
0,     22204,0,        1260515771,0.0,5750
1,     22206,6095,        1260584156,0.0,0.0
0,     22208,0,        1260725813,0.0,881
1,     22210,6096,        1260784156,0.0,0.0
0,     22212,0,        1260932814,0.0,3153
0,     22214,0,        1260948918,0.0,1488
1,     22216,6097,        1260984156,0.0,0.0
0,     22218,0,        1261014039,0.0,2077
0,     22219,0,        1261014040,0.0,6132
1,     22221,6098,        1261184156,0.0,0.0
0,     22223,0,        1261259632,0.0,3252
0,     22225,0,        1261368355,0.0,2561
1,     22227,6099,        1261384160,0.0,0.0
0,     22229,0,        1261538360,0.0,2858
1,     22231,6100,        1261584160,0.0,0.0
1,     22233,6101,        1261784160,0.0,0.0
1,     22235,6102,        1261984164,0.0,0.0
1,     22237,6103,        1262184164,0.0,0.0
1,     22239,6104,        1262384164,0.0,0.0
1,     22241,6105,        1262584168,0.0,0.0
0,     22243,0,        1262622011,0.0,4715
1,     22245,6106,        1262784168,0.0,0.0
0,     22247,0,        1262960594,0.0,4954
1,     22249,6107,        1262984168,0.0,0.0
0,     22251,0,        1263094566,0.0,180
1,     22253,6108,        1263184168,0.0,0.0
0,     22255,0,        1263233513,0.0,5507
0,     22257,0,        1263271365,0.0,559
0,     22259,0,        1263296831,0.0,441
1,     22261,6109,        1263384172,0.0,0.0
1,     22263,6110,        1263584172,0.0,0.0
0,     22265,0,        1263689478,0.0,1625
1,     22267,6111,        1263784172,0.0,0.0
0,     22269,0,        1263859592,0.0,2375
1,     22271,6112,        1263984176,0.0,0.0
0,     22273,0,        1264005605,0.0,4253
1,     22275,6113,        1264184176,0.0,0.0
0,     22277,0,        1264208464,0.0,3383
1,     22279,6114,        1264384176,0.0,0.0
0,     22281,0,        1264538797,0.0,3042
1,     22283,6115,        1264584180,0.0,0.0
1,     22285,6116,        1264784180,0.0,0.0
0,     22287,0,        1264816273,0.0,2580
0,     22289,0,        1264820851,0.0,3377
1,     22291,6117,        1264984180,0.0,0.0
0,     22293,0,        1265104886,0.0,53
1,     22295,6118,        1265184180,0.0,0.0
1,     22297,6119,        1265384184,0.0,0.0
0,     22299,0,        1265448098,0.0,2627
1,     22301,6120,        1265584184,0.0,0.0
1,     22303,6121,        1265784184,0.0,0.0
1,     22305,6122,        1265984188,0.0,0.0
1,     22307,6123,        1266184188,0.0,0.0
1,     22309,6124,        1266384188,0.0,0.0
0,     22311,0,        1266386719,0.0,1813
1,     22313,6125,        1266584188,0.0,0.0
1,     22315,6126,        1266784192,0.0,0.0
1,     22317,6127,        1266984192,0.0,0.0
1,     22319,6128,        1267184192,0.0,0.0
1,     22321,6129,        1267384196,0.0,0.0
1,     22323,6130,        1267584196,0.0,0.0
0,     22325,0,        1267763488,0.0,6039
1,     22327,6131,        1267784196,0.0,0.0
1,     22329,6132,        1267984200,0.0,0.0
1,     22331,6133,        1268184200,0.0,0.0
0,     22333,0,        1268266421,0.0,4398
1,     22335,6134,        1268384200,0.0,0.0
1,     22337,6135,        1268584200,0.0,0.0
0,     22339,0,        1268622348,0.0,4854
0,     22341,0,        1268735186,0.0,4494
1,     22343,6136,        1268784204,0.0,0.0
1,     22345,6137,        1268984204,0.0,0.0
0,     22347,0,        1269032585,0.0,3755
0,     22349,0,        1269141142,0.0,4388
1,     22351,6138,        1269184204,0.0,0.0
0,     22353,0,        1269262190,0.0,5695
1,     22355,6139,        1269384208,0.0,0.0
1,     22357,6140,        1269584208,0.0,0.0
0,     22359,0,        1269666799,0.0,3388
0,     22361,0,        1269783882,0.0,5668
1,     22362,6141,        1269784208,0.0,0.0
1,     22364,6142,        1269984212,0.0,0.0
0,     22366,0,        1270063944,0.0,3549
1,     22368,6143,        1270184212,0.0,0.0
0,     22370,0,        1270284491,0.0,2665
0,     22372,0,        1270348276,0.0,2950
1,     22374,6144,        1270384212,0.0,0.0
1,     22376,6145,        1270584212,0.0,0.0
1,     22378,6146,        1270784216,0.0,0.0
1,     22380,6147,        1270984216,0.0,0.0
1,     22382,6148,        1271184216,0.0,0.0
0,     22384,0,        1271295582,0.0,3116
1,     22386,6149,        1271384220,0.0,0.0
0,     22388,0,        1271432775,0.0,313
1,     22390,6150,        1271584220,0.0,0.0
0,     22392,0,        1271652906,0.0,5435
0,     22394,0,        1271744405,0.0,5718
1,     22396,6151,        1271784220,0.0,0.0
1,     22398,6152,        1271984224,0.0,0.0
1,     22400,6153,        1272184224,0.0,0.0
0,     22402,0,        1272225107,0.0,3989
1,     22404,6154,        1272384224,0.0,0.0
1,     22406,6155,        1272584224,0.0,0.0
1,     22408,6156,        1272784228,0.0,0.0
1,     22410,6157,        1272984228,0.0,0.0
0,     22412,0,        1273111453,0.0,5885
1,     22414,6158,        1273184228,0.0,0.0
1,     22416,6159,        1273384232,0.0,0.0
0,     22418,0,        1273494514,0.0,4238
1,     22420,6160,        1273584232,0.0,0.0
0,     22422,0,        1273765870,0.0,3137
1,     22424,6161,        1273784232,0.0,0.0
0,     22426,0,        1273794449,0.0,4072
0,     22428,0,        1273794962,0.0,4140
1,     22430,6162,        1273984236,0.0,0.0
0,     22432,0,        1274017259,0.0,3078
0,     22434,0,        1274021558,0.0,4674
1,     22436,6163,        1274184236,0.0,0.0
1,     22438,6164,        1274384236,0.0,0.0
0,     22440,0,        1274481984,0.0,3107
1,     22442,6165,        1274584236,0.0,0.0
0,     22444,0,        1274596253,0.0,2872
0,     22446,0,        1274746742,0.0,3345
1,     22448,6166,        1274784240,0.0,0.0
0,     22450,0,        1274858731,0.0,3209
0,     22452,0,        1274889162,0.0,3106
1,     22454,6167,        1274984240,0.0,0.0
0,     22456,0,        1274987564,0.0,3086
0,     22458,0,        1275064999,0.0,4920
1,     22460,6168,        1275184240,0.0,0.0
0,     22462,0,        1275352853,0.0,3095
1,     22464,6169,        1275384244,0.0,0.0
0,     22466,0,        1275397211,0.0,3086
0,     22468,0,        1275448395,0.0,3087
0,     22470,0,        1275466053,0.0,3083
1,     22472,6170,        1275584244,0.0,0.0
1,     22474,6171,        1275784244,0.0,0.0
0,     22476,0,        1275806339,0.0,3120
0,     22478,0,        1275911386,0.0,3099
0,     22480,0,        1275942362,0.0,3088
0,     22481,0,        1275942364,0.0,4872
1,     22483,6172,        1275984244,0.0,0.0
0,     22485,0,        1276110308,0.0,3095
1,     22487,6173,        1276184248,0.0,0.0
0,     22489,0,        1276201326,0.0,5419
1,     22491,6174,        1276384248,0.0,0.0
0,     22493,0,        1276521357,0.0,3105
1,     22495,6175,        1276584248,0.0,0.0
0,     22497,0,        1276690148,0.0,5464
0,     22499,0,        1276701284,0.0,2629
1,     22501,6176,        1276784252,0.0,0.0
0,     22503,0,        1276828925,0.0,1478
1,     22505,6177,        1276984252,0.0,0.0
0,     22507,0,        1277151810,0.0,3966
1,     22509,6178,        1277184252,0.0,0.0
0,     22511,0,        1277369894,0.0,1255
0,     22513,0,        1277376625,0.0,3739
1,     22515,6179,        1277384256,0.0,0.0
1,     22517,6180,        1277584256,0.0,0.0
0,     22519,0,        1277688695,0.0,318
1,     22521,6181,        1277784256,0.0,0.0
1,     22523,6182,        1277984256,0.0,0.0
0,     22525,0,        1278027986,0.0,2357
0,     22527,0,        1278038893,0.0,5357
0,     22529,0,        1278082928,0.0,139
0,     22531,0,        1278115144,0.0,324
1,     22533,6183,        1278184260,0.0,0.0
1,     22535,6184,        1278384260,0.0,0.0
0,     22537,0,        1278525472,0.0,497
0,     22539,0,        1278560453,0.0,3734
1,     22541,6185,        1278584260,0.0,0.0
0,     22543,0,        1278614753,0.0,2484
0,     22545,0,        1278716334,0.0,4778
1,     22547,6186,        1278784264,0.0,0.0
1,     22549,6187,        1278984264,0.0,0.0
1,     22551,6188,        1279184264,0.0,0.0
1,     22553,6189,        1279384268,0.0,0.0
0,     22555,0,        1279524006,0.0,428
1,     22557,6190,        1279584268,0.0,0.0
0,     22559,0,        1279623233,0.0,604
0,     22561,0,        1279678882,0.0,1677
1,     22563,6191,        1279784268,0.0,0.0
1,     22565,6192,        1279984268,0.0,0.0
0,     22567,0,        1279986560,0.0,2069
1,     22569,6193,        1280184272,0.0,0.0
1,     22571,6194,        1280384272,0.0,0.0
0,     22573,0,        1280467413,0.0,5239
1,     22575,6195,        1280584272,0.0,0.0
1,     22577,6196,        1280784276,0.0,0.0
0,     22579,0,        1280896683,0.0,5790
1,     22581,6197,        1280984276,0.0,0.0
1,     22583,6198,        1281184276,0.0,0.0
1,     22585,6199,        1281384276,0.0,0.0
1,     22587,6200,        1281584280,0.0,0.0
1,     22589,6201,        1281784280,0.0,0.0
1,     22591,6202,        1281984280,0.0,0.0
0,     22593,0,        1281992406,0.0,1205
1,     22595,6203,        1282184284,0.0,0.0
0,     22597,0,        1282220667,0.0,5291
0,     22599,0,        1282284976,0.0,4962
1,     22601,6204,        1282384284,0.0,0.0
1,     22603,6205,        1282584284,0.0,0.0
0,     22605,0,        1282693152,0.0,1581
1,     22607,6206,        1282784288,0.0,0.0
1,     22609,6207,        1282984288,0.0,0.0
0,     22611,0,        1283124702,0.0,5503
0,     22613,0,        1283136279,0.0,1968
1,     22615,6208,        1283184288,0.0,0.0
0,     22617,0,        1283193184,0.0,4796
0,     22619,0,        1283301895,0.0,5784
0,     22621,0,        1283360798,0.0,3091
1,     22623,6209,        1283384288,0.0,0.0
1,     22625,6210,        1283584292,0.0,0.0
0,     22627,0,        1283635874,0.0,1875
1,     22629,6211,        1283784292,0.0,0.0
0,     22631,0,        1283810014,0.0,3266
0,     22633,0,        1283963032,0.0,1787
1,     22635,6212,        1283984292,0.0,0.0
1,     22637,6213,        1284184296,0.0,0.0
1,     22639,6214,        1284384296,0.0,0.0
0,     22641,0,        1284435812,0.0,1095
0,     22643,0,        1284474970,0.0,1865
0,     22645,0,        1284507769,0.0,2127
1,     22647,6215,        1284584296,0.0,0.0
0,     22649,0,        1284655779,0.0,6068
0,     22651,0,        1284721154,0.0,500
0,     22653,0,        1284748348,0.0,1399
1,     22655,6216,        1284784300,0.0,0.0
0,     22657,0,        1284793331,0.0,1424
1,     22659,6217,        1284984300,0.0,0.0
1,     22661,6218,        1285184300,0.0,0.0
1,     22663,6219,        1285384300,0.0,0.0
1,     22665,6220,        1285584304,0.0,0.0
1,     22667,6221,        1285784304,0.0,0.0
1,     22669,6222,        1285984304,0.0,0.0
1,     22671,6223,        1286184308,0.0,0.0
1,     22673,6224,        1286384308,0.0,0.0
0,     22675,0,        1286428154,0.0,4751
1,     22677,6225,        1286584308,0.0,0.0
0,     22679,0,        1286614015,0.0,886
0,     22681,0,        1286656556,0.0,3383
1,     22683,6226,        1286784312,0.0,0.0
0,     22685,0,        1286813102,0.0,2740
0,     22687,0,        1286877937,0.0,2909
1,     22689,6227,        1286984312,0.0,0.0
1,     22691,6228,        1287184312,0.0,0.0
1,     22693,6229,        1287384312,0.0,0.0
1,     22695,6230,        1287584316,0.0,0.0
0,     22697,0,        1287748588,0.0,3751
1,     22699,6231,        1287784316,0.0,0.0
0,     22701,0,        1287859528,0.0,1017
1,     22703,6232,        1287984316,0.0,0.0
1,     22705,6233,        1288184320,0.0,0.0
1,     22707,6234,        1288384320,0.0,0.0
0,     22709,0,        1288486199,0.0,5986
1,     22711,6235,        1288584320,0.0,0.0
0,     22713,0,        1288653203,0.0,3131
0,     22715,0,        1288696857,0.0,2426
1,     22717,6236,        1288784320,0.0,0.0
1,     22719,6237,        1288984324,0.0,0.0
0,     22721,0,        1289028657,0.0,2794
1,     22723,6238,        1289184324,0.0,0.0
1,     22725,6239,        1289384324,0.0,0.0
0,     22727,0,        1289507217,0.0,833
1,     22729,6240,        1289584328,0.0,0.0
1,     22731,6241,        1289784328,0.0,0.0
1,     22733,6242,        1289984328,0.0,0.0
0,     22735,0,        1290100095,0.0,2985
1,     22737,6243,        1290184332,0.0,0.0
1,     22739,6244,        1290384332,0.0,0.0
0,     22741,0,        1290433473,0.0,6028
1,     22743,6245,        1290584332,0.0,0.0
0,     22745,0,        1290678736,0.0,5526
1,     22747,6246,        1290784332,0.0,0.0
1,     22749,6247,        1290984336,0.0,0.0
0,     22751,0,        1291108745,0.0,6178
1,     22753,6248,        1291184336,0.0,0.0
1,     22755,6249,        1291384336,0.0,0.0
0,     22757,0,        1291528860,0.0,1791
1,     22759,6250,        1291584340,0.0,0.0
0,     22761,0,        1291658281,0.0,4296
1,     22763,6251,        1291784340,0.0,0.0
1,     22765,6252,        1291984340,0.0,0.0
1,     22767,6253,        1292184344,0.0,0.0
0,     22769,0,        1292286767,0.0,2307
1,     22771,6254,        1292384344,0.0,0.0
1,     22773,6255,        1292584344,0.0,0.0
1,     22775,6256,        1292784344,0.0,0.0
1,     22777,6257,        1292984348,0.0,0.0
1,     22779,6258,        1293184348,0.0,0.0
1,     22781,6259,        1293384348,0.0,0.0
1,     22783,6260,        1293584352,0.0,0.0
1,     22785,6261,        1293784352,0.0,0.0
1,     22787,6262,        1293984352,0.0,0.0
1,     22789,6263,        1294184352,0.0,0.0
1,     22791,6264,        1294384356,0.0,0.0
1,     22793,6265,        1294584356,0.0,0.0
0,     22795,0,        1294687882,0.0,1863
1,     22797,6266,        1294784356,0.0,0.0
1,     22799,6267,        1294984360,0.0,0.0
1,     22801,6268,        1295184360,0.0,0.0
0,     22803,0,        1295208665,0.0,5668
0,     22804,0,        1295208670,0.0,3059
1,     22806,6269,        1295384360,0.0,0.0
0,     22808,0,        1295428420,0.0,1474
1,     22810,6270,        1295584364,0.0,0.0
1,     22812,6271,        1295784364,0.0,0.0
0,     22814,0,        1295915551,0.0,4336
1,     22816,6272,        1295984364,0.0,0.0
0,     22818,0,        1296041729,0.0,3570
1,     22820,6273,        1296184364,0.0,0.0
1,     22822,6274,        1296384368,0.0,0.0
1,     22824,6275,        1296584368,0.0,0.0
1,     22826,6276,        1296784368,0.0,0.0
1,     22828,6277,        1296984372,0.0,0.0
0,     22830,0,        1297182996,0.0,1708
1,     22832,6278,        1297184372,0.0,0.0
1,     22834,6279,        1297384372,0.0,0.0
0,     22836,0,        1297584135,0.0,47
1,     22837,6280,        1297584376,0.0,0.0
1,     22839,6281,        1297784376,0.0,0.0
0,     22841,0,        1297877248,0.0,3137
1,     22843,6282,        1297984376,0.0,0.0
0,     22845,0,        1298145279,0.0,3938
1,     22847,6283,        1298184376,0.0,0.0
0,     22849,0,        1298300959,0.0,5590
1,     22851,6284,        1298384380,0.0,0.0
0,     22853,0,        1298557980,0.0,3881
1,     22855,6285,        1298584380,0.0,0.0
1,     22857,6286,        1298784380,0.0,0.0
1,     22859,6287,        1298984384,0.0,0.0
1,     22861,6288,        1299184384,0.0,0.0
1,     22863,6289,        1299384384,0.0,0.0
1,     22865,6290,        1299584388,0.0,0.0
1,     22867,6291,        1299784388,0.0,0.0
1,     22869,6292,        1299984388,0.0,0.0
0,     22871,0,        1300147117,0.0,5566
1,     22873,6293,        1300184388,0.0,0.0
1,     22875,6294,        1300384392,0.0,0.0
0,     22877,0,        1300583752,0.0,4217
1,     22878,6295,        1300584392,0.0,0.0
0,     22880,0,        1300608593,0.0,5438
0,     22882,0,        1300659159,0.0,6063
1,     22884,6296,        1300784392,0.0,0.0
1,     22886,6297,        1300984396,0.0,0.0
1,     22888,6298,        1301184396,0.0,0.0
0,     22890,0,        1301382617,0.0,1010
1,     22892,6299,        1301384396,0.0,0.0
0,     22894,0,        1301451596,0.0,1517
0,     22896,0,        1301496194,0.0,5828
1,     22898,6300,        1301584400,0.0,0.0
0,     22900,0,        1301593728,0.0,1442
1,     22902,6301,        1301784400,0.0,0.0
0,     22904,0,        1301797364,0.0,3857
1,     22906,6302,        1301984400,0.0,0.0
0,     22908,0,        1302043342,0.0,2422
0,     22910,0,        1302050264,0.0,3782
0,     22912,0,        1302085338,0.0,3534
0,     22914,0,        1302090364,0.0,5172
1,     22916,6303,        1302184400,0.0,0.0
0,     22918,0,        1302257469,0.0,5783
1,     22920,6304,        1302384404,0.0,0.0
1,     22922,6305,        1302584404,0.0,0.0
1,     22924,6306,        1302784404,0.0,0.0
0,     22926,0,        1302974591,0.0,1973
1,     22928,6307,        1302984408,0.0,0.0
0,     22930,0,        1303067401,0.0,1693
0,     22932,0,        1303176275,0.0,406
1,     22934,6308,        1303184408,0.0,0.0
1,     22936,6309,        1303384408,0.0,0.0
0,     22938,0,        1303424245,0.0,3946
1,     22940,6310,        1303584408,0.0,0.0
1,     22942,6311,        1303784412,0.0,0.0
0,     22944,0,        1303912723,0.0,1343
0,     22945,0,        1303912868,0.0,3085
0,     22947,0,        1303982948,0.0,80
1,     22949,6312,        1303984412,0.0,0.0
1,     22951,6313,        1304184412,0.0,0.0
0,     22953,0,        1304281626,0.0,645
1,     22955,6314,        1304384416,0.0,0.0
1,     22957,6315,        1304584416,0.0,0.0
1,     22959,6316,        1304784416,0.0,0.0
0,     22961,0,        1304811039,0.0,3008
1,     22963,6317,        1304984420,0.0,0.0
0,     22965,0,        1305164442,0.0,2993
1,     22967,6318,        1305184420,0.0,0.0
1,     22969,6319,        1305384420,0.0,0.0
1,     22971,6320,        1305584420,0.0,0.0
0,     22973,0,        1305709985,0.0,3964
1,     22975,6321,        1305784424,0.0,0.0
1,     22977,6322,        1305984424,0.0,0.0
1,     22979,6323,        1306184424,0.0,0.0
0,     22981,0,        1306205985,0.0,4654
1,     22983,6324,        1306384428,0.0,0.0
0,     22985,0,        1306495521,0.0,2987
1,     22987,6325,        1306584428,0.0,0.0
0,     22989,0,        1306595378,0.0,885
1,     22991,6326,        1306784428,0.0,0.0
0,     22993,0,        1306819719,0.0,2734
1,     22995,6327,        1306984432,0.0,0.0
0,     22997,0,        1307004729,0.0,2095
0,     22998,0,        1307004801,0.0,2429
0,     23000,0,        1307051942,0.0,5507
1,     23002,6328,        1307184432,0.0,0.0
0,     23004,0,        1307303148,0.0,3624
1,     23006,6329,        1307384432,0.0,0.0
1,     23008,6330,        1307584432,0.0,0.0
1,     23010,6331,        1307784436,0.0,0.0
0,     23012,0,        1307824734,0.0,5164
0,     23014,0,        1307927796,0.0,3577
1,     23016,6332,        1307984436,0.0,0.0
0,     23018,0,        1308076400,0.0,2958
1,     23020,6333,        1308184436,0.0,0.0
0,     23022,0,        1308250938,0.0,843
0,     23024,0,        1308284242,0.0,369
1,     23026,6334,        1308384440,0.0,0.0
0,     23028,0,        1308442724,0.0,5203
1,     23030,6335,        1308584440,0.0,0.0
1,     23032,6336,        1308784440,0.0,0.0
0,     23034,0,        1308829954,0.0,33
0,     23036,0,        1308930121,0.0,2012
1,     23038,6337,        1308984440,0.0,0.0
1,     23040,6338,        1309184444,0.0,0.0
0,     23042,0,        1309234929,0.0,1691
1,     23044,6339,        1309384444,0.0,0.0
1,     23046,6340,        1309584444,0.0,0.0
1,     23048,6341,        1309784448,0.0,0.0
1,     23050,6342,        1309984448,0.0,0.0
0,     23052,0,        1310026990,0.0,2964
0,     23054,0,        1310151658,0.0,5672
1,     23056,6343,        1310184448,0.0,0.0
1,     23058,6344,        1310384452,0.0,0.0
0,     23060,0,        1310403442,0.0,5955
0,     23062,0,        1310482583,0.0,112
0,     23064,0,        1310537496,0.0,1478
0,     23066,0,        1310556067,0.0,3137
1,     23068,6345,        1310584452,0.0,0.0
0,     23070,0,        1310595862,0.0,3928
1,     23072,6346,        1310784452,0.0,0.0
1,     23074,6347,        1310984452,0.0,0.0
1,     23076,6348,        1311184456,0.0,0.0
0,     23078,0,        1311211388,0.0,3784
1,     23080,6349,        1311384456,0.0,0.0
1,     23082,6350,        1311584456,0.0,0.0
1,     23084,6351,        1311784460,0.0,0.0
0,     23086,0,        1311788331,0.0,3866
1,     23088,6352,        1311984460,0.0,0.0
0,     23090,0,        1312110353,0.0,2055
1,     23092,6353,        1312184460,0.0,0.0
0,     23094,0,        1312217860,0.0,2454
0,     23096,0,        1312325401,0.0,3763
1,     23098,6354,        1312384464,0.0,0.0
1,     23100,6355,        1312584464,0.0,0.0
0,     23102,0,        1312641014,0.0,3768
1,     23104,6356,        1312784464,0.0,0.0
0,     23106,0,        1312792118,0.0,1990
0,     23108,0,        1312959495,0.0,3826
0,     23109,0,        1312959529,0.0,4731
1,     23111,6357,        1312984464,0.0,0.0
0,     23113,0,        1313131148,0.0,3439
0,     23115,0,        1313172566,0.0,2287
1,     23117,6358,        1313184468,0.0,0.0
1,     23119,6359,        1313384468,0.0,0.0
0,     23121,0,        1313392820,0.0,5723
0,     23123,0,        1313479089,0.0,2573
1,     23125,6360,        1313584468,0.0,0.0
0,     23127,0,        1313635623,0.0,5874
0,     23129,0,        1313669518,0.0,3746
1,     23131,6361,        1313784472,0.0,0.0
1,     23133,6362,        1313984472,0.0,0.0
0,     23135,0,        1314000312,0.0,3781
1,     23137,6363,        1314184472,0.0,0.0
0,     23139,0,        1314220671,0.0,3584
1,     23141,6364,        1314384476,0.0,0.0
0,     23143,0,        1314416849,0.0,3980
0,     23144,0,        1314416851,0.0,3472
0,     23146,0,        1314580265,0.0,2411
1,     23148,6365,        1314584476,0.0,0.0
0,     23150,0,        1314750424,0.0,3273
0,     23152,0,        1314750654,0.0,3729
1,     23154,6366,        1314784476,0.0,0.0
1,     23156,6367,        1314984476,0.0,0.0
0,     23158,0,        1315004184,0.0,4903
0,     23160,0,        1315078853,0.0,2594
0,     23162,0,        1315080486,0.0,3262
1,     23164,6368,        1315184480,0.0,0.0
0,     23166,0,        1315309416,0.0,4261
0,     23168,0,        1315380659,0.0,4565
1,     23170,6369,        1315384480,0.0,0.0
0,     23172,0,        1315391866,0.0,6112
0,     23174,0,        1315395991,0.0,3570
0,     23176,0,        1315413770,0.0,5485
0,     23178,0,        1315465527,0.0,1166
0,     23180,0,        1315551826,0.0,1148
1,     23182,6370,        1315584480,0.0,0.0
1,     23184,6371,        1315784484,0.0,0.0
0,     23186,0,        1315894623,0.0,3091
1,     23188,6372,        1315984484,0.0,0.0
0,     23190,0,        1316024740,0.0,2453
0,     23192,0,        1316128468,0.0,5183
1,     23194,6373,        1316184484,0.0,0.0
0,     23196,0,        1316311643,0.0,3082
0,     23198,0,        1316322524,0.0,3083
1,     23200,6374,        1316384488,0.0,0.0
0,     23202,0,        1316437869,0.0,3087
0,     23204,0,        1316492605,0.0,3082
0,     23206,0,        1316541012,0.0,5949
0,     23208,0,        1316579735,0.0,3082
1,     23210,6375,        1316584488,0.0,0.0
1,     23212,6376,        1316784488,0.0,0.0
0,     23214,0,        1316846864,0.0,3108
1,     23216,6377,        1316984488,0.0,0.0
0,     23218,0,        1317084053,0.0,3097
0,     23220,0,        1317097966,0.0,2228
0,     23222,0,        1317175316,0.0,598
1,     23224,6378,        1317184492,0.0,0.0
0,     23226,0,        1317195813,0.0,3133
0,     23228,0,        1317225635,0.0,5294
0,     23230,0,        1317316844,0.0,700
0,     23231,0,        1317317504,0.0,2074
0,     23232,0,        1317317509,0.0,1527
1,     23234,6379,        1317384492,0.0,0.0
1,     23236,6380,        1317584492,0.0,0.0
1,     23238,6381,        1317784496,0.0,0.0
0,     23240,0,        1317900078,0.0,2961
1,     23242,6382,        1317984496,0.0,0.0
1,     23244,6383,        1318184496,0.0,0.0
0,     23246,0,        1318233401,0.0,4862
0,     23248,0,        1318252629,0.0,2816
1,     23250,6384,        1318384496,0.0,0.0
0,     23252,0,        1318491541,0.0,3836
0,     23254,0,        1318551516,0.0,2826
0,     23256,0,        1318552488,0.0,5016
0,     23258,0,        1318564349,0.0,2700
1,     23260,6385,        1318584500,0.0,0.0
0,     23262,0,        1318749703,0.0,2734
1,     23264,6386,        1318784500,0.0,0.0
1,     23266,6387,        1318984500,0.0,0.0
0,     23268,0,        1319173694,0.0,3413
1,     23270,6388,        1319184504,0.0,0.0
1,     23272,6389,        1319384504,0.0,0.0
1,     23274,6390,        1319584504,0.0,0.0
0,     23276,0,        1319670165,0.0,3923
0,     23277,0,        1319670236,0.0,5229
0,     23279,0,        1319741056,0.0,1070
1,     23281,6391,        1319784508,0.0,0.0
1,     23283,6392,        1319984508,0.0,0.0
0,     23285,0,        1320178331,0.0,2081
1,     23287,6393,        1320184508,0.0,0.0
0,     23289,0,        1320353061,0.0,873
1,     23291,6394,        1320384508,0.0,0.0
0,     23293,0,        1320387620,0.0,3566
0,     23295,0,        1320458085,0.0,4174
0,     23297,0,        1320529911,0.0,637
1,     23299,6395,        1320584512,0.0,0.0
1,     23301,6396,        1320784512,0.0,0.0
0,     23303,0,        1320855801,0.0,1170
0,     23305,0,        1320928003,0.0,3531
1,     23307,6397,        1320984512,0.0,0.0
1,     23309,6398,        1321184516,0.0,0.0
0,     23311,0,        1321219456,0.0,4383
0,     23313,0,        1321240669,0.0,910
0,     23315,0,        1321316202,0.0,172
1,     23317,6399,        1321384516,0.0,0.0
0,     23319,0,        1321472094,0.0,5881
1,     23321,6400,        1321584516,0.0,0.0
0,     23323,0,        1321760968,0.0,3679
1,     23325,6401,        1321784520,0.0,0.0
1,     23327,6402,        1321984520,0.0,0.0
0,     23329,0,        1322057786,0.0,906
1,     23331,6403,        1322184520,0.0,0.0
0,     23333,0,        1322351247,0.0,2646
1,     23335,6404,        1322384520,0.0,0.0
1,     23337,6405,        1322584524,0.0,0.0
0,     23339,0,        1322688498,0.0,3517
1,     23341,6406,        1322784524,0.0,0.0
1,     23343,6407,        1322984524,0.0,0.0
0,     23345,0,        1323035848,0.0,1816
1,     23347,6408,        1323184528,0.0,0.0
1,     23349,6409,        1323384528,0.0,0.0
0,     23351,0,        1323512870,0.0,3263
1,     23353,6410,        1323584528,0.0,0.0
0,     23355,0,        1323677217,0.0,1811
1,     23357,6411,        1323784532,0.0,0.0
0,     23359,0,        1323788051,0.0,4445
0,     23361,0,        1323794048,0.0,2549
1,     23363,6412,        1323984532,0.0,0.0
0,     23365,0,        1324003178,0.0,94
1,     23367,6413,        1324184532,0.0,0.0
1,     23369,6414,        1324384532,0.0,0.0
1,     23371,6415,        1324584536,0.0,0.0
0,     23373,0,        1324587295,0.0,53
0,     23375,0,        1324738401,0.0,2272
1,     23377,6416,        1324784536,0.0,0.0
1,     23379,6417,        1324984536,0.0,0.0
1,     23381,6418,        1325184540,0.0,0.0
0,     23383,0,        1325360553,0.0,5796
1,     23385,6419,        1325384540,0.0,0.0
1,     23387,6420,        1325584540,0.0,0.0
0,     23389,0,        1325641703,0.0,5478
0,     23391,0,        1325652883,0.0,6191
1,     23393,6421,        1325784540,0.0,0.0
1,     23395,6422,        1325984544,0.0,0.0
0,     23397,0,        1326022597,0.0,115
1,     23399,6423,        1326184544,0.0,0.0
1,     23401,6424,        1326384544,0.0,0.0
0,     23403,0,        1326480094,0.0,2585
1,     23405,6425,        1326584548,0.0,0.0
0,     23407,0,        1326690576,0.0,4209
0,     23408,0,        1326690954,0.0,5400
1,     23410,6426,        1326784548,0.0,0.0
0,     23412,0,        1326977680,0.0,1001
1,     23414,6427,        1326984548,0.0,0.0
0,     23416,0,        1327000320,0.0,326
1,     23418,6428,        1327184552,0.0,0.0
1,     23420,6429,        1327384552,0.0,0.0
0,     23422,0,        1327487333,0.0,2861
0,     23424,0,        1327515276,0.0,4289
0,     23426,0,        1327565541,0.0,3550
1,     23428,6430,        1327584552,0.0,0.0
0,     23430,0,        1327637349,0.0,3236
1,     23432,6431,        1327784552,0.0,0.0
1,     23434,6432,        1327984556,0.0,0.0
1,     23436,6433,        1328184556,0.0,0.0
1,     23438,6434,        1328384556,0.0,0.0
0,     23440,0,        1328434160,0.0,2403
0,     23442,0,        1328557245,0.0,3269
1,     23444,6435,        1328584560,0.0,0.0
1,     23446,6436,        1328784560,0.0,0.0
1,     23448,6437,        1328984560,0.0,0.0
0,     23450,0,        1329044159,0.0,4871
1,     23452,6438,        1329184564,0.0,0.0
0,     23454,0,        1329207753,0.0,3405
1,     23456,6439,        1329384564,0.0,0.0
0,     23458,0,        1329496725,0.0,3255
1,     23460,6440,        1329584564,0.0,0.0
1,     23462,6441,        1329784564,0.0,0.0
0,     23464,0,        1329826896,0.0,3838
0,     23466,0,        1329982516,0.0,1422
1,     23468,6442,        1329984568,0.0,0.0
1,     23470,6443,        1330184568,0.0,0.0
1,     23472,6444,        1330384568,0.0,0.0
0,     23474,0,        1330532104,0.0,1390
1,     23476,6445,        1330584572,0.0,0.0
0,     23478,0,        1330736467,0.0,2740
0,     23479,0,        1330736549,0.0,3723
1,     23481,6446,        1330784572,0.0,0.0
0,     23483,0,        1330798494,0.0,2849
1,     23485,6447,        1330984572,0.0,0.0
1,     23487,6448,        1331184576,0.0,0.0
1,     23489,6449,        1331384576,0.0,0.0
1,     23491,6450,        1331584576,0.0,0.0
0,     23493,0,        1331759536,0.0,3504
0,     23494,0,        1331759540,0.0,2229
1,     23496,6451,        1331784576,0.0,0.0
1,     23498,6452,        1331984580,0.0,0.0
1,     23500,6453,        1332184580,0.0,0.0
1,     23502,6454,        1332384580,0.0,0.0
0,     23504,0,        1332532651,0.0,4147
1,     23506,6455,        1332584584,0.0,0.0
1,     23508,6456,        1332784584,0.0,0.0
1,     23510,6457,        1332984584,0.0,0.0
0,     23512,0,        1333159917,0.0,3035
1,     23514,6458,        1333184584,0.0,0.0
1,     23516,6459,        1333384588,0.0,0.0
0,     23518,0,        1333435409,0.0,2771
1,     23520,6460,        1333584588,0.0,0.0
1,     23522,6461,        1333784588,0.0,0.0
1,     23524,6462,        1333984592,0.0,0.0
1,     23526,6463,        1334184592,0.0,0.0
0,     23528,0,        1334236139,0.0,716
1,     23530,6464,        1334384592,0.0,0.0
1,     23532,6465,        1334584596,0.0,0.0
1,     23534,6466,        1334784596,0.0,0.0
1,     23536,6467,        1334984596,0.0,0.0
0,     23538,0,        1335075044,0.0,1534
1,     23540,6468,        1335184596,0.0,0.0
0,     23542,0,        1335237671,0.0,3013
1,     23544,6469,        1335384600,0.0,0.0
0,     23546,0,        1335552492,0.0,3186
1,     23548,6470,        1335584600,0.0,0.0
1,     23550,6471,        1335784600,0.0,0.0
0,     23552,0,        1335808178,0.0,5823
1,     23554,6472,        1335984604,0.0,0.0
1,     23556,6473,        1336184604,0.0,0.0
0,     23558,0,        1336242305,0.0,5292
1,     23560,6474,        1336384604,0.0,0.0
0,     23562,0,        1336469374,0.0,5715
0,     23564,0,        1336546942,0.0,3360
1,     23566,6475,        1336584608,0.0,0.0
0,     23568,0,        1336777030,0.0,107
1,     23570,6476,        1336784608,0.0,0.0
1,     23572,6477,        1336984608,0.0,0.0
1,     23574,6478,        1337184608,0.0,0.0
0,     23576,0,        1337364672,0.0,1365
1,     23578,6479,        1337384612,0.0,0.0
0,     23580,0,        1337486527,0.0,6044
1,     23582,6480,        1337584612,0.0,0.0
1,     23584,6481,        1337784612,0.0,0.0
0,     23586,0,        1337919037,0.0,1239
1,     23588,6482,        1337984616,0.0,0.0
1,     23590,6483,        1338184616,0.0,0.0
1,     23592,6484,        1338384616,0.0,0.0
0,     23594,0,        1338453786,0.0,1781
1,     23596,6485,        1338584616,0.0,0.0
0,     23598,0,        1338664510,0.0,5102
1,     23600,6486,        1338784620,0.0,0.0
1,     23602,6487,        1338984620,0.0,0.0
1,     23604,6488,        1339184620,0.0,0.0
0,     23606,0,        1339352504,0.0,3315
1,     23608,6489,        1339384624,0.0,0.0
1,     23610,6490,        1339584624,0.0,0.0
1,     23612,6491,        1339784624,0.0,0.0
1,     23614,6492,        1339984628,0.0,0.0
0,     23616,0,        1340086876,0.0,5808
1,     23618,6493,        1340184628,0.0,0.0
0,     23620,0,        1340193517,0.0,4171
0,     23622,0,        1340377648,0.0,5039
1,     23624,6494,        1340384628,0.0,0.0
1,     23626,6495,        1340584628,0.0,0.0
0,     23628,0,        1340691300,0.0,3795
1,     23630,6496,        1340784632,0.0,0.0
1,     23632,6497,        1340984632,0.0,0.0
0,     23634,0,        1341070864,0.0,2422
0,     23636,0,        1341156262,0.0,5196
1,     23638,6498,        1341184632,0.0,0.0
0,     23640,0,        1341346712,0.0,717
1,     23642,6499,        1341384636,0.0,0.0
1,     23644,6500,        1341584636,0.0,0.0
0,     23646,0,        1341758833,0.0,3269
1,     23648,6501,        1341784636,0.0,0.0
1,     23650,6502,        1341984640,0.0,0.0
0,     23652,0,        1342021655,0.0,3190
0,     23654,0,        1342058779,0.0,4163
0,     23656,0,        1342076679,0.0,3477
1,     23658,6503,        1342184640,0.0,0.0
0,     23660,0,        1342214150,0.0,2674
1,     23662,6504,        1342384640,0.0,0.0
1,     23664,6505,        1342584640,0.0,0.0
0,     23666,0,        1342715234,0.0,3057
1,     23668,6506,        1342784644,0.0,0.0
0,     23670,0,        1342850555,0.0,1617
1,     23672,6507,        1342984644,0.0,0.0
0,     23674,0,        1343002040,0.0,4976
0,     23676,0,        1343046183,0.0,3467
1,     23678,6508,        1343184644,0.0,0.0
0,     23680,0,        1343288221,0.0,2545
0,     23682,0,        1343378897,0.0,529
1,     23684,6509,        1343384648,0.0,0.0
0,     23686,0,        1343502276,0.0,5567
1,     23688,6510,        1343584648,0.0,0.0
1,     23690,6511,        1343784648,0.0,0.0
0,     23692,0,        1343815553,0.0,2443
0,     23694,0,        1343905217,0.0,5111
1,     23696,6512,        1343984652,0.0,0.0
0,     23698,0,        1344047001,0.0,4524
1,     23700,6513,        1344184652,0.0,0.0
0,     23702,0,        1344196044,0.0,968
1,     23704,6514,        1344384652,0.0,0.0
0,     23706,0,        1344510289,0.0,999
1,     23708,6515,        1344584652,0.0,0.0
0,     23710,0,        1344763687,0.0,5073
1,     23712,6516,        1344784656,0.0,0.0
1,     23714,6517,        1344984656,0.0,0.0
0,     23716,0,        1345070506,0.0,1949
1,     23718,6518,        1345184656,0.0,0.0
0,     23720,0,        1345217901,0.0,3547
0,     23722,0,        1345291804,0.0,2416
0,     23724,0,        1345351355,0.0,5894
0,     23726,0,        1345372454,0.0,2594
1,     23728,6519,        1345384660,0.0,0.0
0,     23730,0,        1345539157,0.0,5409
1,     23732,6520,        1345584660,0.0,0.0
1,     23734,6521,        1345784660,0.0,0.0
1,     23736,6522,        1345984660,0.0,0.0
1,     23738,6523,        1346184664,0.0,0.0
0,     23740,0,        1346254151,0.0,3254
1,     23742,6524,        1346384664,0.0,0.0
1,     23744,6525,        1346584664,0.0,0.0
0,     23746,0,        1346606076,0.0,1980
0,     23748,0,        1346639584,0.0,2853
0,     23750,0,        1346645100,0.0,5105
1,     23752,6526,        1346784668,0.0,0.0
1,     23754,6527,        1346984668,0.0,0.0
1,     23756,6528,        1347184668,0.0,0.0
1,     23758,6529,        1347384672,0.0,0.0
1,     23760,6530,        1347584672,0.0,0.0
1,     23762,6531,        1347784672,0.0,0.0
1,     23764,6532,        1347984672,0.0,0.0
0,     23766,0,        1348043481,0.0,3614
1,     23768,6533,        1348184676,0.0,0.0
1,     23770,6534,        1348384676,0.0,0.0
1,     23772,6535,        1348584676,0.0,0.0
0,     23774,0,        1348621878,0.0,496
1,     23776,6536,        1348784680,0.0,0.0
1,     23778,6537,        1348984680,0.0,0.0
1,     23780,6538,        1349184680,0.0,0.0
0,     23782,0,        1349201602,0.0,3543
1,     23784,6539,        1349384684,0.0,0.0
1,     23786,6540,        1349584684,0.0,0.0
0,     23788,0,        1349608419,0.0,3688
1,     23790,6541,        1349784684,0.0,0.0
0,     23792,0,        1349922607,0.0,3097
1,     23794,6542,        1349984684,0.0,0.0
0,     23796,0,        1350015698,0.0,6077
1,     23798,6543,        1350184688,0.0,0.0
0,     23800,0,        1350296866,0.0,5681
1,     23802,6544,        1350384688,0.0,0.0
1,     23804,6545,        1350584688,0.0,0.0
1,     23806,6546,        1350784692,0.0,0.0
0,     23808,0,        1350868121,0.0,4454
1,     23810,6547,        1350984692,0.0,0.0
0,     23812,0,        1351121513,0.0,3095
1,     23814,6548,        1351184692,0.0,0.0
0,     23816,0,        1351224340,0.0,4426
1,     23818,6549,        1351384696,0.0,0.0
0,     23820,0,        1351514557,0.0,3083
1,     23822,6550,        1351584696,0.0,0.0
1,     23824,6551,        1351784696,0.0,0.0
0,     23826,0,        1351895661,0.0,1750
1,     23828,6552,        1351984696,0.0,0.0
1,     23830,6553,        1352184700,0.0,0.0
0,     23832,0,        1352311669,0.0,5122
1,     23834,6554,        1352384700,0.0,0.0
1,     23836,6555,        1352584700,0.0,0.0
0,     23838,0,        1352592949,0.0,5620
1,     23840,6556,        1352784704,0.0,0.0
1,     23842,6557,        1352984704,0.0,0.0
0,     23844,0,        1353074917,0.0,3398
1,     23846,6558,        1353184704,0.0,0.0
1,     23848,6559,        1353384704,0.0,0.0
0,     23850,0,        1353559851,0.0,3965
1,     23852,6560,        1353584708,0.0,0.0
1,     23854,6561,        1353784708,0.0,0.0
1,     23856,6562,        1353984708,0.0,0.0
1,     23858,6563,        1354184712,0.0,0.0
0,     23860,0,        1354217522,0.0,6086
1,     23862,6564,        1354384712,0.0,0.0
1,     23864,6565,        1354584712,0.0,0.0
0,     23866,0,        1354703430,0.0,4558
1,     23868,6566,        1354784716,0.0,0.0
0,     23870,0,        1354832416,0.0,952
0,     23871,0,        1354832433,0.0,826
1,     23873,6567,        1354984716,0.0,0.0
0,     23875,0,        1355019930,0.0,5621
1,     23877,6568,        1355184716,0.0,0.0
0,     23879,0,        1355275285,0.0,521
1,     23881,6569,        1355384716,0.0,0.0
1,     23883,6570,        1355584720,0.0,0.0
1,     23885,6571,        1355784720,0.0,0.0
1,     23887,6572,        1355984720,0.0,0.0
1,     23889,6573,        1356184724,0.0,0.0
0,     23891,0,        1356190152,0.0,3496
0,     23893,0,        1356301908,0.0,4759
1,     23895,6574,        1356384724,0.0,0.0
1,     23897,6575,        1356584724,0.0,0.0
0,     23899,0,        1356664406,0.0,1093
1,     23901,6576,        1356784728,0.0,0.0
0,     23903,0,        1356799485,0.0,4809
0,     23905,0,        1356813939,0.0,1294
1,     23907,6577,        1356984728,0.0,0.0
0,     23909,0,        1357088408,0.0,5673
1,     23911,6578,        1357184728,0.0,0.0
0,     23913,0,        1357293124,0.0,1590
1,     23915,6579,        1357384728,0.0,0.0
1,     23917,6580,        1357584732,0.0,0.0
0,     23919,0,        1357692586,0.0,5378
1,     23921,6581,        1357784732,0.0,0.0
1,     23923,6582,        1357984732,0.0,0.0
1,     23925,6583,        1358184736,0.0,0.0
0,     23927,0,        1358290268,0.0,3459
0,     23929,0,        1358353406,0.0,4021
1,     23931,6584,        1358384736,0.0,0.0
0,     23933,0,        1358439968,0.0,462
1,     23935,6585,        1358584736,0.0,0.0
1,     23937,6586,        1358784740,0.0,0.0
1,     23939,6587,        1358984740,0.0,0.0
1,     23941,6588,        1359184740,0.0,0.0
0,     23943,0,        1359202297,0.0,641
0,     23945,0,        1359313072,0.0,290
1,     23947,6589,        1359384740,0.0,0.0
1,     23949,6590,        1359584744,0.0,0.0
0,     23951,0,        1359685342,0.0,5448
0,     23953,0,        1359750773,0.0,3889
1,     23955,6591,        1359784744,0.0,0.0
0,     23957,0,        1359806848,0.0,200
1,     23959,6592,        1359984744,0.0,0.0
0,     23961,0,        1360021496,0.0,232
1,     23963,6593,        1360184748,0.0,0.0
0,     23965,0,        1360328334,0.0,4288
1,     23967,6594,        1360384748,0.0,0.0
0,     23969,0,        1360385243,0.0,73
0,     23971,0,        1360406725,0.0,2295
1,     23973,6595,        1360584748,0.0,0.0
0,     23975,0,        1360615011,0.0,2378
0,     23977,0,        1360662204,0.0,3807
1,     23979,6596,        1360784748,0.0,0.0
0,     23981,0,        1360940488,0.0,3593
1,     23983,6597,        1360984752,0.0,0.0
0,     23985,0,        1361137307,0.0,3358
1,     23987,6598,        1361184752,0.0,0.0
1,     23989,6599,        1361384752,0.0,0.0
0,     23991,0,        1361411474,0.0,1477
1,     23993,6600,        1361584756,0.0,0.0
0,     23995,0,        1361668773,0.0,2233
1,     23997,6601,        1361784756,0.0,0.0
1,     23999,6602,        1361984756,0.0,0.0
0,     24001,0,        1362153410,0.0,4472
1,     24003,6603,        1362184760,0.0,0.0
0,     24005,0,        1362239324,0.0,2858
1,     24007,6604,        1362384760,0.0,0.0
0,     24009,0,        1362398045,0.0,3828
1,     24011,6605,        1362584760,0.0,0.0
1,     24013,6606,        1362784760,0.0,0.0
0,     24015,0,        1362810878,0.0,4803
1,     24017,6607,        1362984764,0.0,0.0
0,     24019,0,        1363031928,0.0,1084
1,     24021,6608,        1363184764,0.0,0.0
1,     24023,6609,        1363384764,0.0,0.0
1,     24025,6610,        1363584768,0.0,0.0
0,     24027,0,        1363706751,0.0,6
0,     24029,0,        1363716280,0.0,2046
1,     24031,6611,        1363784768,0.0,0.0
1,     24033,6612,        1363984768,0.0,0.0
0,     24035,0,        1364134011,0.0,2587
0,     24036,0,        1364134572,0.0,3892
1,     24038,6613,        1364184772,0.0,0.0
0,     24040,0,        1364362599,0.0,5535
1,     24042,6614,        1364384772,0.0,0.0
0,     24044,0,        1364411667,0.0,2761
1,     24046,6615,        1364584772,0.0,0.0
0,     24048,0,        1364592078,0.0,4492
0,     24049,0,        1364592255,0.0,5630
0,     24051,0,        1364744638,0.0,3439
1,     24053,6616,        1364784772,0.0,0.0
0,     24055,0,        1364904355,0.0,3108
1,     24057,6617,        1364984776,0.0,0.0
0,     24059,0,        1365180202,0.0,4701
1,     24061,6618,        1365184776,0.0,0.0
0,     24063,0,        1365315538,0.0,2178
1,     24065,6619,        1365384776,0.0,0.0
1,     24067,6620,        1365584780,0.0,0.0
1,     24069,6621,        1365784780,0.0,0.0
1,     24071,6622,        1365984780,0.0,0.0
0,     24073,0,        1365992586,0.0,6115
1,     24075,6623,        1366184784,0.0,0.0
1,     24077,6624,        1366384784,0.0,0.0
0,     24079,0,        1366445167,0.0,5096
0,     24081,0,        1366566104,0.0,2886
1,     24083,6625,        1366584784,0.0,0.0
1,     24085,6626,        1366784784,0.0,0.0
1,     24087,6627,        1366984788,0.0,0.0
1,     24089,6628,        1367184788,0.0,0.0
0,     24091,0,        1367374203,0.0,3638
1,     24093,6629,        1367384788,0.0,0.0
0,     24095,0,        1367581313,0.0,1780
1,     24097,6630,        1367584792,0.0,0.0
0,     24099,0,        1367692525,0.0,896
1,     24101,6631,        1367784792,0.0,0.0
0,     24103,0,        1367806373,0.0,5454
1,     24105,6632,        1367984792,0.0,0.0
0,     24107,0,        1368159348,0.0,1760
1,     24109,6633,        1368184792,0.0,0.0
0,     24111,0,        1368286639,0.0,898
1,     24113,6634,        1368384796,0.0,0.0
1,     24115,6635,        1368584796,0.0,0.0
0,     24117,0,        1368643594,0.0,5897
0,     24119,0,        1368660178,0.0,1438
1,     24121,6636,        1368784796,0.0,0.0
0,     24123,0,        1368930701,0.0,4641
1,     24125,6637,        1368984800,0.0,0.0
1,     24127,6638,        1369184800,0.0,0.0
1,     24129,6639,        1369384800,0.0,0.0
1,     24131,6640,        1369584804,0.0,0.0
0,     24133,0,        1369647106,0.0,3585
0,     24135,0,        1369657988,0.0,1298
0,     24137,0,        1369677535,0.0,3785
1,     24139,6641,        1369784804,0.0,0.0
0,     24141,0,        1369838402,0.0,4947
1,     24143,6642,        1369984804,0.0,0.0
0,     24145,0,        1370014669,0.0,5749
0,     24147,0,        1370079167,0.0,5670
1,     24149,6643,        1370184804,0.0,0.0
0,     24151,0,        1370309313,0.0,3789
1,     24153,6644,        1370384808,0.0,0.0
1,     24155,6645,        1370584808,0.0,0.0
1,     24157,6646,        1370784808,0.0,0.0
0,     24159,0,        1370788577,0.0,5031
1,     24161,6647,        1370984812,0.0,0.0
0,     24163,0,        1371085234,0.0,1790
1,     24165,6648,        1371184812,0.0,0.0
1,     24167,6649,        1371384812,0.0,0.0
1,     24169,6650,        1371584816,0.0,0.0
0,     24171,0,        1371759296,0.0,3265
1,     24173,6651,        1371784816,0.0,0.0
1,     24175,6652,        1371984816,0.0,0.0
0,     24177,0,        1372046384,0.0,3483
1,     24179,6653,        1372184816,0.0,0.0
1,     24181,6654,        1372384820,0.0,0.0
1,     24183,6655,        1372584820,0.0,0.0
1,     24185,6656,        1372784820,0.0,0.0
1,     24187,6657,        1372984824,0.0,0.0
1,     24189,6658,        1373184824,0.0,0.0
1,     24191,6659,        1373384824,0.0,0.0
0,     24193,0,        1373469085,0.0,1788
1,     24195,6660,        1373584828,0.0,0.0
0,     24197,0,        1373765209,0.0,3775
1,     24199,6661,        1373784828,0.0,0.0
1,     24201,6662,        1373984828,0.0,0.0
0,     24203,0,        1374147807,0.0,1779
0,     24205,0,        1374151083,0.0,6056
1,     24207,6663,        1374184828,0.0,0.0
1,     24209,6664,        1374384832,0.0,0.0
0,     24211,0,        1374526214,0.0,2045
1,     24213,6665,        1374584832,0.0,0.0
1,     24215,6666,        1374784832,0.0,0.0
1,     24217,6667,        1374984836,0.0,0.0
1,     24219,6668,        1375184836,0.0,0.0
0,     24221,0,        1375230139,0.0,1841
1,     24223,6669,        1375384836,0.0,0.0
0,     24225,0,        1375584623,0.0,753
1,     24226,6670,        1375584836,0.0,0.0
1,     24228,6671,        1375784840,0.0,0.0
1,     24230,6672,        1375984840,0.0,0.0
0,     24232,0,        1375994641,0.0,4205
0,     24234,0,        1376103941,0.0,788
0,     24236,0,        1376152743,0.0,5714
1,     24238,6673,        1376184840,0.0,0.0
0,     24240,0,        1376228074,0.0,1493
1,     24242,6674,        1376384844,0.0,0.0
1,     24244,6675,        1376584844,0.0,0.0
1,     24246,6676,        1376784844,0.0,0.0
1,     24248,6677,        1376984848,0.0,0.0
0,     24250,0,        1377053115,0.0,4306
1,     24252,6678,        1377184848,0.0,0.0
1,     24254,6679,        1377384848,0.0,0.0
0,     24256,0,        1377489981,0.0,4031
0,     24258,0,        1377523230,0.0,3327
1,     24260,6680,        1377584848,0.0,0.0
1,     24262,6681,        1377784852,0.0,0.0
1,     24264,6682,        1377984852,0.0,0.0
1,     24266,6683,        1378184852,0.0,0.0
0,     24268,0,        1378218494,0.0,2009
0,     24269,0,        1378218496,0.0,543
1,     24271,6684,        1378384856,0.0,0.0
0,     24273,0,        1378513604,0.0,3404
1,     24275,6685,        1378584856,0.0,0.0
0,     24277,0,        1378746001,0.0,3419
1,     24279,6686,        1378784856,0.0,0.0
0,     24281,0,        1378874402,0.0,724
1,     24283,6687,        1378984860,0.0,0.0
1,     24285,6688,        1379184860,0.0,0.0
1,     24287,6689,        1379384860,0.0,0.0
1,     24289,6690,        1379584860,0.0,0.0
1,     24291,6691,        1379784864,0.0,0.0
1,     24293,6692,        1379984864,0.0,0.0
0,     24295,0,        1380083172,0.0,4100
1,     24297,6693,        1380184864,0.0,0.0
1,     24299,6694,        1380384868,0.0,0.0
0,     24301,0,        1380410947,0.0,1518
0,     24303,0,        1380439881,0.0,2455
0,     24305,0,        1380471575,0.0,1969
1,     24307,6695,        1380584868,0.0,0.0
0,     24309,0,        1380631841,0.0,1390
1,     24311,6696,        1380784868,0.0,0.0
0,     24313,0,        1380915571,0.0,84
1,     24315,6697,        1380984872,0.0,0.0
0,     24317,0,        1380988488,0.0,3592
0,     24319,0,        1381024796,0.0,1937
1,     24321,6698,        1381184872,0.0,0.0
0,     24323,0,        1381275804,0.0,3457
1,     24325,6699,        1381384872,0.0,0.0
1,     24327,6700,        1381584872,0.0,0.0
0,     24329,0,        1381716213,0.0,55
0,     24330,0,        1381716374,0.0,4411
0,     24332,0,        1381751824,0.0,4407
1,     24334,6701,        1381784876,0.0,0.0
1,     24336,6702,        1381984876,0.0,0.0
0,     24338,0,        1382104155,0.0,3408
1,     24340,6703,        1382184876,0.0,0.0
1,     24342,6704,        1382384880,0.0,0.0
1,     24344,6705,        1382584880,0.0,0.0
1,     24346,6706,        1382784880,0.0,0.0
1,     24348,6707,        1382984880,0.0,0.0
0,     24350,0,        1383002623,0.0,1335
0,     24352,0,        1383023599,0.0,2173
1,     24354,6708,        1383184884,0.0,0.0
0,     24356,0,        1383351199,0.0,6191
1,     24358,6709,        1383384884,0.0,0.0
1,     24360,6710,        1383584884,0.0,0.0
0,     24362,0,        1383738185,0.0,241
0,     24363,0,        1383738187,0.0,2860
1,     24365,6711,        1383784888,0.0,0.0
0,     24367,0,        1383809080,0.0,4510
0,     24368,0,        1383809143,0.0,2494
1,     24370,6712,        1383984888,0.0,0.0
1,     24372,6713,        1384184888,0.0,0.0
0,     24374,0,        1384322332,0.0,1629
1,     24376,6714,        1384384892,0.0,0.0
0,     24378,0,        1384395243,0.0,5311
0,     24380,0,        1384419173,0.0,6142
0,     24382,0,        1384499004,0.0,3563
1,     24384,6715,        1384584892,0.0,0.0
0,     24386,0,        1384726109,0.0,3648
1,     24388,6716,        1384784892,0.0,0.0
1,     24390,6717,        1384984892,0.0,0.0
0,     24392,0,        1385088313,0.0,1771
1,     24394,6718,        1385184896,0.0,0.0
1,     24396,6719,        1385384896,0.0,0.0
0,     24398,0,        1385454812,0.0,1783
1,     24400,6720,        1385584896,0.0,0.0
0,     24402,0,        1385713143,0.0,265
1,     24404,6721,        1385784900,0.0,0.0
1,     24406,6722,        1385984900,0.0,0.0
1,     24408,6723,        1386184900,0.0,0.0
0,     24410,0,        1386240641,0.0,5770
1,     24412,6724,        1386384904,0.0,0.0
0,     24414,0,        1386565583,0.0,1723
1,     24416,6725,        1386584904,0.0,0.0
0,     24418,0,        1386715209,0.0,1151
1,     24420,6726,        1386784904,0.0,0.0
1,     24422,6727,        1386984904,0.0,0.0
1,     24424,6728,        1387184908,0.0,0.0
1,     24426,6729,        1387384908,0.0,0.0
0,     24428,0,        1387402324,0.0,5804
0,     24430,0,        1387521686,0.0,1262
0,     24432,0,        1387567114,0.0,3608
1,     24434,6730,        1387584908,0.0,0.0
1,     24436,6731,        1387784912,0.0,0.0
0,     24438,0,        1387961844,0.0,3947
1,     24440,6732,        1387984912,0.0,0.0
0,     24442,0,        1388039851,0.0,34
1,     24444,6733,        1388184912,0.0,0.0
0,     24446,0,        1388351611,0.0,677
1,     24448,6734,        1388384916,0.0,0.0
1,     24450,6735,        1388584916,0.0,0.0
1,     24452,6736,        1388784916,0.0,0.0
1,     24454,6737,        1388984916,0.0,0.0
1,     24456,6738,        1389184920,0.0,0.0
1,     24458,6739,        1389384920,0.0,0.0
0,     24460,0,        1389488292,0.0,3551
1,     24462,6740,        1389584920,0.0,0.0
1,     24464,6741,        1389784924,0.0,0.0
1,     24466,6742,        1389984924,0.0,0.0
0,     24468,0,        1390023228,0.0,1905
1,     24470,6743,        1390184924,0.0,0.0
0,     24472,0,        1390212050,0.0,5708
0,     24474,0,        1390266238,0.0,3793
1,     24476,6744,        1390384924,0.0,0.0
0,     24478,0,        1390457489,0.0,3035
0,     24480,0,        1390516516,0.0,1786
0,     24482,0,        1390552963,0.0,3390
1,     24484,6745,        1390584928,0.0,0.0
1,     24486,6746,        1390784928,0.0,0.0
1,     24488,6747,        1390984928,0.0,0.0
0,     24490,0,        1391017458,0.0,5709
0,     24492,0,        1391117550,0.0,5645
1,     24494,6748,        1391184932,0.0,0.0
0,     24496,0,        1391221260,0.0,397
0,     24498,0,        1391294547,0.0,3781
0,     24500,0,        1391319751,0.0,2960
1,     24502,6749,        1391384932,0.0,0.0
1,     24504,6750,        1391584932,0.0,0.0
0,     24506,0,        1391595976,0.0,3099
0,     24508,0,        1391732784,0.0,841
1,     24510,6751,        1391784936,0.0,0.0
0,     24512,0,        1391829129,0.0,2279
0,     24514,0,        1391844905,0.0,6131
0,     24516,0,        1391912721,0.0,3233
0,     24518,0,        1391959876,0.0,1871
1,     24520,6752,        1391984936,0.0,0.0
0,     24522,0,        1392099492,0.0,3178
1,     24524,6753,        1392184936,0.0,0.0
0,     24526,0,        1392376005,0.0,4852
1,     24528,6754,        1392384936,0.0,0.0
0,     24530,0,        1392424400,0.0,4090
0,     24532,0,        1392580294,0.0,4545
1,     24534,6755,        1392584940,0.0,0.0
0,     24536,0,        1392593744,0.0,3086
1,     24538,6756,        1392784940,0.0,0.0
0,     24540,0,        1392867589,0.0,714
1,     24542,6757,        1392984940,0.0,0.0
0,     24544,0,        1393022639,0.0,4202
0,     24546,0,        1393165650,0.0,3813
1,     24548,6758,        1393184944,0.0,0.0
0,     24550,0,        1393317459,0.0,1784
0,     24552,0,        1393328936,0.0,4213
1,     24554,6759,        1393384944,0.0,0.0
1,     24556,6760,        1393584944,0.0,0.0
0,     24558,0,        1393729892,0.0,5331
1,     24560,6761,        1393784948,0.0,0.0
1,     24562,6762,        1393984948,0.0,0.0
0,     24564,0,        1394022763,0.0,3086
0,     24566,0,        1394102432,0.0,3801
0,     24568,0,        1394171872,0.0,2973
1,     24570,6763,        1394184948,0.0,0.0
0,     24572,0,        1394289954,0.0,2594
0,     24574,0,        1394292877,0.0,6168
1,     24576,6764,        1394384948,0.0,0.0
0,     24578,0,        1394480787,0.0,2962
1,     24580,6765,        1394584952,0.0,0.0
0,     24582,0,        1394729386,0.0,6072
0,     24583,0,        1394729426,0.0,273
1,     24585,6766,        1394784952,0.0,0.0
1,     24587,6767,        1394984952,0.0,0.0
0,     24589,0,        1395051450,0.0,3595
1,     24591,6768,        1395184956,0.0,0.0
0,     24593,0,        1395290375,0.0,1787
0,     24595,0,        1395294779,0.0,154
1,     24597,6769,        1395384956,0.0,0.0
0,     24599,0,        1395474934,0.0,5702
1,     24601,6770,        1395584956,0.0,0.0
1,     24603,6771,        1395784956,0.0,0.0
0,     24605,0,        1395980322,0.0,4708
1,     24607,6772,        1395984960,0.0,0.0
0,     24609,0,        1395994199,0.0,502
1,     24611,6773,        1396184960,0.0,0.0
0,     24613,0,        1396213977,0.0,4114
1,     24615,6774,        1396384960,0.0,0.0
1,     24617,6775,        1396584964,0.0,0.0
1,     24619,6776,        1396784964,0.0,0.0
1,     24621,6777,        1396984964,0.0,0.0
0,     24623,0,        1396994954,0.0,2604
0,     24625,0,        1397110680,0.0,4463
0,     24627,0,        1397111298,0.0,3391
1,     24629,6778,        1397184968,0.0,0.0
0,     24631,0,        1397371133,0.0,3635
1,     24633,6779,        1397384968,0.0,0.0
0,     24635,0,        1397494477,0.0,217
1,     24637,6780,        1397584968,0.0,0.0
0,     24639,0,        1397718150,0.0,1488
0,     24641,0,        1397728250,0.0,4791
1,     24643,6781,        1397784972,0.0,0.0
0,     24645,0,        1397913729,0.0,3709
1,     24647,6782,        1397984972,0.0,0.0
1,     24649,6783,        1398184972,0.0,0.0
0,     24651,0,        1398253847,0.0,1245
1,     24653,6784,        1398384972,0.0,0.0
0,     24655,0,        1398516214,0.0,3352
1,     24657,6785,        1398584976,0.0,0.0
1,     24659,6786,        1398784976,0.0,0.0
1,     24661,6787,        1398984976,0.0,0.0
0,     24663,0,        1399138471,0.0,1632
1,     24665,6788,        1399184980,0.0,0.0
1,     24667,6789,        1399384980,0.0,0.0
0,     24669,0,        1399404230,0.0,3681
1,     24671,6790,        1399584980,0.0,0.0
1,     24673,6791,        1399784980,0.0,0.0
1,     24675,6792,        1399984984,0.0,0.0
0,     24677,0,        1400036188,0.0,1286
1,     24679,6793,        1400184984,0.0,0.0
0,     24681,0,        1400194722,0.0,2788
0,     24683,0,        1400207463,0.0,2137
1,     24685,6794,        1400384984,0.0,0.0
0,     24687,0,        1400475777,0.0,4285
1,     24689,6795,        1400584988,0.0,0.0
0,     24691,0,        1400781844,0.0,1038
1,     24693,6796,        1400784988,0.0,0.0
0,     24695,0,        1400836807,0.0,178
1,     24697,6797,        1400984988,0.0,0.0
1,     24699,6798,        1401184992,0.0,0.0
0,     24701,0,        1401320424,0.0,5167
1,     24703,6799,        1401384992,0.0,0.0
0,     24705,0,        1401465281,0.0,4848
0,     24707,0,        1401528753,0.0,2595
1,     24709,6800,        1401584992,0.0,0.0
1,     24711,6801,        1401784992,0.0,0.0
0,     24713,0,        1401840702,0.0,1803
1,     24715,6802,        1401984996,0.0,0.0
1,     24717,6803,        1402184996,0.0,0.0
0,     24719,0,        1402313962,0.0,4795
1,     24721,6804,        1402384996,0.0,0.0
0,     24723,0,        1402563084,0.0,3269
1,     24725,6805,        1402585000,0.0,0.0
1,     24727,6806,        1402785000,0.0,0.0
1,     24729,6807,        1402985000,0.0,0.0
1,     24731,6808,        1403185004,0.0,0.0
1,     24733,6809,        1403385004,0.0,0.0
1,     24735,6810,        1403585004,0.0,0.0
0,     24737,0,        1403675535,0.0,2603
1,     24739,6811,        1403785004,0.0,0.0
0,     24741,0,        1403870817,0.0,3631
1,     24743,6812,        1403985008,0.0,0.0
1,     24745,6813,        1404185008,0.0,0.0
0,     24747,0,        1404296874,0.0,5000
1,     24749,6814,        1404385008,0.0,0.0
1,     24751,6815,        1404585012,0.0,0.0
1,     24753,6816,        1404785012,0.0,0.0
1,     24755,6817,        1404985012,0.0,0.0
1,     24757,6818,        1405185012,0.0,0.0
0,     24759,0,        1405215362,0.0,4138
1,     24761,6819,        1405385016,0.0,0.0
1,     24763,6820,        1405585016,0.0,0.0
0,     24765,0,        1405724688,0.0,3059
1,     24767,6821,        1405785016,0.0,0.0
0,     24769,0,        1405906017,0.0,3758
1,     24771,6822,        1405985020,0.0,0.0
1,     24773,6823,        1406185020,0.0,0.0
0,     24775,0,        1406362222,0.0,6187
1,     24777,6824,        1406385020,0.0,0.0
1,     24779,6825,        1406585024,0.0,0.0
1,     24781,6826,        1406785024,0.0,0.0
1,     24783,6827,        1406985024,0.0,0.0
1,     24785,6828,        1407185024,0.0,0.0
1,     24787,6829,        1407385028,0.0,0.0
1,     24789,6830,        1407585028,0.0,0.0
0,     24791,0,        1407759921,0.0,1061
1,     24793,6831,        1407785028,0.0,0.0
1,     24795,6832,        1407985032,0.0,0.0
1,     24797,6833,        1408185032,0.0,0.0
0,     24799,0,        1408257628,0.0,3414
1,     24801,6834,        1408385032,0.0,0.0
1,     24803,6835,        1408585036,0.0,0.0
0,     24805,0,        1408693046,0.0,4315
0,     24807,0,        1408756823,0.0,1552
1,     24809,6836,        1408785036,0.0,0.0
0,     24811,0,        1408862039,0.0,3110
1,     24813,6837,        1408985036,0.0,0.0
0,     24815,0,        1409023033,0.0,6149
1,     24817,6838,        1409185036,0.0,0.0
1,     24819,6839,        1409385040,0.0,0.0
0,     24821,0,        1409448833,0.0,2631
1,     24823,6840,        1409585040,0.0,0.0
0,     24825,0,        1409602895,0.0,5013
0,     24827,0,        1409638595,0.0,5850
0,     24829,0,        1409644067,0.0,914
1,     24831,6841,        1409785040,0.0,0.0
0,     24833,0,        1409977222,0.0,4142
1,     24835,6842,        1409985044,0.0,0.0
1,     24837,6843,        1410185044,0.0,0.0
0,     24839,0,        1410345342,0.0,5381
1,     24841,6844,        1410385044,0.0,0.0
1,     24843,6845,        1410585048,0.0,0.0
0,     24845,0,        1410619216,0.0,1293
1,     24847,6846,        1410785048,0.0,0.0
0,     24849,0,        1410887767,0.0,4370
1,     24851,6847,        1410985048,0.0,0.0
0,     24853,0,        1411064495,0.0,3484
1,     24855,6848,        1411185048,0.0,0.0
1,     24857,6849,        1411385052,0.0,0.0
1,     24859,6850,        1411585052,0.0,0.0
1,     24861,6851,        1411785052,0.0,0.0
0,     24863,0,        1411983032,0.0,2559
0,     24865,0,        1411983379,0.0,2548
1,     24867,6852,        1411985056,0.0,0.0
1,     24869,6853,        1412185056,0.0,0.0
1,     24871,6854,        1412385056,0.0,0.0
0,     24873,0,        1412393489,0.0,813
0,     24875,0,        1412543174,0.0,3541
1,     24877,6855,        1412585056,0.0,0.0
1,     24879,6856,        1412785060,0.0,0.0
1,     24881,6857,        1412985060,0.0,0.0
0,     24883,0,        1413009464,0.0,5104
1,     24885,6858,        1413185060,0.0,0.0
1,     24887,6859,        1413385064,0.0,0.0
1,     24889,6860,        1413585064,0.0,0.0
0,     24891,0,        1413725668,0.0,1140
1,     24893,6861,        1413785064,0.0,0.0
1,     24895,6862,        1413985068,0.0,0.0
1,     24897,6863,        1414185068,0.0,0.0
0,     24899,0,        1414217557,0.0,3858
0,     24901,0,        1414278599,0.0,1107
1,     24903,6864,        1414385068,0.0,0.0
1,     24905,6865,        1414585068,0.0,0.0
1,     24907,6866,        1414785072,0.0,0.0
0,     24909,0,        1414915149,0.0,3425
1,     24911,6867,        1414985072,0.0,0.0
1,     24913,6868,        1415185072,0.0,0.0
1,     24915,6869,        1415385076,0.0,0.0
0,     24917,0,        1415447261,0.0,1394
1,     24919,6870,        1415585076,0.0,0.0
1,     24921,6871,        1415785076,0.0,0.0
0,     24923,0,        1415973502,0.0,2149
1,     24925,6872,        1415985080,0.0,0.0
0,     24927,0,        1416109446,0.0,3132
1,     24929,6873,        1416185080,0.0,0.0
1,     24931,6874,        1416385080,0.0,0.0
1,     24933,6875,        1416585080,0.0,0.0
0,     24935,0,        1416701569,0.0,2300
1,     24937,6876,        1416785084,0.0,0.0
1,     24939,6877,        1416985084,0.0,0.0
0,     24941,0,        1417037085,0.0,3282
0,     24943,0,        1417141985,0.0,224
1,     24945,6878,        1417185084,0.0,0.0
1,     24947,6879,        1417385088,0.0,0.0
0,     24949,0,        1417433114,0.0,5914
0,     24951,0,        1417500521,0.0,3116
0,     24953,0,        1417540465,0.0,3284
0,     24955,0,        1417583047,0.0,2712
1,     24957,6880,        1417585088,0.0,0.0
0,     24959,0,        1417601070,0.0,4943
0,     24961,0,        1417734918,0.0,5111
1,     24963,6881,        1417785088,0.0,0.0
1,     24965,6882,        1417985092,0.0,0.0
1,     24967,6883,        1418185092,0.0,0.0
1,     24969,6884,        1418385092,0.0,0.0
1,     24971,6885,        1418585092,0.0,0.0
0,     24973,0,        1418650348,0.0,113
1,     24975,6886,        1418785096,0.0,0.0
0,     24977,0,        1418935637,0.0,3155
1,     24979,6887,        1418985096,0.0,0.0
0,     24981,0,        1419138032,0.0,3377
0,     24983,0,        1419157421,0.0,5701
0,     24985,0,        1419164880,0.0,3975
1,     24987,6888,        1419185096,0.0,0.0
0,     24989,0,        1419203548,0.0,3451
0,     24991,0,        1419382210,0.0,3023
1,     24993,6889,        1419385100,0.0,0.0
1,     24995,6890,        1419585100,0.0,0.0
1,     24997,6891,        1419785100,0.0,0.0
1,     24999,6892,        1419985100,0.0,0.0
1,     25001,6893,        1420185104,0.0,0.0
1,     25003,6894,        1420385104,0.0,0.0
0,     25005,0,        1420471503,0.0,5972
0,     25007,0,        1420538325,0.0,3881
1,     25009,6895,        1420585104,0.0,0.0
0,     25011,0,        1420712002,0.0,2439
1,     25013,6896,        1420785108,0.0,0.0
0,     25015,0,        1420904742,0.0,3079
1,     25017,6897,        1420985108,0.0,0.0
0,     25019,0,        1421117724,0.0,3440
1,     25021,6898,        1421185108,0.0,0.0
0,     25022,0,        1421185754,0.0,1021
1,     25024,6899,        1421385112,0.0,0.0
0,     25026,0,        1421430128,0.0,3309
1,     25028,6900,        1421585112,0.0,0.0
1,     25030,6901,        1421785112,0.0,0.0
0,     25032,0,        1421803024,0.0,5820
0,     25034,0,        1421928674,0.0,1010
0,     25036,0,        1421938634,0.0,3061
1,     25038,6902,        1421985112,0.0,0.0
0,     25040,0,        1422062891,0.0,3976
1,     25042,6903,        1422185116,0.0,0.0
0,     25044,0,        1422367807,0.0,1371
1,     25046,6904,        1422385116,0.0,0.0
1,     25048,6905,        1422585116,0.0,0.0
1,     25050,6906,        1422785120,0.0,0.0
0,     25052,0,        1422916641,0.0,2214
1,     25054,6907,        1422985120,0.0,0.0
1,     25056,6908,        1423185120,0.0,0.0
0,     25058,0,        1423197221,0.0,2620
1,     25060,6909,        1423385124,0.0,0.0
1,     25062,6910,        1423585124,0.0,0.0
1,     25064,6911,        1423785124,0.0,0.0
0,     25066,0,        1423911498,0.0,3626
1,     25068,6912,        1423985124,0.0,0.0
0,     25070,0,        1424020916,0.0,1243
0,     25072,0,        1424155184,0.0,3163
1,     25074,6913,        1424185128,0.0,0.0
0,     25076,0,        1424293125,0.0,1286
1,     25078,6914,        1424385128,0.0,0.0
0,     25080,0,        1424571826,0.0,6108
1,     25082,6915,        1424585128,0.0,0.0
0,     25084,0,        1424594380,0.0,3702
0,     25086,0,        1424713248,0.0,4317
0,     25088,0,        1424778693,0.0,3889
1,     25090,6916,        1424785132,0.0,0.0
1,     25092,6917,        1424985132,0.0,0.0
1,     25094,6918,        1425185132,0.0,0.0
0,     25096,0,        1425311224,0.0,5032
1,     25098,6919,        1425385136,0.0,0.0
1,     25100,6920,        1425585136,0.0,0.0
1,     25102,6921,        1425785136,0.0,0.0
0,     25104,0,        1425906170,0.0,5658
1,     25106,6922,        1425985136,0.0,0.0
0,     25108,0,        1426141711,0.0,5546
0,     25110,0,        1426142301,0.0,967
0,     25112,0,        1426181239,0.0,3957
1,     25114,6923,        1426185140,0.0,0.0
0,     25116,0,        1426331963,0.0,2334
1,     25118,6924,        1426385140,0.0,0.0
1,     25120,6925,        1426585140,0.0,0.0
0,     25122,0,        1426711088,0.0,3098
1,     25124,6926,        1426785144,0.0,0.0
1,     25126,6927,        1426985144,0.0,0.0
0,     25128,0,        1427015418,0.0,3094
0,     25129,0,        1427015420,0.0,852
0,     25131,0,        1427030929,0.0,3077
0,     25133,0,        1427031592,0.0,5310
0,     25135,0,        1427035711,0.0,3096
0,     25137,0,        1427150923,0.0,867
1,     25139,6928,        1427185144,0.0,0.0
1,     25141,6929,        1427385144,0.0,0.0
0,     25143,0,        1427445854,0.0,3336
0,     25145,0,        1427566656,0.0,5105
1,     25147,6930,        1427585148,0.0,0.0
0,     25149,0,        1427635866,0.0,3076
0,     25151,0,        1427702685,0.0,3091
0,     25153,0,        1427749440,0.0,5716
1,     25155,6931,        1427785148,0.0,0.0
0,     25157,0,        1427867109,0.0,5518
1,     25159,6932,        1427985148,0.0,0.0
0,     25161,0,        1428004695,0.0,3077
0,     25163,0,        1428128530,0.0,4445
0,     25165,0,        1428139718,0.0,1534
1,     25167,6933,        1428185152,0.0,0.0
1,     25169,6934,        1428385152,0.0,0.0
0,     25171,0,        1428489910,0.0,3144
1,     25173,6935,        1428585152,0.0,0.0
0,     25175,0,        1428776834,0.0,2074
1,     25177,6936,        1428785156,0.0,0.0
1,     25179,6937,        1428985156,0.0,0.0
0,     25181,0,        1429143891,0.0,3226
0,     25183,0,        1429171401,0.0,4016
1,     25185,6938,        1429185156,0.0,0.0
0,     25187,0,        1429241811,0.0,1998
0,     25189,0,        1429265040,0.0,118
1,     25191,6939,        1429385156,0.0,0.0
0,     25193,0,        1429545081,0.0,4959
1,     25195,6940,        1429585160,0.0,0.0
0,     25197,0,        1429586729,0.0,716
0,     25199,0,        1429647180,0.0,2764
1,     25201,6941,        1429785160,0.0,0.0
1,     25203,6942,        1429985160,0.0,0.0
0,     25205,0,        1430094551,0.0,132
1,     25207,6943,        1430185164,0.0,0.0
0,     25209,0,        1430381166,0.0,3004
1,     25211,6944,        1430385164,0.0,0.0
1,     25213,6945,        1430585164,0.0,0.0
1,     25215,6946,        1430785168,0.0,0.0
1,     25217,6947,        1430985168,0.0,0.0
0,     25219,0,        1431176382,0.0,3829
1,     25221,6948,        1431185168,0.0,0.0
1,     25223,6949,        1431385168,0.0,0.0
0,     25225,0,        1431486529,0.0,4901
1,     25227,6950,        1431585172,0.0,0.0
1,     25229,6951,        1431785172,0.0,0.0
1,     25231,6952,        1431985172,0.0,0.0
0,     25233,0,        1432175564,0.0,5897
1,     25235,6953,        1432185176,0.0,0.0
1,     25237,6954,        1432385176,0.0,0.0
1,     25239,6955,        1432585176,0.0,0.0
0,     25241,0,        1432713645,0.0,2887
1,     25243,6956,        1432785176,0.0,0.0
1,     25245,6957,        1432985180,0.0,0.0
1,     25247,6958,        1433185180,0.0,0.0
1,     25249,6959,        1433385180,0.0,0.0
1,     25251,6960,        1433585184,0.0,0.0
0,     25253,0,        1433619840,0.0,633
1,     25255,6961,        1433785184,0.0,0.0
0,     25257,0,        1433909673,0.0,5637
1,     25259,6962,        1433985184,0.0,0.0
1,     25261,6963,        1434185188,0.0,0.0
1,     25263,6964,        1434385188,0.0,0.0
0,     25265,0,        1434458963,0.0,1181
1,     25267,6965,        1434585188,0.0,0.0
1,     25269,6966,        1434785188,0.0,0.0
0,     25271,0,        1434886564,0.0,3531
0,     25273,0,        1434887517,0.0,2418
1,     25275,6967,        1434985192,0.0,0.0
1,     25277,6968,        1435185192,0.0,0.0
1,     25279,6969,        1435385192,0.0,0.0
1,     25281,6970,        1435585196,0.0,0.0
1,     25283,6971,        1435785196,0.0,0.0
0,     25285,0,        1435855556,0.0,935
1,     25287,6972,        1435985196,0.0,0.0
0,     25289,0,        1436021088,0.0,6209
0,     25290,0,        1436021490,0.0,5533
1,     25292,6973,        1436185200,0.0,0.0
0,     25294,0,        1436251306,0.0,2619
0,     25296,0,        1436318141,0.0,3696
1,     25298,6974,        1436385200,0.0,0.0
1,     25300,6975,        1436585200,0.0,0.0
0,     25302,0,        1436669459,0.0,2040
1,     25304,6976,        1436785200,0.0,0.0
0,     25306,0,        1436835345,0.0,5350
0,     25308,0,        1436961167,0.0,5872
1,     25310,6977,        1436985204,0.0,0.0
0,     25312,0,        1437146783,0.0,860
1,     25314,6978,        1437185204,0.0,0.0
1,     25316,6979,        1437385204,0.0,0.0
1,     25318,6980,        1437585208,0.0,0.0
1,     25320,6981,        1437785208,0.0,0.0
1,     25322,6982,        1437985208,0.0,0.0
0,     25324,0,        1438080639,0.0,6147
1,     25326,6983,        1438185212,0.0,0.0
0,     25328,0,        1438199246,0.0,3621
0,     25330,0,        1438348584,0.0,60
1,     25332,6984,        1438385212,0.0,0.0
1,     25334,6985,        1438585212,0.0,0.0
0,     25336,0,        1438632288,0.0,794
0,     25338,0,        1438711999,0.0,1214
1,     25340,6986,        1438785212,0.0,0.0
1,     25342,6987,        1438985216,0.0,0.0
0,     25344,0,        1439148541,0.0,86
1,     25346,6988,        1439185216,0.0,0.0
0,     25348,0,        1439216867,0.0,4338
1,     25350,6989,        1439385216,0.0,0.0
0,     25352,0,        1439518707,0.0,4828
0,     25354,0,        1439518854,0.0,114
0,     25356,0,        1439541295,0.0,412
1,     25358,6990,        1439585220,0.0,0.0
0,     25360,0,        1439753478,0.0,3364
1,     25362,6991,        1439785220,0.0,0.0
1,     25364,6992,        1439985220,0.0,0.0
0,     25366,0,        1440043625,0.0,5497
1,     25368,6993,        1440185224,0.0,0.0
0,     25370,0,        1440214064,0.0,3920
0,     25372,0,        1440241383,0.0,4206
0,     25374,0,        1440244021,0.0,2883
1,     25376,6994,        1440385224,0.0,0.0
1,     25378,6995,        1440585224,0.0,0.0
0,     25380,0,        1440602923,0.0,3032
1,     25382,6996,        1440785224,0.0,0.0
0,     25384,0,        1440981055,0.0,3247
1,     25386,6997,        1440985228,0.0,0.0
0,     25388,0,        1441039713,0.0,3322
0,     25390,0,        1441041847,0.0,4563
1,     25392,6998,        1441185228,0.0,0.0
1,     25394,6999,        1441385228,0.0,0.0
1,     25396,7000,        1441585232,0.0,0.0
0,     25398,0,        1441780382,0.0,3923
1,     25400,7001,        1441785232,0.0,0.0
0,     25402,0,        1441800445,0.0,5181
0,     25404,0,        1441902504,0.0,3897
1,     25406,7002,        1441985232,0.0,0.0
0,     25408,0,        1442142645,0.0,5835
1,     25410,7003,        1442185232,0.0,0.0
0,     25412,0,        1442232026,0.0,4380
1,     25414,7004,        1442385236,0.0,0.0
0,     25416,0,        1442439456,0.0,2073
1,     25418,7005,        1442585236,0.0,0.0
1,     25420,7006,        1442785236,0.0,0.0
1,     25422,7007,        1442985240,0.0,0.0
1,     25424,7008,        1443185240,0.0,0.0
0,     25426,0,        1443362279,0.0,4741
1,     25428,7009,        1443385240,0.0,0.0
0,     25430,0,        1443576430,0.0,1362
1,     25432,7010,        1443585244,0.0,0.0
1,     25434,7011,        1443785244,0.0,0.0
1,     25436,7012,        1443985244,0.0,0.0
1,     25438,7013,        1444185244,0.0,0.0
0,     25440,0,        1444343590,0.0,3080
0,     25442,0,        1444380812,0.0,1635
1,     25444,7014,        1444385248,0.0,0.0
0,     25446,0,        1444454669,0.0,1304
1,     25448,7015,        1444585248,0.0,0.0
1,     25450,7016,        1444785248,0.0,0.0
0,     25452,0,        1444854334,0.0,4999
0,     25454,0,        1444869772,0.0,724
0,     25456,0,        1444969092,0.0,628
1,     25458,7017,        1444985252,0.0,0.0
1,     25460,7018,        1445185252,0.0,0.0
0,     25462,0,        1445303889,0.0,5200
0,     25464,0,        1445335333,0.0,190
0,     25465,0,        1445335346,0.0,2564
0,     25467,0,        1445344393,0.0,3048
1,     25469,7019,        1445385252,0.0,0.0
0,     25471,0,        1445394201,0.0,1130
1,     25473,7020,        1445585256,0.0,0.0
1,     25475,7021,        1445785256,0.0,0.0
1,     25477,7022,        1445985256,0.0,0.0
0,     25479,0,        1446064211,0.0,4744
1,     25481,7023,        1446185256,0.0,0.0
1,     25483,7024,        1446385260,0.0,0.0
1,     25485,7025,        1446585260,0.0,0.0
0,     25487,0,        1446753596,0.0,3311
1,     25489,7026,        1446785260,0.0,0.0
1,     25491,7027,        1446985264,0.0,0.0
1,     25493,7028,        1447185264,0.0,0.0
1,     25495,7029,        1447385264,0.0,0.0
1,     25497,7030,        1447585268,0.0,0.0
1,     25499,7031,        1447785268,0.0,0.0
1,     25501,7032,        1447985268,0.0,0.0
1,     25503,7033,        1448185268,0.0,0.0
0,     25505,0,        1448312195,0.0,1824
1,     25507,7034,        1448385272,0.0,0.0
0,     25509,0,        1448554575,0.0,3762
0,     25511,0,        1448578814,0.0,4217
0,     25513,0,        1448579098,0.0,2471
1,     25515,7035,        1448585272,0.0,0.0
0,     25517,0,        1448632685,0.0,520
1,     25519,7036,        1448785272,0.0,0.0
0,     25521,0,        1448931147,0.0,2714
1,     25523,7037,        1448985276,0.0,0.0
1,     25525,7038,        1449185276,0.0,0.0
0,     25527,0,        1449320222,0.0,2795
1,     25529,7039,        1449385276,0.0,0.0
0,     25531,0,        1449449177,0.0,3902
1,     25533,7040,        1449585276,0.0,0.0
1,     25535,7041,        1449785280,0.0,0.0
0,     25537,0,        1449796867,0.0,5095
1,     25539,7042,        1449985280,0.0,0.0
0,     25541,0,        1450048993,0.0,1183
1,     25543,7043,        1450185280,0.0,0.0
1,     25545,7044,        1450385284,0.0,0.0
1,     25547,7045,        1450585284,0.0,0.0
1,     25549,7046,        1450785284,0.0,0.0
0,     25551,0,        1450953555,0.0,4256
1,     25553,7047,        1450985288,0.0,0.0
0,     25555,0,        1451055948,0.0,2028
1,     25557,7048,        1451185288,0.0,0.0
1,     25559,7049,        1451385288,0.0,0.0
0,     25561,0,        1451400026,0.0,2822
0,     25563,0,        1451553422,0.0,4872
1,     25565,7050,        1451585288,0.0,0.0
0,     25567,0,        1451611245,0.0,6088
1,     25569,7051,        1451785292,0.0,0.0
1,     25571,7052,        1451985292,0.0,0.0
1,     25573,7053,        1452185292,0.0,0.0
0,     25575,0,        1452365510,0.0,5965
1,     25577,7054,        1452385296,0.0,0.0
0,     25579,0,        1452459469,0.0,4585
1,     25581,7055,        1452585296,0.0,0.0
1,     25583,7056,        1452785296,0.0,0.0
1,     25585,7057,        1452985300,0.0,0.0
1,     25587,7058,        1453185300,0.0,0.0
1,     25589,7059,        1453385300,0.0,0.0
0,     25591,0,        1453427500,0.0,5497
0,     25592,0,        1453427564,0.0,5774
1,     25594,7060,        1453585300,0.0,0.0
0,     25596,0,        1453624107,0.0,1606
1,     25598,7061,        1453785304,0.0,0.0
0,     25600,0,        1453923889,0.0,1522
1,     25602,7062,        1453985304,0.0,0.0
0,     25604,0,        1454084738,0.0,6243
0,     25606,0,        1454108723,0.0,1683
1,     25608,7063,        1454185304,0.0,0.0
1,     25610,7064,        1454385308,0.0,0.0
1,     25612,7065,        1454585308,0.0,0.0
1,     25614,7066,        1454785308,0.0,0.0
1,     25616,7067,        1454985312,0.0,0.0
1,     25618,7068,        1455185312,0.0,0.0
1,     25620,7069,        1455385312,0.0,0.0
0,     25622,0,        1455568912,0.0,1547
1,     25624,7070,        1455585312,0.0,0.0
1,     25626,7071,        1455785316,0.0,0.0
0,     25628,0,        1455853784,0.0,4242
1,     25630,7072,        1455985316,0.0,0.0
0,     25632,0,        1455997932,0.0,2907
0,     25634,0,        1456036960,0.0,1323
1,     25636,7073,        1456185316,0.0,0.0
0,     25638,0,        1456243269,0.0,5062
0,     25640,0,        1456363036,0.0,443
1,     25642,7074,        1456385320,0.0,0.0
0,     25644,0,        1456405516,0.0,4163
0,     25646,0,        1456500457,0.0,4733
1,     25648,7075,        1456585320,0.0,0.0
1,     25650,7076,        1456785320,0.0,0.0
0,     25652,0,        1456838663,0.0,2453
1,     25654,7077,        1456985320,0.0,0.0
0,     25656,0,        1457167895,0.0,581
1,     25658,7078,        1457185324,0.0,0.0
1,     25660,7079,        1457385324,0.0,0.0
0,     25662,0,        1457496928,0.0,5285
1,     25664,7080,        1457585324,0.0,0.0
1,     25666,7081,        1457785328,0.0,0.0
0,     25668,0,        1457786237,0.0,3400
1,     25670,7082,        1457985328,0.0,0.0
0,     25672,0,        1458076642,0.0,5297
0,     25674,0,        1458114284,0.0,6008
1,     25676,7083,        1458185328,0.0,0.0
0,     25678,0,        1458302537,0.0,880
0,     25680,0,        1458315155,0.0,1789
1,     25682,7084,        1458385332,0.0,0.0
1,     25684,7085,        1458585332,0.0,0.0
0,     25686,0,        1458683844,0.0,6076
1,     25688,7086,        1458785332,0.0,0.0
0,     25690,0,        1458975566,0.0,4994
1,     25692,7087,        1458985332,0.0,0.0
0,     25694,0,        1459128503,0.0,1998
1,     25696,7088,        1459185336,0.0,0.0
0,     25698,0,        1459258593,0.0,171
1,     25700,7089,        1459385336,0.0,0.0
1,     25702,7090,        1459585336,0.0,0.0
0,     25704,0,        1459750964,0.0,4925
0,     25706,0,        1459781000,0.0,3306
0,     25708,0,        1459781987,0.0,107
1,     25710,7091,        1459785340,0.0,0.0
1,     25712,7092,        1459985340,0.0,0.0
0,     25714,0,        1459993352,0.0,2875
1,     25716,7093,        1460185340,0.0,0.0
0,     25718,0,        1460283239,0.0,3820
1,     25720,7094,        1460385344,0.0,0.0
1,     25722,7095,        1460585344,0.0,0.0
1,     25724,7096,        1460785344,0.0,0.0
0,     25726,0,        1460983886,0.0,6145
1,     25728,7097,        1460985344,0.0,0.0
1,     25730,7098,        1461185348,0.0,0.0
1,     25732,7099,        1461385348,0.0,0.0
0,     25734,0,        1461448264,0.0,433
0,     25736,0,        1461468547,0.0,2640
0,     25738,0,        1461471496,0.0,1272
0,     25740,0,        1461564546,0.0,2011
1,     25742,7100,        1461585348,0.0,0.0
1,     25744,7101,        1461785352,0.0,0.0
0,     25746,0,        1461801271,0.0,2185
0,     25748,0,        1461912550,0.0,5847
1,     25750,7102,        1461985352,0.0,0.0
1,     25752,7103,        1462185352,0.0,0.0
1,     25754,7104,        1462385356,0.0,0.0
0,     25756,0,        1462432124,0.0,3309
1,     25758,7105,        1462585356,0.0,0.0
1,     25760,7106,        1462785356,0.0,0.0
1,     25762,7107,        1462985356,0.0,0.0
1,     25764,7108,        1463185360,0.0,0.0
0,     25766,0,        1463195818,0.0,3084
1,     25768,7109,        1463385360,0.0,0.0
1,     25770,7110,        1463585360,0.0,0.0
0,     25772,0,        1463690944,0.0,4427
1,     25774,7111,        1463785364,0.0,0.0
0,     25776,0,        1463884497,0.0,1500
1,     25778,7112,        1463985364,0.0,0.0
1,     25780,7113,        1464185364,0.0,0.0
0,     25782,0,        1464242860,0.0,5549
0,     25784,0,        1464275667,0.0,5407
0,     25786,0,        1464310800,0.0,1581
1,     25788,7114,        1464385364,0.0,0.0
1,     25790,7115,        1464585368,0.0,0.0
1,     25792,7116,        1464785368,0.0,0.0
1,     25794,7117,        1464985368,0.0,0.0
1,     25796,7118,        1465185372,0.0,0.0
0,     25798,0,        1465314590,0.0,4325
1,     25800,7119,        1465385372,0.0,0.0
0,     25802,0,        1465549020,0.0,725
0,     25803,0,        1465549024,0.0,5008
1,     25805,7120,        1465585372,0.0,0.0
1,     25807,7121,        1465785376,0.0,0.0
0,     25809,0,        1465791830,0.0,2204
0,     25811,0,        1465838036,0.0,4693
0,     25813,0,        1465974108,0.0,2710
1,     25815,7122,        1465985376,0.0,0.0
0,     25817,0,        1466023162,0.0,2589
0,     25819,0,        1466029705,0.0,4866
1,     25821,7123,        1466185376,0.0,0.0
0,     25823,0,        1466385149,0.0,1266
1,     25824,7124,        1466385376,0.0,0.0
0,     25826,0,        1466405140,0.0,3076
1,     25828,7125,        1466585380,0.0,0.0
0,     25830,0,        1466673758,0.0,4853
1,     25832,7126,        1466785380,0.0,0.0
1,     25834,7127,        1466985380,0.0,0.0
0,     25836,0,        1467022904,0.0,1874
0,     25838,0,        1467106467,0.0,4012
0,     25840,0,        1467117760,0.0,5569
0,     25842,0,        1467145038,0.0,5884
0,     25843,0,        1467145061,0.0,2277
0,     25845,0,        1467185075,0.0,2460
0,     25846,0,        1467185080,0.0,2950
1,     25848,7128,        1467185384,0.0,0.0
0,     25850,0,        1467369914,0.0,3191
1,     25852,7129,        1467385384,0.0,0.0
0,     25854,0,        1467404031,0.0,6252
1,     25856,7130,        1467585384,0.0,0.0
0,     25858,0,        1467635728,0.0,1825
0,     25860,0,        1467677339,0.0,3180
0,     25861,0,        1467677501,0.0,1282
1,     25863,7131,        1467785388,0.0,0.0
1,     25865,7132,        1467985388,0.0,0.0
0,     25867,0,        1468075567,0.0,3110
0,     25869,0,        1468120502,0.0,3853
1,     25871,7133,        1468185388,0.0,0.0
0,     25873,0,        1468240875,0.0,3889
1,     25875,7134,        1468385388,0.0,0.0
1,     25877,7135,        1468585392,0.0,0.0
0,     25879,0,        1468629597,0.0,3085
0,     25881,0,        1468634785,0.0,2933
1,     25883,7136,        1468785392,0.0,0.0
1,     25885,7137,        1468985392,0.0,0.0
0,     25887,0,        1469124901,0.0,2403
1,     25889,7138,        1469185396,0.0,0.0
1,     25891,7139,        1469385396,0.0,0.0
0,     25893,0,        1469411242,0.0,1802
0,     25895,0,        1469444529,0.0,4863
1,     25897,7140,        1469585396,0.0,0.0
1,     25899,7141,        1469785396,0.0,0.0
0,     25901,0,        1469897325,0.0,3100
1,     25903,7142,        1469985400,0.0,0.0
0,     25905,0,        1470103184,0.0,3524
0,     25907,0,        1470132474,0.0,3219
1,     25909,7143,        1470185400,0.0,0.0
1,     25911,7144,        1470385400,0.0,0.0
0,     25913,0,        1470403166,0.0,4378
0,     25915,0,        1470467284,0.0,1794
0,     25917,0,        1470503793,0.0,3083
0,     25919,0,        1470531749,0.0,5452
0,     25921,0,        1470554509,0.0,3102
1,     25923,7145,        1470585404,0.0,0.0
1,     25925,7146,        1470785404,0.0,0.0
1,     25927,7147,        1470985404,0.0,0.0
0,     25929,0,        1471072919,0.0,209
0,     25931,0,        1471109769,0.0,3297
1,     25933,7148,        1471185408,0.0,0.0
1,     25935,7149,        1471385408,0.0,0.0
0,     25937,0,        1471389690,0.0,2088
0,     25939,0,        1471461353,0.0,591
1,     25941,7150,        1471585408,0.0,0.0
0,     25943,0,        1471593890,0.0,5544
1,     25945,7151,        1471785408,0.0,0.0
1,     25947,7152,        1471985412,0.0,0.0
1,     25949,7153,        1472185412,0.0,0.0
1,     25951,7154,        1472385412,0.0,0.0
0,     25953,0,        1472414785,0.0,4355
1,     25955,7155,        1472585416,0.0,0.0
0,     25957,0,        1472757971,0.0,390
1,     25959,7156,        1472785416,0.0,0.0
0,     25961,0,        1472877019,0.0,2577
1,     25963,7157,        1472985416,0.0,0.0
0,     25965,0,        1473023173,0.0,4899
1,     25967,7158,        1473185420,0.0,0.0
0,     25969,0,        1473239461,0.0,5799
0,     25971,0,        1473372240,0.0,4190
1,     25973,7159,        1473385420,0.0,0.0
1,     25975,7160,        1473585420,0.0,0.0
0,     25977,0,        1473716620,0.0,1867
1,     25979,7161,        1473785420,0.0,0.0
1,     25981,7162,        1473985424,0.0,0.0
1,     25983,7163,        1474185424,0.0,0.0
1,     25985,7164,        1474385424,0.0,0.0
0,     25987,0,        1474400813,0.0,4106
1,     25989,7165,        1474585428,0.0,0.0
1,     25991,7166,        1474785428,0.0,0.0
1,     25993,7167,        1474985428,0.0,0.0
0,     25995,0,        1475101349,0.0,1909
0,     25997,0,        1475169905,0.0,4165
1,     25999,7168,        1475185432,0.0,0.0
0,     26001,0,        1475315905,0.0,3639
0,     26002,0,        1475316558,0.0,1685
1,     26004,7169,        1475385432,0.0,0.0
1,     26006,7170,        1475585432,0.0,0.0
1,     26008,7171,        1475785432,0.0,0.0
0,     26010,0,        1475926666,0.0,3745
1,     26012,7172,        1475985436,0.0,0.0
0,     26014,0,        1475994946,0.0,4620
1,     26016,7173,        1476185436,0.0,0.0
0,     26018,0,        1476250171,0.0,4895
0,     26020,0,        1476298416,0.0,688
1,     26022,7174,        1476385436,0.0,0.0
0,     26024,0,        1476423085,0.0,4723
1,     26026,7175,        1476585440,0.0,0.0
0,     26028,0,        1476618878,0.0,5421
1,     26030,7176,        1476785440,0.0,0.0
1,     26032,7177,        1476985440,0.0,0.0
0,     26034,0,        1477072113,0.0,3271
0,     26036,0,        1477084924,0.0,5828
1,     26038,7178,        1477185444,0.0,0.0
1,     26040,7179,        1477385444,0.0,0.0
0,     26042,0,        1477492281,0.0,20
1,     26044,7180,        1477585444,0.0,0.0
0,     26046,0,        1477711306,0.0,2812
0,     26048,0,        1477763612,0.0,5780
1,     26050,7181,        1477785444,0.0,0.0
1,     26052,7182,        1477985448,0.0,0.0
0,     26054,0,        1478016832,0.0,211
0,     26056,0,        1478067395,0.0,3318
1,     26058,7183,        1478185448,0.0,0.0
1,     26060,7184,        1478385448,0.0,0.0
0,     26062,0,        1478498620,0.0,4256
1,     26064,7185,        1478585452,0.0,0.0
1,     26066,7186,        1478785452,0.0,0.0
0,     26068,0,        1478831901,0.0,3271
1,     26070,7187,        1478985452,0.0,0.0
0,     26072,0,        1479074807,0.0,4564
0,     26074,0,        1479113873,0.0,327
0,     26076,0,        1479123709,0.0,3249
1,     26078,7188,        1479185452,0.0,0.0
0,     26080,0,        1479291475,0.0,4008
1,     26082,7189,        1479385456,0.0,0.0
1,     26084,7190,        1479585456,0.0,0.0
0,     26086,0,        1479611187,0.0,1265
1,     26088,7191,        1479785456,0.0,0.0
0,     26090,0,        1479819735,0.0,2191
0,     26092,0,        1479864713,0.0,357
1,     26094,7192,        1479985460,0.0,0.0
0,     26096,0,        1480015266,0.0,3190
0,     26098,0,        1480090289,0.0,3921
0,     26100,0,        1480097867,0.0,684
0,     26102,0,        1480161849,0.0,3852
1,     26104,7193,        1480185460,0.0,0.0
0,     26106,0,        1480235672,0.0,3261
1,     26108,7194,        1480385460,0.0,0.0
1,     26110,7195,        1480585464,0.0,0.0
0,     26112,0,        1480645649,0.0,515
1,     26114,7196,        1480785464,0.0,0.0
1,     26116,7197,        1480985464,0.0,0.0
1,     26118,7198,        1481185464,0.0,0.0
1,     26120,7199,        1481385468,0.0,0.0
0,     26122,0,        1481513642,0.0,4150
0,     26123,0,        1481513806,0.0,3276
1,     26125,7200,        1481585468,0.0,0.0
0,     26127,0,        1481704240,0.0,486
0,     26129,0,        1481759213,0.0,973
1,     26131,7201,        1481785468,0.0,0.0
1,     26133,7202,        1481985472,0.0,0.0
0,     26135,0,        1482065113,0.0,5986
1,     26137,7203,        1482185472,0.0,0.0
1,     26139,7204,        1482385472,0.0,0.0
1,     26141,7205,        1482585476,0.0,0.0
1,     26143,7206,        1482785476,0.0,0.0
1,     26145,7207,        1482985476,0.0,0.0
0,     26147,0,        1483115974,0.0,6201
1,     26149,7208,        1483185476,0.0,0.0
1,     26151,7209,        1483385480,0.0,0.0
0,     26153,0,        1483436546,0.0,5767
1,     26155,7210,        1483585480,0.0,0.0
1,     26157,7211,        1483785480,0.0,0.0
1,     26159,7212,        1483985484,0.0,0.0
1,     26161,7213,        1484185484,0.0,0.0
0,     26163,0,        1484206304,0.0,51
1,     26165,7214,        1484385484,0.0,0.0
0,     26167,0,        1484436358,0.0,5215
0,     26169,0,        1484475701,0.0,4291
0,     26171,0,        1484504270,0.0,4294
1,     26173,7215,        1484585488,0.0,0.0
1,     26175,7216,        1484785488,0.0,0.0
0,     26177,0,        1484911573,0.0,3501
0,     26179,0,        1484973133,0.0,3201
0,     26180,0,        1484973290,0.0,1256
1,     26182,7217,        1484985488,0.0,0.0
1,     26184,7218,        1485185488,0.0,0.0
1,     26186,7219,        1485385492,0.0,0.0
1,     26188,7220,        1485585492,0.0,0.0
1,     26190,7221,        1485785492,0.0,0.0
1,     26192,7222,        1485985496,0.0,0.0
0,     26194,0,        1486063419,0.0,3869
1,     26196,7223,        1486185496,0.0,0.0
1,     26198,7224,        1486385496,0.0,0.0
0,     26200,0,        1486550122,0.0,2055
1,     26202,7225,        1486585500,0.0,0.0
1,     26204,7226,        1486785500,0.0,0.0
1,     26206,7227,        1486985500,0.0,0.0
0,     26207,0,        1486985794,0.0,5194
0,     26209,0,        1487146674,0.0,5444
1,     26211,7228,        1487185500,0.0,0.0
0,     26213,0,        1487338631,0.0,926
0,     26215,0,        1487384478,0.0,4197
1,     26217,7229,        1487385504,0.0,0.0
0,     26219,0,        1487417824,0.0,5343
1,     26221,7230,        1487585504,0.0,0.0
1,     26223,7231,        1487785504,0.0,0.0
0,     26225,0,        1487908714,0.0,4059
1,     26227,7232,        1487985508,0.0,0.0
1,     26229,7233,        1488185508,0.0,0.0
0,     26231,0,        1488355927,0.0,5430
1,     26233,7234,        1488385508,0.0,0.0
0,     26235,0,        1488420076,0.0,1510
0,     26237,0,        1488479096,0.0,3283
1,     26239,7235,        1488585508,0.0,0.0
0,     26241,0,        1488674666,0.0,132
0,     26242,0,        1488674756,0.0,3785
1,     26244,7236,        1488785512,0.0,0.0
1,     26246,7237,        1488985512,0.0,0.0
1,     26248,7238,        1489185512,0.0,0.0
1,     26250,7239,        1489385516,0.0,0.0
0,     26252,0,        1489436821,0.0,4284
0,     26254,0,        1489479946,0.0,3808
1,     26256,7240,        1489585516,0.0,0.0
0,     26258,0,        1489698278,0.0,5339
1,     26260,7241,        1489785516,0.0,0.0
0,     26262,0,        1489848220,0.0,3455
1,     26264,7242,        1489985520,0.0,0.0
1,     26266,7243,        1490185520,0.0,0.0
1,     26268,7244,        1490385520,0.0,0.0
1,     26270,7245,        1490585520,0.0,0.0
0,     26272,0,        1490587372,0.0,2978
0,     26274,0,        1490622422,0.0,1033
0,     26276,0,        1490747241,0.0,3243
1,     26278,7246,        1490785524,0.0,0.0
0,     26280,0,        1490946949,0.0,325
1,     26282,7247,        1490985524,0.0,0.0
0,     26284,0,        1491019799,0.0,6006
0,     26286,0,        1491169382,0.0,5906
0,     26287,0,        1491169439,0.0,2930
1,     26289,7248,        1491185524,0.0,0.0
0,     26291,0,        1491252160,0.0,1966
1,     26293,7249,        1491385528,0.0,0.0
1,     26295,7250,        1491585528,0.0,0.0
1,     26297,7251,        1491785528,0.0,0.0
1,     26299,7252,        1491985532,0.0,0.0
0,     26301,0,        1492147739,0.0,4774
1,     26303,7253,        1492185532,0.0,0.0
1,     26305,7254,        1492385532,0.0,0.0
0,     26307,0,        1492416714,0.0,4728
0,     26309,0,        1492554114,0.0,379
0,     26311,0,        1492583757,0.0,5280
0,     26312,0,        1492583790,0.0,42
1,     26314,7255,        1492585532,0.0,0.0
1,     26316,7256,        1492785536,0.0,0.0
0,     26318,0,        1492906167,0.0,3246
0,     26320,0,        1492948063,0.0,262
1,     26322,7257,        1492985536,0.0,0.0
0,     26324,0,        1493023339,0.0,3214
1,     26326,7258,        1493185536,0.0,0.0
1,     26328,7259,        1493385540,0.0,0.0
1,     26330,7260,        1493585540,0.0,0.0
0,     26332,0,        1493781415,0.0,1459
1,     26334,7261,        1493785540,0.0,0.0
1,     26336,7262,        1493985540,0.0,0.0
1,     26338,7263,        1494185544,0.0,0.0
0,     26340,0,        1494262747,0.0,3262
0,     26342,0,        1494352520,0.0,3273
1,     26344,7264,        1494385544,0.0,0.0
1,     26346,7265,        1494585544,0.0,0.0
1,     26348,7266,        1494785548,0.0,0.0
1,     26350,7267,        1494985548,0.0,0.0
1,     26352,7268,        1495185548,0.0,0.0
1,     26354,7269,        1495385552,0.0,0.0
1,     26356,7270,        1495585552,0.0,0.0
1,     26358,7271,        1495785552,0.0,0.0
0,     26360,0,        1495928524,0.0,4067
1,     26362,7272,        1495985552,0.0,0.0
0,     26364,0,        1496090527,0.0,985
1,     26366,7273,        1496185556,0.0,0.0
0,     26368,0,        1496221613,0.0,6129
1,     26370,7274,        1496385556,0.0,0.0
1,     26372,7275,        1496585556,0.0,0.0
1,     26374,7276,        1496785560,0.0,0.0
0,     26376,0,        1496822469,0.0,3076
0,     26378,0,        1496824474,0.0,210
0,     26380,0,        1496883246,0.0,3989
1,     26382,7277,        1496985560,0.0,0.0
0,     26384,0,        1497034480,0.0,5672
1,     26386,7278,        1497185560,0.0,0.0
1,     26388,7279,        1497385564,0.0,0.0
1,     26390,7280,        1497585564,0.0,0.0
1,     26392,7281,        1497785564,0.0,0.0
1,     26394,7282,        1497985564,0.0,0.0
0,     26396,0,        1498015647,0.0,1867
0,     26398,0,        1498049026,0.0,703
0,     26400,0,        1498057055,0.0,4992
1,     26402,7283,        1498185568,0.0,0.0
0,     26404,0,        1498291073,0.0,4470
1,     26406,7284,        1498385568,0.0,0.0
0,     26408,0,        1498485641,0.0,6215
1,     26410,7285,        1498585568,0.0,0.0
1,     26412,7286,        1498785572,0.0,0.0
1,     26414,7287,        1498985572,0.0,0.0
1,     26416,7288,        1499185572,0.0,0.0
0,     26418,0,        1499222104,0.0,2104
1,     26420,7289,        1499385576,0.0,0.0
1,     26422,7290,        1499585576,0.0,0.0
0,     26424,0,        1499671482,0.0,3324
1,     26426,7291,        1499785576,0.0,0.0
0,     26428,0,        1499906735,0.0,3227
1,     26430,7292,        1499985576,0.0,0.0
1,     26432,7293,        1500185580,0.0,0.0
1,     26434,7294,        1500385580,0.0,0.0
0,     26436,0,        1500445127,0.0,5026
1,     26438,7295,        1500585580,0.0,0.0
0,     26440,0,        1500626747,0.0,3538
0,     26442,0,        1500655294,0.0,54
1,     26444,7296,        1500785584,0.0,0.0
0,     26446,0,        1500796395,0.0,1440
1,     26448,7297,        1500985584,0.0,0.0
1,     26450,7298,        1501185584,0.0,0.0
0,     26452,0,        1501342269,0.0,924
1,     26454,7299,        1501385584,0.0,0.0
0,     26456,0,        1501417267,0.0,1721
0,     26458,0,        1501460501,0.0,5425
1,     26460,7300,        1501585588,0.0,0.0
1,     26462,7301,        1501785588,0.0,0.0
1,     26464,7302,        1501985588,0.0,0.0
1,     26466,7303,        1502185592,0.0,0.0
0,     26468,0,        1502280935,0.0,2045
1,     26470,7304,        1502385592,0.0,0.0
0,     26472,0,        1502388274,0.0,3092
1,     26474,7305,        1502585592,0.0,0.0
1,     26476,7306,        1502785596,0.0,0.0
0,     26478,0,        1502837990,0.0,2011
0,     26480,0,        1502962258,0.0,5149
1,     26482,7307,        1502985596,0.0,0.0
1,     26484,7308,        1503185596,0.0,0.0
0,     26486,0,        1503226783,0.0,5992
1,     26488,7309,        1503385596,0.0,0.0
0,     26490,0,        1503514642,0.0,4233
1,     26492,7310,        1503585600,0.0,0.0
0,     26494,0,        1503693843,0.0,4045
1,     26496,7311,        1503785600,0.0,0.0
0,     26498,0,        1503820526,0.0,571
1,     26500,7312,        1503985600,0.0,0.0
0,     26502,0,        1504000733,0.0,3961
1,     26504,7313,        1504185604,0.0,0.0
1,     26506,7314,        1504385604,0.0,0.0
1,     26508,7315,        1504585604,0.0,0.0
0,     26510,0,        1504713247,0.0,6238
1,     26512,7316,        1504785608,0.0,0.0
0,     26514,0,        1504865708,0.0,2413
0,     26516,0,        1504898355,0.0,2069
1,     26518,7317,        1504985608,0.0,0.0
0,     26520,0,        1505098788,0.0,5296
1,     26522,7318,        1505185608,0.0,0.0
1,     26524,7319,        1505385608,0.0,0.0
1,     26526,7320,        1505585612,0.0,0.0
1,     26528,7321,        1505785612,0.0,0.0
1,     26530,7322,        1505985612,0.0,0.0
0,     26532,0,        1506004882,0.0,2796
1,     26534,7323,        1506185616,0.0,0.0
1,     26536,7324,        1506385616,0.0,0.0
1,     26538,7325,        1506585616,0.0,0.0
0,     26540,0,        1506713198,0.0,2649
1,     26542,7326,        1506785620,0.0,0.0
1,     26544,7327,        1506985620,0.0,0.0
0,     26546,0,        1507072620,0.0,3993
1,     26548,7328,        1507185620,0.0,0.0
0,     26550,0,        1507291394,0.0,3350
0,     26552,0,        1507310356,0.0,3082
1,     26554,7329,        1507385620,0.0,0.0
0,     26556,0,        1507502806,0.0,1861
0,     26558,0,        1507567411,0.0,4313
1,     26560,7330,        1507585624,0.0,0.0
0,     26562,0,        1507668092,0.0,4457
1,     26564,7331,        1507785624,0.0,0.0
1,     26566,7332,        1507985624,0.0,0.0
0,     26568,0,        1507998030,0.0,3949
0,     26570,0,        1508185517,0.0,4731
1,     26571,7333,        1508185628,0.0,0.0
1,     26573,7334,        1508385628,0.0,0.0
1,     26575,7335,        1508585628,0.0,0.0
0,     26577,0,        1508654825,0.0,2228
0,     26579,0,        1508761408,0.0,4092
1,     26581,7336,        1508785628,0.0,0.0
0,     26583,0,        1508907748,0.0,29
1,     26585,7337,        1508985632,0.0,0.0
0,     26587,0,        1509157672,0.0,2955
1,     26589,7338,        1509185632,0.0,0.0
0,     26591,0,        1509194593,0.0,2353
1,     26593,7339,        1509385632,0.0,0.0
0,     26595,0,        1509581212,0.0,4761
1,     26597,7340,        1509585636,0.0,0.0
0,     26599,0,        1509613217,0.0,465
1,     26601,7341,        1509785636,0.0,0.0
1,     26603,7342,        1509985636,0.0,0.0
1,     26605,7343,        1510185640,0.0,0.0
0,     26607,0,        1510208759,0.0,3862
1,     26609,7344,        1510385640,0.0,0.0
0,     26611,0,        1510436653,0.0,1289
1,     26613,7345,        1510585640,0.0,0.0
1,     26615,7346,        1510785640,0.0,0.0
1,     26617,7347,        1510985644,0.0,0.0
1,     26619,7348,        1511185644,0.0,0.0
1,     26621,7349,        1511385644,0.0,0.0
1,     26623,7350,        1511585648,0.0,0.0
0,     26625,0,        1511783219,0.0,2835
0,     26626,0,        1511783392,0.0,4432
1,     26628,7351,        1511785648,0.0,0.0
0,     26630,0,        1511871184,0.0,1722
1,     26632,7352,        1511985648,0.0,0.0
1,     26634,7353,        1512185652,0.0,0.0
1,     26636,7354,        1512385652,0.0,0.0
1,     26638,7355,        1512585652,0.0,0.0
1,     26640,7356,        1512785652,0.0,0.0
1,     26642,7357,        1512985656,0.0,0.0
1,     26644,7358,        1513185656,0.0,0.0
0,     26646,0,        1513232663,0.0,2551
0,     26648,0,        1513274610,0.0,3217
0,     26650,0,        1513382730,0.0,1328
1,     26652,7359,        1513385656,0.0,0.0
1,     26654,7360,        1513585660,0.0,0.0
0,     26656,0,        1513781350,0.0,1937
1,     26658,7361,        1513785660,0.0,0.0
0,     26660,0,        1513814732,0.0,3123
1,     26662,7362,        1513985660,0.0,0.0
0,     26664,0,        1514013970,0.0,4156
0,     26666,0,        1514026103,0.0,5605
1,     26668,7363,        1514185664,0.0,0.0
1,     26670,7364,        1514385664,0.0,0.0
1,     26672,7365,        1514585664,0.0,0.0
0,     26674,0,        1514769235,0.0,4463
1,     26676,7366,        1514785664,0.0,0.0
0,     26678,0,        1514789897,0.0,1483
1,     26680,7367,        1514985668,0.0,0.0
1,     26682,7368,        1515185668,0.0,0.0
0,     26684,0,        1515250649,0.0,6127
1,     26686,7369,        1515385668,0.0,0.0
0,     26688,0,        1515571456,0.0,3952
1,     26690,7370,        1515585672,0.0,0.0
0,     26692,0,        1515615250,0.0,991
0,     26693,0,        1515615743,0.0,5821
1,     26695,7371,        1515785672,0.0,0.0
1,     26697,7372,        1515985672,0.0,0.0
1,     26699,7373,        1516185672,0.0,0.0
1,     26701,7374,        1516385676,0.0,0.0
0,     26703,0,        1516412573,0.0,2027
0,     26705,0,        1516574339,0.0,3252
1,     26707,7375,        1516585676,0.0,0.0
1,     26709,7376,        1516785676,0.0,0.0
1,     26711,7377,        1516985680,0.0,0.0
1,     26713,7378,        1517185680,0.0,0.0
1,     26715,7379,        1517385680,0.0,0.0
1,     26717,7380,        1517585684,0.0,0.0
0,     26719,0,        1517658206,0.0,5875
0,     26721,0,        1517695993,0.0,5002
0,     26723,0,        1517736568,0.0,2691
0,     26725,0,        1517737059,0.0,5870
1,     26727,7381,        1517785684,0.0,0.0
1,     26729,7382,        1517985684,0.0,0.0
1,     26731,7383,        1518185684,0.0,0.0
1,     26733,7384,        1518385688,0.0,0.0
0,     26735,0,        1518390633,0.0,2623
1,     26737,7385,        1518585688,0.0,0.0
0,     26739,0,        1518653066,0.0,4148
1,     26741,7386,        1518785688,0.0,0.0
1,     26743,7387,        1518985692,0.0,0.0
1,     26745,7388,        1519185692,0.0,0.0
0,     26747,0,        1519300688,0.0,2633
1,     26749,7389,        1519385692,0.0,0.0
0,     26751,0,        1519435402,0.0,4160
0,     26753,0,        1519459353,0.0,175
0,     26755,0,        1519460765,0.0,6195
0,     26757,0,        1519557229,0.0,2151
0,     26759,0,        1519565316,0.0,5103
0,     26760,0,        1519565321,0.0,1629
1,     26762,7390,        1519585696,0.0,0.0
0,     26764,0,        1519591736,0.0,3809
0,     26766,0,        1519698253,0.0,1521
1,     26768,7391,        1519785696,0.0,0.0
1,     26770,7392,        1519985696,0.0,0.0
0,     26772,0,        1520022930,0.0,3112
0,     26774,0,        1520112483,0.0,508
1,     26776,7393,        1520185696,0.0,0.0
1,     26778,7394,        1520385700,0.0,0.0
0,     26780,0,        1520499703,0.0,3965
1,     26782,7395,        1520585700,0.0,0.0
0,     26784,0,        1520710950,0.0,1418
1,     26786,7396,        1520785700,0.0,0.0
0,     26788,0,        1520814316,0.0,1188
1,     26790,7397,        1520985704,0.0,0.0
1,     26792,7398,        1521185704,0.0,0.0
0,     26794,0,        1521327730,0.0,2815
0,     26795,0,        1521327884,0.0,5189
1,     26797,7399,        1521385704,0.0,0.0
1,     26799,7400,        1521585708,0.0,0.0
1,     26801,7401,        1521785708,0.0,0.0
1,     26803,7402,        1521985708,0.0,0.0
1,     26805,7403,        1522185708,0.0,0.0
1,     26807,7404,        1522385712,0.0,0.0
1,     26809,7405,        1522585712,0.0,0.0
1,     26811,7406,        1522785712,0.0,0.0
1,     26813,7407,        1522985716,0.0,0.0
0,     26815,0,        1523161091,0.0,1328
1,     26817,7408,        1523185716,0.0,0.0
1,     26819,7409,        1523385716,0.0,0.0
1,     26821,7410,        1523585720,0.0,0.0
1,     26823,7411,        1523785720,0.0,0.0
0,     26825,0,        1523888082,0.0,1689
1,     26827,7412,        1523985720,0.0,0.0
0,     26829,0,        1524038853,0.0,3123
0,     26831,0,        1524172745,0.0,4152
1,     26833,7413,        1524185720,0.0,0.0
1,     26835,7414,        1524385724,0.0,0.0
1,     26837,7415,        1524585724,0.0,0.0
0,     26839,0,        1524778243,0.0,2765
1,     26841,7416,        1524785724,0.0,0.0
1,     26843,7417,        1524985728,0.0,0.0
0,     26845,0,        1525101214,0.0,3801
1,     26847,7418,        1525185728,0.0,0.0
0,     26849,0,        1525385584,0.0,342
1,     26850,7419,        1525385728,0.0,0.0
1,     26852,7420,        1525585728,0.0,0.0
0,     26854,0,        1525629190,0.0,5200
0,     26856,0,        1525639658,0.0,2728
1,     26858,7421,        1525785732,0.0,0.0
1,     26860,7422,        1525985732,0.0,0.0
0,     26862,0,        1526016789,0.0,4753
0,     26864,0,        1526136990,0.0,570
1,     26866,7423,        1526185732,0.0,0.0
0,     26868,0,        1526284279,0.0,1654
0,     26870,0,        1526284423,0.0,4256
1,     26872,7424,        1526385736,0.0,0.0
0,     26874,0,        1526435882,0.0,2784
1,     26876,7425,        1526585736,0.0,0.0
0,     26878,0,        1526647263,0.0,4569
1,     26880,7426,        1526785736,0.0,0.0
1,     26882,7427,        1526985740,0.0,0.0
0,     26884,0,        1527049435,0.0,4962
1,     26886,7428,        1527185740,0.0,0.0
1,     26888,7429,        1527385740,0.0,0.0
0,     26890,0,        1527452902,0.0,274
0,     26892,0,        1527469071,0.0,3193
1,     26894,7430,        1527585740,0.0,0.0
0,     26896,0,        1527779904,0.0,2890
1,     26898,7431,        1527785744,0.0,0.0
0,     26900,0,        1527833241,0.0,850
1,     26902,7432,        1527985744,0.0,0.0
0,     26904,0,        1528094755,0.0,649
1,     26906,7433,        1528185744,0.0,0.0
1,     26908,7434,        1528385748,0.0,0.0
1,     26910,7435,        1528585748,0.0,0.0
1,     26912,7436,        1528785748,0.0,0.0
0,     26914,0,        1528982587,0.0,2263
1,     26916,7437,        1528985752,0.0,0.0
1,     26918,7438,        1529185752,0.0,0.0
1,     26920,7439,        1529385752,0.0,0.0
0,     26922,0,        1529480363,0.0,437
0,     26924,0,        1529508371,0.0,2258
1,     26926,7440,        1529585752,0.0,0.0
0,     26928,0,        1529643779,0.0,4043
0,     26930,0,        1529757540,0.0,3386
1,     26932,7441,        1529785756,0.0,0.0
0,     26934,0,        1529799363,0.0,5261
0,     26936,0,        1529885809,0.0,1892
1,     26938,7442,        1529985756,0.0,0.0
1,     26940,7443,        1530185756,0.0,0.0
1,     26942,7444,        1530385760,0.0,0.0
0,     26944,0,        1530423720,0.0,4645
0,     26946,0,        1530437926,0.0,2536
1,     26948,7445,        1530585760,0.0,0.0
1,     26950,7446,        1530785760,0.0,0.0
0,     26952,0,        1530786883,0.0,757
1,     26954,7447,        1530985760,0.0,0.0
1,     26956,7448,        1531185764,0.0,0.0
0,     26958,0,        1531308713,0.0,1212
1,     26960,7449,        1531385764,0.0,0.0
0,     26962,0,        1531528352,0.0,5850
1,     26964,7450,        1531585764,0.0,0.0
0,     26966,0,        1531634703,0.0,3878
1,     26968,7451,        1531785768,0.0,0.0
1,     26970,7452,        1531985768,0.0,0.0
1,     26972,7453,        1532185768,0.0,0.0
1,     26974,7454,        1532385772,0.0,0.0
1,     26976,7455,        1532585772,0.0,0.0
1,     26978,7456,        1532785772,0.0,0.0
1,     26980,7457,        1532985772,0.0,0.0
0,     26982,0,        1533096918,0.0,5695
1,     26984,7458,        1533185776,0.0,0.0
1,     26986,7459,        1533385776,0.0,0.0
1,     26988,7460,        1533585776,0.0,0.0
1,     26990,7461,        1533785780,0.0,0.0
1,     26992,7462,        1533985780,0.0,0.0
0,     26994,0,        1534035649,0.0,5555
0,     26996,0,        1534055878,0.0,805
0,     26997,0,        1534055939,0.0,293
0,     26999,0,        1534160837,0.0,2459
1,     27001,7463,        1534185780,0.0,0.0
0,     27003,0,        1534258072,0.0,2528
1,     27005,7464,        1534385784,0.0,0.0
1,     27007,7465,        1534585784,0.0,0.0
1,     27009,7466,        1534785784,0.0,0.0
0,     27011,0,        1534918811,0.0,3199
1,     27013,7467,        1534985784,0.0,0.0
0,     27015,0,        1535079700,0.0,5496
0,     27016,0,        1535079704,0.0,1021
0,     27018,0,        1535080548,0.0,5153
1,     27020,7468,        1535185788,0.0,0.0
0,     27022,0,        1535275810,0.0,566
1,     27024,7469,        1535385788,0.0,0.0
0,     27026,0,        1535425789,0.0,1428
1,     27028,7470,        1535585788,0.0,0.0
0,     27030,0,        1535649355,0.0,1710
0,     27031,0,        1535649386,0.0,1924
1,     27033,7471,        1535785792,0.0,0.0
1,     27035,7472,        1535985792,0.0,0.0
1,     27037,7473,        1536185792,0.0,0.0
1,     27039,7474,        1536385796,0.0,0.0
0,     27041,0,        1536406369,0.0,1097
0,     27043,0,        1536461087,0.0,4566
0,     27045,0,        1536541386,0.0,4046
0,     27047,0,        1536560193,0.0,1984
1,     27049,7475,        1536585796,0.0,0.0
1,     27051,7476,        1536785796,0.0,0.0
1,     27053,7477,        1536985796,0.0,0.0
0,     27055,0,        1537061935,0.0,3191
0,     27057,0,        1537164489,0.0,2852
1,     27059,7478,        1537185800,0.0,0.0
0,     27061,0,        1537191697,0.0,2205
0,     27063,0,        1537264192,0.0,3889
1,     27065,7479,        1537385800,0.0,0.0
1,     27067,7480,        1537585800,0.0,0.0
1,     27069,7481,        1537785804,0.0,0.0
0,     27071,0,        1537891932,0.0,1215
1,     27073,7482,        1537985804,0.0,0.0
0,     27075,0,        1538054648,0.0,5704
1,     27077,7483,        1538185804,0.0,0.0
0,     27079,0,        1538269622,0.0,4016
1,     27081,7484,        1538385808,0.0,0.0
1,     27083,7485,        1538585808,0.0,0.0
1,     27085,7486,        1538785808,0.0,0.0
0,     27087,0,        1538915471,0.0,6098
1,     27089,7487,        1538985808,0.0,0.0
1,     27091,7488,        1539185812,0.0,0.0
0,     27093,0,        1539289843,0.0,3240
1,     27095,7489,        1539385812,0.0,0.0
1,     27097,7490,        1539585812,0.0,0.0
1,     27099,7491,        1539785816,0.0,0.0
0,     27101,0,        1539816849,0.0,4530
1,     27103,7492,        1539985816,0.0,0.0
1,     27105,7493,        1540185816,0.0,0.0
0,     27107,0,        1540192235,0.0,4450
0,     27109,0,        1540365433,0.0,3041
1,     27111,7494,        1540385816,0.0,0.0
1,     27113,7495,        1540585820,0.0,0.0
1,     27115,7496,        1540785820,0.0,0.0
1,     27117,7497,        1540985820,0.0,0.0
1,     27119,7498,        1541185824,0.0,0.0
0,     27121,0,        1541331827,0.0,2656
1,     27123,7499,        1541385824,0.0,0.0
0,     27125,0,        1541434100,0.0,3103
1,     27127,7500,        1541585824,0.0,0.0
0,     27129,0,        1541771595,0.0,2675
1,     27131,7501,        1541785828,0.0,0.0
0,     27133,0,        1541902713,0.0,4053
0,     27135,0,        1541939825,0.0,5014
1,     27137,7502,        1541985828,0.0,0.0
0,     27139,0,        1542026746,0.0,2912
1,     27141,7503,        1542185828,0.0,0.0
1,     27143,7504,        1542385828,0.0,0.0
0,     27145,0,        1542482837,0.0,3462
1,     27147,7505,        1542585832,0.0,0.0
0,     27149,0,        1542586928,0.0,3083
1,     27151,7506,        1542785832,0.0,0.0
0,     27153,0,        1542841555,0.0,3131
0,     27155,0,        1542853356,0.0,835
1,     27157,7507,        1542985832,0.0,0.0
1,     27159,7508,        1543185836,0.0,0.0
0,     27161,0,        1543208134,0.0,3181
0,     27163,0,        1543215792,0.0,3094
1,     27165,7509,        1543385836,0.0,0.0
1,     27167,7510,        1543585836,0.0,0.0
1,     27169,7511,        1543785840,0.0,0.0
0,     27171,0,        1543818896,0.0,3110
1,     27173,7512,        1543985840,0.0,0.0
1,     27175,7513,        1544185840,0.0,0.0
0,     27177,0,        1544311222,0.0,3081
0,     27178,0,        1544311629,0.0,3523
0,     27180,0,        1544380673,0.0,2148
1,     27182,7514,        1544385840,0.0,0.0
0,     27184,0,        1544477769,0.0,1546
1,     27186,7515,        1544585844,0.0,0.0
0,     27188,0,        1544624142,0.0,3607
1,     27190,7516,        1544785844,0.0,0.0
1,     27192,7517,        1544985844,0.0,0.0
1,     27194,7518,        1545185848,0.0,0.0
1,     27196,7519,        1545385848,0.0,0.0
1,     27198,7520,        1545585848,0.0,0.0
0,     27200,0,        1545741764,0.0,5253
1,     27202,7521,        1545785852,0.0,0.0
0,     27204,0,        1545797736,0.0,5297
1,     27206,7522,        1545985852,0.0,0.0
1,     27208,7523,        1546185852,0.0,0.0
1,     27210,7524,        1546385852,0.0,0.0
1,     27212,7525,        1546585856,0.0,0.0
1,     27214,7526,        1546785856,0.0,0.0
1,     27216,7527,        1546985856,0.0,0.0
0,     27218,0,        1547129303,0.0,1691
1,     27220,7528,        1547185860,0.0,0.0
0,     27222,0,        1547317527,0.0,1946
1,     27224,7529,        1547385860,0.0,0.0
1,     27226,7530,        1547585860,0.0,0.0
0,     27228,0,        1547696212,0.0,984
1,     27230,7531,        1547785860,0.0,0.0
0,     27232,0,        1547823503,0.0,4532
1,     27234,7532,        1547985864,0.0,0.0
1,     27236,7533,        1548185864,0.0,0.0
0,     27238,0,        1548288932,0.0,3198
0,     27240,0,        1548362285,0.0,3487
1,     27242,7534,        1548385864,0.0,0.0
1,     27244,7535,        1548585868,0.0,0.0
1,     27246,7536,        1548785868,0.0,0.0
0,     27248,0,        1548794871,0.0,4530
1,     27250,7537,        1548985868,0.0,0.0
0,     27252,0,        1549149406,0.0,4123
0,     27254,0,        1549163530,0.0,1715
1,     27256,7538,        1549185872,0.0,0.0
0,     27258,0,        1549208935,0.0,4082
1,     27260,7539,        1549385872,0.0,0.0
0,     27262,0,        1549564007,0.0,4720
1,     27264,7540,        1549585872,0.0,0.0
1,     27266,7541,        1549785872,0.0,0.0
0,     27268,0,        1549788784,0.0,3433
1,     27270,7542,        1549985876,0.0,0.0
1,     27272,7543,        1550185876,0.0,0.0
0,     27274,0,        1550318225,0.0,5820
1,     27276,7544,        1550385876,0.0,0.0
0,     27278,0,        1550461520,0.0,1666
0,     27279,0,        1550461784,0.0,2762
1,     27281,7545,        1550585880,0.0,0.0
0,     27283,0,        1550614275,0.0,6185
0,     27285,0,        1550776784,0.0,3781
0,     27286,0,        1550777035,0.0,5575
1,     27288,7546,        1550785880,0.0,0.0
1,     27290,7547,        1550985880,0.0,0.0
0,     27292,0,        1551097099,0.0,3325
1,     27294,7548,        1551185884,0.0,0.0
1,     27296,7549,        1551385884,0.0,0.0
0,     27298,0,        1551481925,0.0,3667
0,     27300,0,        1551520921,0.0,5198
1,     27302,7550,        1551585884,0.0,0.0
1,     27304,7551,        1551785884,0.0,0.0
1,     27306,7552,        1551985888,0.0,0.0
0,     27308,0,        1552020415,0.0,4299
0,     27310,0,        1552085180,0.0,3525
1,     27312,7553,        1552185888,0.0,0.0
0,     27314,0,        1552328590,0.0,5921
1,     27316,7554,        1552385888,0.0,0.0
0,     27318,0,        1552401749,0.0,560
0,     27320,0,        1552477223,0.0,582
0,     27321,0,        1552477227,0.0,3594
0,     27323,0,        1552545434,0.0,4616
1,     27325,7555,        1552585892,0.0,0.0
0,     27327,0,        1552694177,0.0,3667
1,     27329,7556,        1552785892,0.0,0.0
0,     27331,0,        1552869625,0.0,5794
1,     27333,7557,        1552985892,0.0,0.0
0,     27335,0,        1553105096,0.0,3257
1,     27337,7558,        1553185892,0.0,0.0
1,     27339,7559,        1553385896,0.0,0.0
1,     27341,7560,        1553585896,0.0,0.0
0,     27343,0,        1553667540,0.0,2753
0,     27345,0,        1553669384,0.0,4104
1,     27347,7561,        1553785896,0.0,0.0
0,     27349,0,        1553829310,0.0,3291
1,     27351,7562,        1553985900,0.0,0.0
1,     27353,7563,        1554185900,0.0,0.0
0,     27355,0,        1554203890,0.0,2662
0,     27357,0,        1554315270,0.0,3246
1,     27359,7564,        1554385900,0.0,0.0
0,     27361,0,        1554389391,0.0,3501
0,     27362,0,        1554389613,0.0,243
0,     27364,0,        1554508365,0.0,1863
1,     27366,7565,        1554585904,0.0,0.0
0,     27368,0,        1554617080,0.0,2010
0,     27370,0,        1554758154,0.0,3247
1,     27372,7566,        1554785904,0.0,0.0
0,     27374,0,        1554789954,0.0,3353
1,     27376,7567,        1554985904,0.0,0.0
1,     27378,7568,        1555185904,0.0,0.0
1,     27380,7569,        1555385908,0.0,0.0
1,     27382,7570,        1555585908,0.0,0.0
1,     27384,7571,        1555785908,0.0,0.0
0,     27386,0,        1555943329,0.0,1894
1,     27388,7572,        1555985912,0.0,0.0
1,     27390,7573,        1556185912,0.0,0.0
0,     27392,0,        1556288349,0.0,6032
1,     27394,7574,        1556385912,0.0,0.0
1,     27396,7575,        1556585916,0.0,0.0
0,     27398,0,        1556591075,0.0,5350
0,     27400,0,        1556661416,0.0,1106
0,     27401,0,        1556661456,0.0,4644
1,     27403,7576,        1556785916,0.0,0.0
0,     27405,0,        1556864149,0.0,3761
0,     27407,0,        1556908579,0.0,5278
0,     27409,0,        1556922672,0.0,3215
1,     27411,7577,        1556985916,0.0,0.0
0,     27413,0,        1557056673,0.0,5352
0,     27415,0,        1557141600,0.0,3938
1,     27417,7578,        1557185916,0.0,0.0
1,     27419,7579,        1557385920,0.0,0.0
1,     27421,7580,        1557585920,0.0,0.0
1,     27423,7581,        1557785920,0.0,0.0
1,     27425,7582,        1557985924,0.0,0.0
1,     27427,7583,        1558185924,0.0,0.0
1,     27429,7584,        1558385924,0.0,0.0
0,     27431,0,        1558499973,0.0,3448
0,     27433,0,        1558500417,0.0,3201
0,     27435,0,        1558576171,0.0,2141
1,     27437,7585,        1558585928,0.0,0.0
0,     27439,0,        1558705357,0.0,4165
1,     27441,7586,        1558785928,0.0,0.0
1,     27443,7587,        1558985928,0.0,0.0
1,     27445,7588,        1559185928,0.0,0.0
0,     27447,0,        1559338389,0.0,2877
1,     27449,7589,        1559385932,0.0,0.0
1,     27451,7590,        1559585932,0.0,0.0
0,     27453,0,        1559605868,0.0,2852
0,     27455,0,        1559672851,0.0,3529
1,     27457,7591,        1559785932,0.0,0.0
0,     27459,0,        1559946421,0.0,571
1,     27461,7592,        1559985936,0.0,0.0
0,     27463,0,        1560103649,0.0,3220
0,     27465,0,        1560182518,0.0,3833
0,     27467,0,        1560183776,0.0,3373
1,     27469,7593,        1560185936,0.0,0.0
1,     27471,7594,        1560385936,0.0,0.0
0,     27473,0,        1560408014,0.0,766
0,     27475,0,        1560500709,0.0,4106
1,     27477,7595,        1560585940,0.0,0.0
1,     27479,7596,        1560785940,0.0,0.0
0,     27481,0,        1560978863,0.0,4496
1,     27483,7597,        1560985940,0.0,0.0
0,     27485,0,        1561064157,0.0,716
1,     27487,7598,        1561185940,0.0,0.0
1,     27489,7599,        1561385944,0.0,0.0
1,     27491,7600,        1561585944,0.0,0.0
0,     27493,0,        1561601876,0.0,1142
0,     27495,0,        1561679662,0.0,2112
1,     27497,7601,        1561785944,0.0,0.0
0,     27499,0,        1561811930,0.0,6094
1,     27501,7602,        1561985948,0.0,0.0
1,     27503,7603,        1562185948,0.0,0.0
0,     27505,0,        1562209822,0.0,1897
1,     27507,7604,        1562385948,0.0,0.0
0,     27509,0,        1562398451,0.0,6220
1,     27511,7605,        1562585948,0.0,0.0
0,     27513,0,        1562770070,0.0,1782
1,     27515,7606,        1562785952,0.0,0.0
1,     27517,7607,        1562985952,0.0,0.0
0,     27519,0,        1563158408,0.0,2814
1,     27521,7608,        1563185952,0.0,0.0
0,     27523,0,        1563260721,0.0,5218
1,     27525,7609,        1563385956,0.0,0.0
1,     27527,7610,        1563585956,0.0,0.0
0,     27529,0,        1563707828,0.0,1319
1,     27531,7611,        1563785956,0.0,0.0
1,     27533,7612,        1563985960,0.0,0.0
0,     27535,0,        1564177190,0.0,1932
1,     27537,7613,        1564185960,0.0,0.0
1,     27539,7614,        1564385960,0.0,0.0
1,     27541,7615,        1564585960,0.0,0.0
0,     27543,0,        1564593116,0.0,5718
1,     27545,7616,        1564785964,0.0,0.0
0,     27547,0,        1564978628,0.0,980
1,     27549,7617,        1564985964,0.0,0.0
0,     27551,0,        1565184054,0.0,376
1,     27553,7618,        1565185964,0.0,0.0
0,     27555,0,        1565279666,0.0,1099
0,     27557,0,        1565318830,0.0,744
1,     27559,7619,        1565385968,0.0,0.0
1,     27561,7620,        1565585968,0.0,0.0
1,     27563,7621,        1565785968,0.0,0.0
1,     27565,7622,        1565985972,0.0,0.0
0,     27567,0,        1566139991,0.0,1044
1,     27569,7623,        1566185972,0.0,0.0
1,     27571,7624,        1566385972,0.0,0.0
0,     27573,0,        1566428455,0.0,3414
1,     27575,7625,        1566585972,0.0,0.0
0,     27577,0,        1566731183,0.0,218
1,     27579,7626,        1566785976,0.0,0.0
0,     27581,0,        1566820936,0.0,6219
1,     27583,7627,        1566985976,0.0,0.0
1,     27585,7628,        1567185976,0.0,0.0
0,     27587,0,        1567236210,0.0,4541
0,     27589,0,        1567263007,0.0,4372
0,     27590,0,        1567263253,0.0,784
1,     27592,7629,        1567385980,0.0,0.0
1,     27594,7630,        1567585980,0.0,0.0
1,     27596,7631,        1567785980,0.0,0.0
0,     27598,0,        1567876211,0.0,3377
0,     27600,0,        1567897921,0.0,4395
0,     27601,0,        1567898331,0.0,3305
0,     27603,0,        1567905450,0.0,465
1,     27605,7632,        1567985984,0.0,0.0
1,     27607,7633,        1568185984,0.0,0.0
0,     27609,0,        1568191806,0.0,5695
1,     27611,7634,        1568385984,0.0,0.0
1,     27613,7635,        1568585984,0.0,0.0
0,     27615,0,        1568596745,0.0,1240
0,     27617,0,        1568670116,0.0,5864
1,     27619,7636,        1568785988,0.0,0.0
1,     27621,7637,        1568985988,0.0,0.0
1,     27623,7638,        1569185988,0.0,0.0
0,     27625,0,        1569379516,0.0,6054
1,     27627,7639,        1569385992,0.0,0.0
0,     27629,0,        1569405761,0.0,1739
0,     27631,0,        1569508011,0.0,900
1,     27633,7640,        1569585992,0.0,0.0
1,     27635,7641,        1569785992,0.0,0.0
0,     27637,0,        1569898299,0.0,1330
1,     27639,7642,        1569985996,0.0,0.0
1,     27641,7643,        1570185996,0.0,0.0
1,     27643,7644,        1570385996,0.0,0.0
1,     27645,7645,        1570585996,0.0,0.0
1,     27647,7646,        1570786000,0.0,0.0
1,     27649,7647,        1570986000,0.0,0.0
0,     27651,0,        1571010342,0.0,1639
1,     27653,7648,        1571186000,0.0,0.0
1,     27655,7649,        1571386004,0.0,0.0
0,     27657,0,        1571538611,0.0,3336
0,     27658,0,        1571538784,0.0,4596
1,     27660,7650,        1571586004,0.0,0.0
1,     27662,7651,        1571786004,0.0,0.0
0,     27664,0,        1571912914,0.0,2602
0,     27666,0,        1571947886,0.0,3284
1,     27668,7652,        1571986004,0.0,0.0
0,     27670,0,        1572021889,0.0,4458
0,     27672,0,        1572167491,0.0,3411
1,     27674,7653,        1572186008,0.0,0.0
0,     27676,0,        1572245707,0.0,671
0,     27677,0,        1572246293,0.0,461
0,     27679,0,        1572342383,0.0,578
1,     27681,7654,        1572386008,0.0,0.0
0,     27683,0,        1572535903,0.0,2470
1,     27685,7655,        1572586008,0.0,0.0
1,     27687,7656,        1572786012,0.0,0.0
1,     27689,7657,        1572986012,0.0,0.0
0,     27691,0,        1572988973,0.0,3295
0,     27693,0,        1573107204,0.0,3219
0,     27695,0,        1573181452,0.0,5002
1,     27697,7658,        1573186012,0.0,0.0
1,     27699,7659,        1573386016,0.0,0.0
0,     27701,0,        1573572502,0.0,4997
1,     27703,7660,        1573586016,0.0,0.0
0,     27705,0,        1573717116,0.0,4332
0,     27707,0,        1573722429,0.0,3509
1,     27709,7661,        1573786016,0.0,0.0
1,     27711,7662,        1573986016,0.0,0.0
1,     27713,7663,        1574186020,0.0,0.0
0,     27715,0,        1574359091,0.0,5197
1,     27717,7664,        1574386020,0.0,0.0
0,     27719,0,        1574560926,0.0,3259
1,     27721,7665,        1574586020,0.0,0.0
0,     27723,0,        1574761822,0.0,1538
1,     27725,7666,        1574786024,0.0,0.0
1,     27727,7667,        1574986024,0.0,0.0
0,     27729,0,        1574998983,0.0,1783
1,     27731,7668,        1575186024,0.0,0.0
1,     27733,7669,        1575386028,0.0,0.0
0,     27735,0,        1575429395,0.0,2633
0,     27737,0,        1575476043,0.0,5552
1,     27739,7670,        1575586028,0.0,0.0
0,     27741,0,        1575652602,0.0,3429
1,     27743,7671,        1575786028,0.0,0.0
0,     27745,0,        1575807406,0.0,1289
0,     27747,0,        1575950926,0.0,1664
0,     27749,0,        1575951717,0.0,1793
1,     27751,7672,        1575986028,0.0,0.0
1,     27753,7673,        1576186032,0.0,0.0
1,     27755,7674,        1576386032,0.0,0.0
1,     27757,7675,        1576586032,0.0,0.0
0,     27759,0,        1576718102,0.0,1585
1,     27761,7676,        1576786036,0.0,0.0
1,     27763,7677,        1576986036,0.0,0.0
0,     27765,0,        1577022176,0.0,2608
0,     27767,0,        1577051837,0.0,505
0,     27769,0,        1577138896,0.0,4486
0,     27771,0,        1577144990,0.0,2499
0,     27772,0,        1577145336,0.0,4134
1,     27774,7678,        1577186036,0.0,0.0
0,     27776,0,        1577352828,0.0,5183
1,     27778,7679,        1577386036,0.0,0.0
1,     27780,7680,        1577586040,0.0,0.0
0,     27782,0,        1577650230,0.0,3174
1,     27784,7681,        1577786040,0.0,0.0
0,     27786,0,        1577819222,0.0,1727
1,     27788,7682,        1577986040,0.0,0.0
1,     27790,7683,        1578186044,0.0,0.0
1,     27792,7684,        1578386044,0.0,0.0
0,     27794,0,        1578542480,0.0,5016
0,     27796,0,        1578581958,0.0,916
1,     27798,7685,        1578586044,0.0,0.0
0,     27800,0,        1578659875,0.0,1684
0,     27802,0,        1578759981,0.0,5366
1,     27804,7686,        1578786048,0.0,0.0
1,     27806,7687,        1578986048,0.0,0.0
0,     27808,0,        1579113437,0.0,4550
1,     27810,7688,        1579186048,0.0,0.0
0,     27812,0,        1579248920,0.0,4127
0,     27814,0,        1579301711,0.0,1949
1,     27816,7689,        1579386048,0.0,0.0
0,     27818,0,        1579483399,0.0,3417
0,     27820,0,        1579546961,0.0,5810
1,     27822,7690,        1579586052,0.0,0.0
1,     27824,7691,        1579786052,0.0,0.0
0,     27826,0,        1579804708,0.0,2130
0,     27828,0,        1579827331,0.0,5255
0,     27830,0,        1579916494,0.0,5824
1,     27832,7692,        1579986052,0.0,0.0
0,     27834,0,        1580017579,0.0,152
0,     27836,0,        1580182311,0.0,3072
1,     27838,7693,        1580186056,0.0,0.0
0,     27840,0,        1580346156,0.0,731
0,     27842,0,        1580368985,0.0,1904
1,     27844,7694,        1580386056,0.0,0.0
0,     27846,0,        1580426275,0.0,3094
1,     27848,7695,        1580586056,0.0,0.0
0,     27849,0,        1580586480,0.0,4263
0,     27851,0,        1580639050,0.0,3160
0,     27853,0,        1580694123,0.0,3011
1,     27855,7696,        1580786060,0.0,0.0
1,     27857,7697,        1580986060,0.0,0.0
0,     27859,0,        1581097313,0.0,3090
1,     27861,7698,        1581186060,0.0,0.0
0,     27863,0,        1581198708,0.0,4558
1,     27865,7699,        1581386060,0.0,0.0
1,     27867,7700,        1581586064,0.0,0.0
0,     27869,0,        1581586760,0.0,1863
0,     27871,0,        1581778680,0.0,1796
1,     27873,7701,        1581786064,0.0,0.0
1,     27875,7702,        1581986064,0.0,0.0
0,     27877,0,        1582029081,0.0,618
1,     27879,7703,        1582186068,0.0,0.0
0,     27881,0,        1582367357,0.0,3154
1,     27883,7704,        1582386068,0.0,0.0
1,     27885,7705,        1582586068,0.0,0.0
0,     27887,0,        1582767302,0.0,1255
0,     27889,0,        1582785434,0.0,2336
1,     27891,7706,        1582786072,0.0,0.0
0,     27893,0,        1582952266,0.0,882
1,     27895,7707,        1582986072,0.0,0.0
1,     27897,7708,        1583186072,0.0,0.0
1,     27899,7709,        1583386072,0.0,0.0
0,     27901,0,        1583423751,0.0,2226
1,     27903,7710,        1583586076,0.0,0.0
0,     27905,0,        1583656373,0.0,530
0,     27907,0,        1583773832,0.0,1493
1,     27909,7711,        1583786076,0.0,0.0
1,     27911,7712,        1583986076,0.0,0.0
0,     27913,0,        1584052718,0.0,2737
0,     27915,0,        1584181839,0.0,5642
1,     27917,7713,        1584186080,0.0,0.0
1,     27919,7714,        1584386080,0.0,0.0
1,     27921,7715,        1584586080,0.0,0.0
1,     27923,7716,        1584786080,0.0,0.0
1,     27925,7717,        1584986084,0.0,0.0
1,     27927,7718,        1585186084,0.0,0.0
1,     27929,7719,        1585386084,0.0,0.0
1,     27931,7720,        1585586088,0.0,0.0
0,     27933,0,        1585746312,0.0,133
1,     27935,7721,        1585786088,0.0,0.0
0,     27937,0,        1585924348,0.0,4822
1,     27939,7722,        1585986088,0.0,0.0
0,     27941,0,        1586015667,0.0,3752
1,     27943,7723,        1586186092,0.0,0.0
1,     27945,7724,        1586386092,0.0,0.0
0,     27947,0,        1586421377,0.0,4364
1,     27949,7725,        1586586092,0.0,0.0
0,     27951,0,        1586766502,0.0,4088
1,     27953,7726,        1586786092,0.0,0.0
0,     27955,0,        1586857403,0.0,3835
0,     27957,0,        1586905390,0.0,5103
0,     27959,0,        1586908152,0.0,2671
1,     27961,7727,        1586986096,0.0,0.0
1,     27963,7728,        1587186096,0.0,0.0
0,     27965,0,        1587349715,0.0,6171
1,     27967,7729,        1587386096,0.0,0.0
1,     27969,7730,        1587586100,0.0,0.0
1,     27971,7731,        1587786100,0.0,0.0
1,     27973,7732,        1587986100,0.0,0.0
1,     27975,7733,        1588186104,0.0,0.0
1,     27977,7734,        1588386104,0.0,0.0
1,     27979,7735,        1588586104,0.0,0.0
1,     27981,7736,        1588786104,0.0,0.0
0,     27983,0,        1588906397,0.0,2935
1,     27985,7737,        1588986108,0.0,0.0
1,     27987,7738,        1589186108,0.0,0.0
0,     27989,0,        1589308893,0.0,592
1,     27991,7739,        1589386108,0.0,0.0
1,     27993,7740,        1589586112,0.0,0.0
1,     27995,7741,        1589786112,0.0,0.0
0,     27997,0,        1589813583,0.0,395
1,     27999,7742,        1589986112,0.0,0.0
0,     28001,0,        1590028900,0.0,429
0,     28003,0,        1590067159,0.0,1139
1,     28005,7743,        1590186116,0.0,0.0
1,     28007,7744,        1590386116,0.0,0.0
1,     28009,7745,        1590586116,0.0,0.0
1,     28011,7746,        1590786116,0.0,0.0
0,     28013,0,        1590833030,0.0,4934
0,     28015,0,        1590882105,0.0,1238
0,     28017,0,        1590976556,0.0,1096
1,     28019,7747,        1590986120,0.0,0.0
0,     28021,0,        1591105867,0.0,2470
1,     28023,7748,        1591186120,0.0,0.0
1,     28025,7749,        1591386120,0.0,0.0
1,     28027,7750,        1591586124,0.0,0.0
1,     28029,7751,        1591786124,0.0,0.0
0,     28031,0,        1591892984,0.0,3741
1,     28033,7752,        1591986124,0.0,0.0
1,     28035,7753,        1592186128,0.0,0.0
1,     28037,7754,        1592386128,0.0,0.0
0,     28039,0,        1592498075,0.0,896
1,     28041,7755,        1592586128,0.0,0.0
0,     28043,0,        1592714113,0.0,2829
1,     28045,7756,        1592786128,0.0,0.0
1,     28047,7757,        1592986132,0.0,0.0
1,     28049,7758,        1593186132,0.0,0.0
1,     28051,7759,        1593386132,0.0,0.0
1,     28053,7760,        1593586136,0.0,0.0
1,     28055,7761,        1593786136,0.0,0.0
1,     28057,7762,        1593986136,0.0,0.0
1,     28059,7763,        1594186136,0.0,0.0
0,     28061,0,        1594204474,0.0,4109
0,     28063,0,        1594270609,0.0,2710
1,     28065,7764,        1594386140,0.0,0.0
0,     28067,0,        1594470490,0.0,2785
1,     28069,7765,        1594586140,0.0,0.0
1,     28071,7766,        1594786140,0.0,0.0
1,     28073,7767,        1594986144,0.0,0.0
0,     28075,0,        1595096996,0.0,1606
1,     28077,7768,        1595186144,0.0,0.0
0,     28079,0,        1595245468,0.0,4608
0,     28081,0,        1595269198,0.0,6018
1,     28083,7769,        1595386144,0.0,0.0
1,     28085,7770,        1595586148,0.0,0.0
0,     28087,0,        1595632562,0.0,940
1,     28089,7771,        1595786148,0.0,0.0
0,     28091,0,        1595897429,0.0,4836
1,     28093,7772,        1595986148,0.0,0.0
0,     28095,0,        1596030537,0.0,423
0,     28097,0,        1596125305,0.0,2646
1,     28099,7773,        1596186148,0.0,0.0
0,     28101,0,        1596229124,0.0,2927
0,     28102,0,        1596229226,0.0,5551
1,     28104,7774,        1596386152,0.0,0.0
0,     28106,0,        1596423261,0.0,1947
0,     28108,0,        1596495446,0.0,5965
1,     28110,7775,        1596586152,0.0,0.0
0,     28112,0,        1596596424,0.0,2936
0,     28114,0,        1596639198,0.0,3778
0,     28116,0,        1596715355,0.0,1073
1,     28118,7776,        1596786152,0.0,0.0
0,     28120,0,        1596801615,0.0,1360
1,     28122,7777,        1596986156,0.0,0.0
0,     28124,0,        1597072576,0.0,2223
0,     28126,0,        1597165951,0.0,2812
1,     28128,7778,        1597186156,0.0,0.0
0,     28130,0,        1597264840,0.0,1749
1,     28132,7779,        1597386156,0.0,0.0
1,     28134,7780,        1597586160,0.0,0.0
0,     28136,0,        1597617525,0.0,1463
0,     28138,0,        1597646861,0.0,5919
1,     28140,7781,        1597786160,0.0,0.0
0,     28142,0,        1597938666,0.0,1004
0,     28144,0,        1597972113,0.0,6120
1,     28146,7782,        1597986160,0.0,0.0
0,     28148,0,        1598027237,0.0,2009
0,     28150,0,        1598152595,0.0,2626
0,     28152,0,        1598183194,0.0,3370
1,     28154,7783,        1598186160,0.0,0.0
1,     28156,7784,        1598386164,0.0,0.0
0,     28158,0,        1598427482,0.0,910
0,     28160,0,        1598575468,0.0,5540
1,     28162,7785,        1598586164,0.0,0.0
0,     28164,0,        1598748779,0.0,1720
1,     28166,7786,        1598786164,0.0,0.0
1,     28168,7787,        1598986168,0.0,0.0
0,     28170,0,        1599137414,0.0,5672
1,     28172,7788,        1599186168,0.0,0.0
1,     28174,7789,        1599386168,0.0,0.0
1,     28176,7790,        1599586168,0.0,0.0
0,     28178,0,        1599709393,0.0,3166
1,     28180,7791,        1599786172,0.0,0.0
1,     28182,7792,        1599986172,0.0,0.0
1,     28184,7793,        1600186172,0.0,0.0
1,     28186,7794,        1600386176,0.0,0.0
0,     28188,0,        1600572432,0.0,176
1,     28190,7795,        1600586176,0.0,0.0
1,     28192,7796,        1600786176,0.0,0.0
0,     28194,0,        1600986010,0.0,3703
1,     28196,7797,        1600986180,0.0,0.0
1,     28198,7798,        1601186180,0.0,0.0
1,     28200,7799,        1601386180,0.0,0.0
1,     28202,7800,        1601586180,0.0,0.0
1,     28204,7801,        1601786184,0.0,0.0
0,     28206,0,        1601912839,0.0,5085
0,     28208,0,        1601972136,0.0,1896
1,     28210,7802,        1601986184,0.0,0.0
1,     28212,7803,        1602186184,0.0,0.0
0,     28214,0,        1602213262,0.0,854
0,     28216,0,        1602215800,0.0,5924
0,     28218,0,        1602240113,0.0,5597
1,     28220,7804,        1602386188,0.0,0.0
0,     28222,0,        1602478663,0.0,1004
1,     28224,7805,        1602586188,0.0,0.0
0,     28226,0,        1602586646,0.0,3490
0,     28228,0,        1602740216,0.0,3981
1,     28230,7806,        1602786188,0.0,0.0
1,     28232,7807,        1602986192,0.0,0.0
1,     28234,7808,        1603186192,0.0,0.0
1,     28236,7809,        1603386192,0.0,0.0
0,     28238,0,        1603516500,0.0,4738
0,     28240,0,        1603519224,0.0,5970
1,     28242,7810,        1603586192,0.0,0.0
0,     28244,0,        1603647918,0.0,1132
1,     28246,7811,        1603786196,0.0,0.0
0,     28248,0,        1603860619,0.0,1898
0,     28249,0,        1603860707,0.0,4011
1,     28251,7812,        1603986196,0.0,0.0
1,     28253,7813,        1604186196,0.0,0.0
0,     28255,0,        1604321859,0.0,5009
1,     28257,7814,        1604386200,0.0,0.0
1,     28259,7815,        1604586200,0.0,0.0
1,     28261,7816,        1604786200,0.0,0.0
1,     28263,7817,        1604986204,0.0,0.0
1,     28265,7818,        1605186204,0.0,0.0
0,     28267,0,        1605199010,0.0,2235
1,     28269,7819,        1605386204,0.0,0.0
0,     28271,0,        1605506678,0.0,5250
1,     28273,7820,        1605586204,0.0,0.0
0,     28275,0,        1605591309,0.0,2207
1,     28277,7821,        1605786208,0.0,0.0
0,     28279,0,        1605887593,0.0,722
1,     28281,7822,        1605986208,0.0,0.0
1,     28283,7823,        1606186208,0.0,0.0
1,     28285,7824,        1606386212,0.0,0.0
1,     28287,7825,        1606586212,0.0,0.0
1,     28289,7826,        1606786212,0.0,0.0
0,     28291,0,        1606797150,0.0,1387
0,     28293,0,        1606957015,0.0,4392
1,     28295,7827,        1606986216,0.0,0.0
0,     28297,0,        1607132721,0.0,2534
1,     28299,7828,        1607186216,0.0,0.0
0,     28301,0,        1607230607,0.0,4959
0,     28303,0,        1607341350,0.0,6171
1,     28305,7829,        1607386216,0.0,0.0
0,     28307,0,        1607416285,0.0,3985
0,     28309,0,        1607458240,0.0,5859
1,     28311,7830,        1607586216,0.0,0.0
1,     28313,7831,        1607786220,0.0,0.0
0,     28315,0,        1607837133,0.0,2500
1,     28317,7832,        1607986220,0.0,0.0
1,     28319,7833,        1608186220,0.0,0.0
0,     28321,0,        1608230313,0.0,2335
0,     28323,0,        1608335132,0.0,3920
1,     28325,7834,        1608386224,0.0,0.0
0,     28327,0,        1608415656,0.0,92
0,     28329,0,        1608466202,0.0,378
1,     28331,7835,        1608586224,0.0,0.0
1,     28333,7836,        1608786224,0.0,0.0
0,     28335,0,        1608976568,0.0,3277
1,     28337,7837,        1608986224,0.0,0.0
1,     28339,7838,        1609186228,0.0,0.0
1,     28341,7839,        1609386228,0.0,0.0
0,     28343,0,        1609401019,0.0,4720
0,     28345,0,        1609452115,0.0,599
1,     28347,7840,        1609586228,0.0,0.0
0,     28349,0,        1609658795,0.0,2974
1,     28351,7841,        1609786232,0.0,0.0
1,     28353,7842,        1609986232,0.0,0.0
1,     28355,7843,        1610186232,0.0,0.0
1,     28357,7844,        1610386236,0.0,0.0
1,     28359,7845,        1610586236,0.0,0.0
0,     28361,0,        1610694239,0.0,1988
0,     28362,0,        1610694285,0.0,3349
1,     28364,7846,        1610786236,0.0,0.0
0,     28366,0,        1610957185,0.0,1352
1,     28368,7847,        1610986236,0.0,0.0
0,     28370,0,        1610988883,0.0,277
0,     28372,0,        1611097820,0.0,5008
1,     28374,7848,        1611186240,0.0,0.0
0,     28376,0,        1611213608,0.0,191
1,     28378,7849,        1611386240,0.0,0.0
0,     28380,0,        1611472425,0.0,5350
1,     28382,7850,        1611586240,0.0,0.0
0,     28384,0,        1611612296,0.0,4977
0,     28386,0,        1611650633,0.0,5000
0,     28388,0,        1611778370,0.0,2089
1,     28390,7851,        1611786244,0.0,0.0
1,     28392,7852,        1611986244,0.0,0.0
1,     28394,7853,        1612186244,0.0,0.0
0,     28396,0,        1612264467,0.0,2199
1,     28398,7854,        1612386248,0.0,0.0
0,     28400,0,        1612554455,0.0,5365
1,     28402,7855,        1612586248,0.0,0.0
0,     28404,0,        1612743344,0.0,4415
1,     28406,7856,        1612786248,0.0,0.0
0,     28408,0,        1612809866,0.0,3606
0,     28409,0,        1612809890,0.0,625
0,     28411,0,        1612826765,0.0,4063
0,     28413,0,        1612871877,0.0,2750
1,     28415,7857,        1612986248,0.0,0.0
1,     28417,7858,        1613186252,0.0,0.0
1,     28419,7859,        1613386252,0.0,0.0
1,     28421,7860,        1613586252,0.0,0.0
1,     28423,7861,        1613786256,0.0,0.0
0,     28425,0,        1613918625,0.0,4073
1,     28427,7862,        1613986256,0.0,0.0
1,     28429,7863,        1614186256,0.0,0.0
1,     28431,7864,        1614386260,0.0,0.0
0,     28433,0,        1614425412,0.0,2779
1,     28435,7865,        1614586260,0.0,0.0
1,     28437,7866,        1614786260,0.0,0.0
1,     28439,7867,        1614986260,0.0,0.0
1,     28441,7868,        1615186264,0.0,0.0
0,     28443,0,        1615296748,0.0,5695
1,     28445,7869,        1615386264,0.0,0.0
1,     28447,7870,        1615586264,0.0,0.0
1,     28449,7871,        1615786268,0.0,0.0
1,     28451,7872,        1615986268,0.0,0.0
1,     28453,7873,        1616186268,0.0,0.0
1,     28455,7874,        1616386272,0.0,0.0
0,     28457,0,        1616488760,0.0,3354
1,     28459,7875,        1616586272,0.0,0.0
0,     28461,0,        1616630216,0.0,4746
1,     28463,7876,        1616786272,0.0,0.0
1,     28465,7877,        1616986272,0.0,0.0
0,     28467,0,        1616993005,0.0,1142
0,     28469,0,        1617165401,0.0,3516
1,     28471,7878,        1617186276,0.0,0.0
1,     28473,7879,        1617386276,0.0,0.0
1,     28475,7880,        1617586276,0.0,0.0
1,     28477,7881,        1617786280,0.0,0.0
1,     28479,7882,        1617986280,0.0,0.0
1,     28481,7883,        1618186280,0.0,0.0
1,     28483,7884,        1618386280,0.0,0.0
0,     28485,0,        1618575080,0.0,3993
0,     28487,0,        1618575381,0.0,104
1,     28489,7885,        1618586284,0.0,0.0
0,     28491,0,        1618592263,0.0,5279
0,     28493,0,        1618596654,0.0,4549
0,     28495,0,        1618781769,0.0,2045
1,     28497,7886,        1618786284,0.0,0.0
0,     28499,0,        1618830843,0.0,2650
1,     28501,7887,        1618986284,0.0,0.0
0,     28503,0,        1619009940,0.0,859
1,     28505,7888,        1619186288,0.0,0.0
0,     28507,0,        1619213072,0.0,5655
1,     28509,7889,        1619386288,0.0,0.0
0,     28511,0,        1619510374,0.0,4916
1,     28513,7890,        1619586288,0.0,0.0
0,     28515,0,        1619645703,0.0,2096
1,     28517,7891,        1619786292,0.0,0.0
0,     28519,0,        1619836897,0.0,3982
1,     28521,7892,        1619986292,0.0,0.0
1,     28523,7893,        1620186292,0.0,0.0
0,     28525,0,        1620202269,0.0,4137
1,     28527,7894,        1620386292,0.0,0.0
1,     28529,7895,        1620586296,0.0,0.0
1,     28531,7896,        1620786296,0.0,0.0
0,     28533,0,        1620929261,0.0,1789
1,     28535,7897,        1620986296,0.0,0.0
1,     28537,7898,        1621186300,0.0,0.0
0,     28539,0,        1621226102,0.0,3148
1,     28541,7899,        1621386300,0.0,0.0
1,     28543,7900,        1621586300,0.0,0.0
0,     28545,0,        1621603768,0.0,6239
0,     28547,0,        1621610197,0.0,6116
1,     28549,7901,        1621786304,0.0,0.0
1,     28551,7902,        1621986304,0.0,0.0
1,     28553,7903,        1622186304,0.0,0.0
0,     28555,0,        1622257154,0.0,677
1,     28557,7904,        1622386304,0.0,0.0
0,     28559,0,        1622432149,0.0,3102
1,     28561,7905,        1622586308,0.0,0.0
0,     28563,0,        1622614068,0.0,5120
1,     28565,7906,        1622786308,0.0,0.0
1,     28567,7907,        1622986308,0.0,0.0
0,     28569,0,        1622994686,0.0,4025
0,     28571,0,        1623130812,0.0,3394
1,     28573,7908,        1623186312,0.0,0.0
1,     28575,7909,        1623386312,0.0,0.0
0,     28577,0,        1623412877,0.0,3631
0,     28579,0,        1623547567,0.0,3080
1,     28581,7910,        1623586312,0.0,0.0
1,     28583,7911,        1623786312,0.0,0.0
0,     28585,0,        1623813977,0.0,1275
1,     28587,7912,        1623986316,0.0,0.0
1,     28589,7913,        1624186316,0.0,0.0
0,     28591,0,        1624311760,0.0,4961
0,     28593,0,        1624350766,0.0,3015
1,     28595,7914,        1624386316,0.0,0.0
1,     28597,7915,        1624586320,0.0,0.0
1,     28599,7916,        1624786320,0.0,0.0
1,     28601,7917,        1624986320,0.0,0.0
0,     28603,0,        1625132297,0.0,1087
1,     28605,7918,        1625186324,0.0,0.0
1,     28607,7919,        1625386324,0.0,0.0
0,     28609,0,        1625516214,0.0,3974
1,     28611,7920,        1625586324,0.0,0.0
0,     28613,0,        1625631966,0.0,742
1,     28615,7921,        1625786324,0.0,0.0
1,     28617,7922,        1625986328,0.0,0.0
0,     28619,0,        1625991826,0.0,5286
0,     28621,0,        1626053435,0.0,3727
1,     28623,7923,        1626186328,0.0,0.0
0,     28625,0,        1626274309,0.0,4754
1,     28627,7924,        1626386328,0.0,0.0
1,     28629,7925,        1626586332,0.0,0.0
1,     28631,7926,        1626786332,0.0,0.0
0,     28633,0,        1626938654,0.0,2395
0,     28635,0,        1626982572,0.0,3365
1,     28637,7927,        1626986332,0.0,0.0
0,     28639,0,        1627006304,0.0,363
0,     28641,0,        1627094394,0.0,5209
0,     28643,0,        1627119293,0.0,2539
0,     28645,0,        1627148735,0.0,3159
1,     28647,7928,        1627186336,0.0,0.0
0,     28649,0,        1627217673,0.0,2975
1,     28651,7929,        1627386336,0.0,0.0
0,     28653,0,        1627502908,0.0,1371
1,     28655,7930,        1627586336,0.0,0.0
1,     28657,7931,        1627786336,0.0,0.0
1,     28659,7932,        1627986340,0.0,0.0
0,     28661,0,        1628085292,0.0,4461
0,     28663,0,        1628156155,0.0,73
1,     28665,7933,        1628186340,0.0,0.0
1,     28667,7934,        1628386340,0.0,0.0
1,     28669,7935,        1628586344,0.0,0.0
1,     28671,7936,        1628786344,0.0,0.0
1,     28673,7937,        1628986344,0.0,0.0
1,     28675,7938,        1629186348,0.0,0.0
0,     28677,0,        1629234942,0.0,424
1,     28679,7939,        1629386348,0.0,0.0
0,     28681,0,        1629389834,0.0,4605
0,     28683,0,        1629493365,0.0,320
0,     28685,0,        1629522530,0.0,249
1,     28687,7940,        1629586348,0.0,0.0
1,     28689,7941,        1629786348,0.0,0.0
1,     28691,7942,        1629986352,0.0,0.0
0,     28693,0,        1630091184,0.0,3442
0,     28695,0,        1630134091,0.0,1978
0,     28697,0,        1630176813,0.0,3862
0,     28698,0,        1630176815,0.0,3834
1,     28700,7943,        1630186352,0.0,0.0
0,     28702,0,        1630226771,0.0,3759
0,     28703,0,        1630227052,0.0,5779
0,     28705,0,        1630242223,0.0,3192
0,     28707,0,        1630267881,0.0,5184
1,     28709,7944,        1630386352,0.0,0.0
1,     28711,7945,        1630586356,0.0,0.0
1,     28713,7946,        1630786356,0.0,0.0
0,     28715,0,        1630840339,0.0,2131
0,     28717,0,        1630956350,0.0,5968
1,     28719,7947,        1630986356,0.0,0.0
0,     28721,0,        1631143898,0.0,4773
0,     28723,0,        1631172077,0.0,820
1,     28725,7948,        1631186356,0.0,0.0
0,     28727,0,        1631237477,0.0,690
0,     28729,0,        1631331869,0.0,473
1,     28731,7949,        1631386360,0.0,0.0
0,     28733,0,        1631464423,0.0,524
0,     28735,0,        1631528515,0.0,2193
0,     28737,0,        1631540888,0.0,1246
1,     28739,7950,        1631586360,0.0,0.0
0,     28741,0,        1631709014,0.0,5165
1,     28743,7951,        1631786360,0.0,0.0
1,     28745,7952,        1631986364,0.0,0.0
1,     28747,7953,        1632186364,0.0,0.0
0,     28749,0,        1632367111,0.0,2830
1,     28751,7954,        1632386364,0.0,0.0
1,     28753,7955,        1632586368,0.0,0.0
1,     28755,7956,        1632786368,0.0,0.0
0,     28757,0,        1632942164,0.0,2850
1,     28759,7957,        1632986368,0.0,0.0
0,     28761,0,        1633034810,0.0,6232
1,     28763,7958,        1633186368,0.0,0.0
1,     28765,7959,        1633386372,0.0,0.0
1,     28767,7960,        1633586372,0.0,0.0
1,     28769,7961,        1633786372,0.0,0.0
1,     28771,7962,        1633986376,0.0,0.0
1,     28773,7963,        1634186376,0.0,0.0
1,     28775,7964,        1634386376,0.0,0.0
0,     28777,0,        1634416999,0.0,3315
1,     28779,7965,        1634586380,0.0,0.0
0,     28781,0,        1634746363,0.0,1241
1,     28783,7966,        1634786380,0.0,0.0
0,     28785,0,        1634801699,0.0,4420
0,     28787,0,        1634832204,0.0,3004
1,     28789,7967,        1634986380,0.0,0.0
0,     28791,0,        1635016396,0.0,3249
0,     28793,0,        1635043631,0.0,3063
0,     28795,0,        1635143854,0.0,1583
0,     28797,0,        1635169839,0.0,5104
1,     28799,7968,        1635186380,0.0,0.0
0,     28801,0,        1635244629,0.0,469
0,     28803,0,        1635335898,0.0,700
1,     28805,7969,        1635386384,0.0,0.0
0,     28807,0,        1635389363,0.0,302
1,     28809,7970,        1635586384,0.0,0.0
0,     28811,0,        1635736912,0.0,2143
0,     28813,0,        1635774106,0.0,3462
1,     28815,7971,        1635786384,0.0,0.0
0,     28817,0,        1635825109,0.0,2885
0,     28819,0,        1635843157,0.0,4989
0,     28820,0,        1635843161,0.0,482
1,     28822,7972,        1635986388,0.0,0.0
0,     28824,0,        1636178957,0.0,2877
1,     28826,7973,        1636186388,0.0,0.0
1,     28828,7974,        1636386388,0.0,0.0
1,     28830,7975,        1636586392,0.0,0.0
1,     28832,7976,        1636786392,0.0,0.0
1,     28834,7977,        1636986392,0.0,0.0
1,     28836,7978,        1637186392,0.0,0.0
0,     28838,0,        1637335499,0.0,3381
1,     28840,7979,        1637386396,0.0,0.0
1,     28842,7980,        1637586396,0.0,0.0
1,     28844,7981,        1637786396,0.0,0.0
0,     28846,0,        1637801797,0.0,4148
1,     28848,7982,        1637986400,0.0,0.0
1,     28850,7983,        1638186400,0.0,0.0
1,     28852,7984,        1638386400,0.0,0.0
1,     28854,7985,        1638586404,0.0,0.0
0,     28856,0,        1638685261,0.0,4582
1,     28858,7986,        1638786404,0.0,0.0
1,     28860,7987,        1638986404,0.0,0.0
0,     28862,0,        1639087068,0.0,5694
0,     28864,0,        1639087380,0.0,391
0,     28866,0,        1639118273,0.0,821
1,     28868,7988,        1639186404,0.0,0.0
1,     28870,7989,        1639386408,0.0,0.0
1,     28872,7990,        1639586408,0.0,0.0
1,     28874,7991,        1639786408,0.0,0.0
1,     28876,7992,        1639986412,0.0,0.0
1,     28878,7993,        1640186412,0.0,0.0
0,     28880,0,        1640290186,0.0,4274
1,     28882,7994,        1640386412,0.0,0.0
0,     28884,0,        1640567988,0.0,2171
1,     28886,7995,        1640586412,0.0,0.0
0,     28888,0,        1640605752,0.0,647
1,     28890,7996,        1640786416,0.0,0.0
0,     28892,0,        1640856816,0.0,3334
1,     28894,7997,        1640986416,0.0,0.0
0,     28896,0,        1641009086,0.0,2203
1,     28898,7998,        1641186416,0.0,0.0
0,     28900,0,        1641244854,0.0,2554
1,     28902,7999,        1641386420,0.0,0.0
0,     28904,0,        1641544412,0.0,5161
1,     28906,8000,        1641586420,0.0,0.0
1,     28908,8001,        1641786420,0.0,0.0
1,     28910,8002,        1641986424,0.0,0.0
1,     28912,8003,        1642186424,0.0,0.0
1,     28914,8004,        1642386424,0.0,0.0
0,     28916,0,        1642432574,0.0,2225
0,     28918,0,        1642539814,0.0,1088
0,     28920,0,        1642540233,0.0,3861
1,     28922,8005,        1642586424,0.0,0.0
1,     28924,8006,        1642786428,0.0,0.0
1,     28926,8007,        1642986428,0.0,0.0
0,     28928,0,        1643115642,0.0,2747
1,     28930,8008,        1643186428,0.0,0.0
1,     28932,8009,        1643386432,0.0,0.0
1,     28934,8010,        1643586432,0.0,0.0
1,     28936,8011,        1643786432,0.0,0.0
1,     28938,8012,        1643986436,0.0,0.0
0,     28940,0,        1644143172,0.0,5492
0,     28942,0,        1644158577,0.0,4524
1,     28944,8013,        1644186436,0.0,0.0
0,     28946,0,        1644208976,0.0,4253
0,     28948,0,        1644302295,0.0,3255
0,     28950,0,        1644376889,0.0,247
1,     28952,8014,        1644386436,0.0,0.0
1,     28954,8015,        1644586436,0.0,0.0
0,     28956,0,        1644634447,0.0,1349
0,     28958,0,        1644640371,0.0,4439
1,     28960,8016,        1644786440,0.0,0.0
1,     28962,8017,        1644986440,0.0,0.0
1,     28964,8018,        1645186440,0.0,0.0
0,     28966,0,        1645311912,0.0,4973
1,     28968,8019,        1645386444,0.0,0.0
1,     28970,8020,        1645586444,0.0,0.0
0,     28972,0,        1645681588,0.0,5209
1,     28974,8021,        1645786444,0.0,0.0
1,     28976,8022,        1645986444,0.0,0.0
1,     28978,8023,        1646186448,0.0,0.0
0,     28980,0,        1646278773,0.0,3261
0,     28982,0,        1646316855,0.0,2115
1,     28984,8024,        1646386448,0.0,0.0
0,     28986,0,        1646521947,0.0,1158
1,     28988,8025,        1646586448,0.0,0.0
0,     28990,0,        1646597890,0.0,5398
1,     28992,8026,        1646786452,0.0,0.0
0,     28994,0,        1646902998,0.0,2892
1,     28996,8027,        1646986452,0.0,0.0
0,     28998,0,        1647015792,0.0,2181
1,     29000,8028,        1647186452,0.0,0.0
1,     29002,8029,        1647386456,0.0,0.0
0,     29004,0,        1647398162,0.0,2556
1,     29006,8030,        1647586456,0.0,0.0
0,     29008,0,        1647725564,0.0,3567
1,     29010,8031,        1647786456,0.0,0.0
0,     29012,0,        1647978741,0.0,3307
1,     29014,8032,        1647986456,0.0,0.0
1,     29016,8033,        1648186460,0.0,0.0
0,     29018,0,        1648285504,0.0,3317
0,     29020,0,        1648386082,0.0,5681
1,     29021,8034,        1648386460,0.0,0.0
1,     29023,8035,        1648586460,0.0,0.0
1,     29025,8036,        1648786464,0.0,0.0
1,     29027,8037,        1648986464,0.0,0.0
1,     29029,8038,        1649186464,0.0,0.0
0,     29031,0,        1649223621,0.0,1783
0,     29033,0,        1649329122,0.0,3919
0,     29035,0,        1649329161,0.0,172
1,     29037,8039,        1649386468,0.0,0.0
0,     29039,0,        1649406538,0.0,6038
1,     29041,8040,        1649586468,0.0,0.0
0,     29043,0,        1649679466,0.0,5606
1,     29045,8041,        1649786468,0.0,0.0
0,     29047,0,        1649787813,0.0,1888
0,     29049,0,        1649795503,0.0,2287
0,     29050,0,        1649796002,0.0,486
1,     29052,8042,        1649986468,0.0,0.0
0,     29054,0,        1650157296,0.0,3849
1,     29056,8043,        1650186472,0.0,0.0
1,     29058,8044,        1650386472,0.0,0.0
0,     29060,0,        1650488689,0.0,1255
1,     29062,8045,        1650586472,0.0,0.0
1,     29064,8046,        1650786476,0.0,0.0
0,     29066,0,        1650965201,0.0,2372
1,     29068,8047,        1650986476,0.0,0.0
0,     29070,0,        1651072750,0.0,2164
1,     29072,8048,        1651186476,0.0,0.0
0,     29074,0,        1651281748,0.0,3446
0,     29076,0,        1651282685,0.0,1080
1,     29078,8049,        1651386480,0.0,0.0
0,     29080,0,        1651395358,0.0,799
1,     29082,8050,        1651586480,0.0,0.0
0,     29084,0,        1651739173,0.0,4706
1,     29086,8051,        1651786480,0.0,0.0
1,     29088,8052,        1651986480,0.0,0.0
1,     29090,8053,        1652186484,0.0,0.0
0,     29092,0,        1652256514,0.0,3157
0,     29094,0,        1652375546,0.0,3621
1,     29096,8054,        1652386484,0.0,0.0
1,     29098,8055,        1652586484,0.0,0.0
0,     29100,0,        1652662947,0.0,3411
1,     29102,8056,        1652786488,0.0,0.0
0,     29104,0,        1652802242,0.0,6175
1,     29106,8057,        1652986488,0.0,0.0
0,     29108,0,        1653173098,0.0,188
1,     29110,8058,        1653186488,0.0,0.0
1,     29112,8059,        1653386492,0.0,0.0
0,     29114,0,        1653407790,0.0,3522
0,     29116,0,        1653497857,0.0,5559
1,     29118,8060,        1653586492,0.0,0.0
0,     29120,0,        1653690904,0.0,49
1,     29122,8061,        1653786492,0.0,0.0
1,     29124,8062,        1653986492,0.0,0.0
0,     29126,0,        1654057011,0.0,3601
1,     29128,8063,        1654186496,0.0,0.0
0,     29130,0,        1654372739,0.0,3488
1,     29132,8064,        1654386496,0.0,0.0
1,     29134,8065,        1654586496,0.0,0.0
0,     29136,0,        1654687269,0.0,1491
1,     29138,8066,        1654786500,0.0,0.0
0,     29140,0,        1654793547,0.0,3237
1,     29142,8067,        1654986500,0.0,0.0
0,     29143,0,        1654986502,0.0,5124
1,     29145,8068,        1655186500,0.0,0.0
1,     29147,8069,        1655386500,0.0,0.0
1,     29149,8070,        1655586504,0.0,0.0
0,     29151,0,        1655692706,0.0,1787
1,     29153,8071,        1655786504,0.0,0.0
0,     29155,0,        1655899503,0.0,1515
1,     29157,8072,        1655986504,0.0,0.0
1,     29159,8073,        1656186508,0.0,0.0
0,     29161,0,        1656350912,0.0,4521
0,     29162,0,        1656350979,0.0,4329
1,     29164,8074,        1656386508,0.0,0.0
1,     29166,8075,        1656586508,0.0,0.0
0,     29168,0,        1656591588,0.0,5591
0,     29170,0,        1656679637,0.0,744
1,     29172,8076,        1656786512,0.0,0.0
0,     29174,0,        1656867580,0.0,1092
1,     29176,8077,        1656986512,0.0,0.0
0,     29178,0,        1657124436,0.0,2924
0,     29180,0,        1657128737,0.0,2753
1,     29182,8078,        1657186512,0.0,0.0
1,     29184,8079,        1657386512,0.0,0.0
1,     29186,8080,        1657586516,0.0,0.0
0,     29188,0,        1657604048,0.0,2970
1,     29190,8081,        1657786516,0.0,0.0
0,     29192,0,        1657957523,0.0,2625
1,     29194,8082,        1657986516,0.0,0.0
1,     29196,8083,        1658186520,0.0,0.0
1,     29198,8084,        1658386520,0.0,0.0
0,     29200,0,        1658389219,0.0,3853
0,     29202,0,        1658549299,0.0,2196
1,     29204,8085,        1658586520,0.0,0.0
1,     29206,8086,        1658786524,0.0,0.0
0,     29208,0,        1658942892,0.0,2748
1,     29210,8087,        1658986524,0.0,0.0
0,     29212,0,        1659161329,0.0,5805
1,     29214,8088,        1659186524,0.0,0.0
0,     29216,0,        1659283391,0.0,1106
1,     29218,8089,        1659386524,0.0,0.0
0,     29220,0,        1659414863,0.0,443
1,     29222,8090,        1659586528,0.0,0.0
0,     29224,0,        1659714996,0.0,1257
0,     29226,0,        1659728587,0.0,6212
1,     29228,8091,        1659786528,0.0,0.0
1,     29230,8092,        1659986528,0.0,0.0
0,     29232,0,        1659993830,0.0,4188
1,     29234,8093,        1660186532,0.0,0.0
0,     29236,0,        1660351467,0.0,3570
1,     29238,8094,        1660386532,0.0,0.0
0,     29240,0,        1660497634,0.0,2952
0,     29242,0,        1660531969,0.0,1846
0,     29244,0,        1660567244,0.0,1392
0,     29246,0,        1660568323,0.0,2887
0,     29248,0,        1660570201,0.0,3995
1,     29250,8095,        1660586532,0.0,0.0
0,     29252,0,        1660677499,0.0,4536
0,     29254,0,        1660769991,0.0,5493
1,     29256,8096,        1660786536,0.0,0.0
0,     29258,0,        1660898400,0.0,5124
0,     29260,0,        1660982651,0.0,2881
1,     29262,8097,        1660986536,0.0,0.0
0,     29264,0,        1661009416,0.0,817
1,     29266,8098,        1661186536,0.0,0.0
0,     29268,0,        1661323595,0.0,2040
0,     29270,0,        1661356578,0.0,3954
1,     29272,8099,        1661386536,0.0,0.0
0,     29274,0,        1661444449,0.0,4894
1,     29276,8100,        1661586540,0.0,0.0
1,     29278,8101,        1661786540,0.0,0.0
1,     29280,8102,        1661986540,0.0,0.0
1,     29282,8103,        1662186544,0.0,0.0
1,     29284,8104,        1662386544,0.0,0.0
1,     29286,8105,        1662586544,0.0,0.0
1,     29288,8106,        1662786548,0.0,0.0
0,     29290,0,        1662932163,0.0,1480
1,     29292,8107,        1662986548,0.0,0.0
0,     29294,0,        1663028998,0.0,4574
1,     29296,8108,        1663186548,0.0,0.0
1,     29298,8109,        1663386548,0.0,0.0
1,     29300,8110,        1663586552,0.0,0.0
1,     29302,8111,        1663786552,0.0,0.0
0,     29304,0,        1663933695,0.0,1993
1,     29306,8112,        1663986552,0.0,0.0
1,     29308,8113,        1664186556,0.0,0.0
0,     29310,0,        1664348642,0.0,5773
1,     29312,8114,        1664386556,0.0,0.0
1,     29314,8115,        1664586556,0.0,0.0
0,     29316,0,        1664591229,0.0,306
1,     29318,8116,        1664786556,0.0,0.0
1,     29320,8117,        1664986560,0.0,0.0
1,     29322,8118,        1665186560,0.0,0.0
0,     29324,0,        1665317781,0.0,825
1,     29326,8119,        1665386560,0.0,0.0
1,     29328,8120,        1665586564,0.0,0.0
1,     29330,8121,        1665786564,0.0,0.0
1,     29332,8122,        1665986564,0.0,0.0
1,     29334,8123,        1666186568,0.0,0.0
0,     29336,0,        1666195947,0.0,4526
0,     29338,0,        1666334245,0.0,240
1,     29340,8124,        1666386568,0.0,0.0
1,     29342,8125,        1666586568,0.0,0.0
1,     29344,8126,        1666786568,0.0,0.0
0,     29346,0,        1666850215,0.0,2458
0,     29348,0,        1666934475,0.0,4942
1,     29350,8127,        1666986572,0.0,0.0
0,     29351,0,        1666986591,0.0,4768
0,     29353,0,        1667042560,0.0,3654
0,     29355,0,        1667150774,0.0,1998
1,     29357,8128,        1667186572,0.0,0.0
0,     29359,0,        1667232094,0.0,3105
1,     29361,8129,        1667386572,0.0,0.0
0,     29363,0,        1667551272,0.0,5871
1,     29365,8130,        1667586576,0.0,0.0
0,     29367,0,        1667593231,0.0,3034
1,     29369,8131,        1667786576,0.0,0.0
1,     29371,8132,        1667986576,0.0,0.0
0,     29373,0,        1668031010,0.0,2723
0,     29375,0,        1668040679,0.0,977
1,     29377,8133,        1668186580,0.0,0.0
0,     29379,0,        1668332932,0.0,754
1,     29381,8134,        1668386580,0.0,0.0
1,     29383,8135,        1668586580,0.0,0.0
1,     29385,8136,        1668786580,0.0,0.0
0,     29387,0,        1668843164,0.0,5214
0,     29389,0,        1668861523,0.0,4167
1,     29391,8137,        1668986584,0.0,0.0
1,     29393,8138,        1669186584,0.0,0.0
1,     29395,8139,        1669386584,0.0,0.0
1,     29397,8140,        1669586588,0.0,0.0
0,     29399,0,        1669674876,0.0,5884
0,     29401,0,        1669759117,0.0,3694
1,     29403,8141,        1669786588,0.0,0.0
1,     29405,8142,        1669986588,0.0,0.0
0,     29407,0,        1670022149,0.0,1785
1,     29409,8143,        1670186588,0.0,0.0
0,     29411,0,        1670200613,0.0,2892
0,     29413,0,        1670291254,0.0,5538
1,     29415,8144,        1670386592,0.0,0.0
0,     29417,0,        1670564059,0.0,3103
1,     29419,8145,        1670586592,0.0,0.0
1,     29421,8146,        1670786592,0.0,0.0
0,     29423,0,        1670800336,0.0,1881
1,     29425,8147,        1670986596,0.0,0.0
1,     29427,8148,        1671186596,0.0,0.0
0,     29429,0,        1671276046,0.0,4437
0,     29430,0,        1671276502,0.0,2428
1,     29432,8149,        1671386596,0.0,0.0
1,     29434,8150,        1671586600,0.0,0.0
1,     29436,8151,        1671786600,0.0,0.0
0,     29438,0,        1671817912,0.0,1304
0,     29440,0,        1671828688,0.0,5244
1,     29442,8152,        1671986600,0.0,0.0
1,     29444,8153,        1672186600,0.0,0.0
1,     29446,8154,        1672386604,0.0,0.0
0,     29448,0,        1672567272,0.0,5876
1,     29450,8155,        1672586604,0.0,0.0
1,     29452,8156,        1672786604,0.0,0.0
1,     29454,8157,        1672986608,0.0,0.0
1,     29456,8158,        1673186608,0.0,0.0
1,     29458,8159,        1673386608,0.0,0.0
1,     29460,8160,        1673586612,0.0,0.0
0,     29462,0,        1673741483,0.0,538
1,     29464,8161,        1673786612,0.0,0.0
0,     29466,0,        1673902995,0.0,1865
1,     29468,8162,        1673986612,0.0,0.0
0,     29470,0,        1674174466,0.0,2134
1,     29472,8163,        1674186612,0.0,0.0
0,     29474,0,        1674240053,0.0,3885
1,     29476,8164,        1674386616,0.0,0.0
1,     29478,8165,        1674586616,0.0,0.0
0,     29480,0,        1674639869,0.0,4383
1,     29482,8166,        1674786616,0.0,0.0
0,     29484,0,        1674928408,0.0,4677
1,     29486,8167,        1674986620,0.0,0.0
1,     29488,8168,        1675186620,0.0,0.0
0,     29490,0,        1675227716,0.0,1101
1,     29492,8169,        1675386620,0.0,0.0
0,     29494,0,        1675478600,0.0,1468
1,     29496,8170,        1675586624,0.0,0.0
0,     29498,0,        1675637789,0.0,1305
1,     29500,8171,        1675786624,0.0,0.0
1,     29502,8172,        1675986624,0.0,0.0
0,     29504,0,        1676029325,0.0,5607
1,     29506,8173,        1676186624,0.0,0.0
0,     29508,0,        1676193478,0.0,3671
1,     29510,8174,        1676386628,0.0,0.0
1,     29512,8175,        1676586628,0.0,0.0
0,     29514,0,        1676750059,0.0,2826
1,     29516,8176,        1676786628,0.0,0.0
1,     29518,8177,        1676986632,0.0,0.0
1,     29520,8178,        1677186632,0.0,0.0
1,     29522,8179,        1677386632,0.0,0.0
0,     29524,0,        1677439360,0.0,1738
0,     29526,0,        1677536532,0.0,2265
1,     29528,8180,        1677586636,0.0,0.0
0,     29530,0,        1677681077,0.0,3463
0,     29532,0,        1677692624,0.0,2034
0,     29534,0,        1677694644,0.0,749
1,     29536,8181,        1677786636,0.0,0.0
1,     29538,8182,        1677986636,0.0,0.0
1,     29540,8183,        1678186636,0.0,0.0
1,     29542,8184,        1678386640,0.0,0.0
0,     29544,0,        1678446035,0.0,2921
1,     29546,8185,        1678586640,0.0,0.0
0,     29548,0,        1678784986,0.0,1795
1,     29550,8186,        1678786640,0.0,0.0
0,     29552,0,        1678983352,0.0,4071
1,     29554,8187,        1678986644,0.0,0.0
1,     29556,8188,        1679186644,0.0,0.0
0,     29558,0,        1679215452,0.0,4135
0,     29560,0,        1679215720,0.0,5056
0,     29562,0,        1679335917,0.0,4615
0,     29564,0,        1679374608,0.0,2789
1,     29566,8189,        1679386644,0.0,0.0
1,     29568,8190,        1679586644,0.0,0.0
0,     29570,0,        1679659797,0.0,5610
1,     29572,8191,        1679786648,0.0,0.0
0,     29574,0,        1679798590,0.0,143
0,     29576,0,        1679851081,0.0,5371
1,     29578,8192,        1679986648,0.0,0.0
0,     29580,0,        1680151147,0.0,4229
1,     29582,8193,        1680186648,0.0,0.0
1,     29584,8194,        1680386652,0.0,0.0
1,     29586,8195,        1680586652,0.0,0.0
0,     29588,0,        1680745957,0.0,2860
1,     29590,8196,        1680786652,0.0,0.0
1,     29592,8197,        1680986656,0.0,0.0
0,     29594,0,        1681003607,0.0,5402
1,     29596,8198,        1681186656,0.0,0.0
0,     29598,0,        1681198473,0.0,751
0,     29600,0,        1681201026,0.0,5088
0,     29602,0,        1681211282,0.0,6235
1,     29604,8199,        1681386656,0.0,0.0
1,     29606,8200,        1681586656,0.0,0.0
0,     29608,0,        1681722966,0.0,4439
0,     29610,0,        1681732764,0.0,3965
1,     29612,8201,        1681786660,0.0,0.0
1,     29614,8202,        1681986660,0.0,0.0
0,     29616,0,        1681994111,0.0,4725
0,     29617,0,        1681994515,0.0,5066
0,     29619,0,        1682122378,0.0,2223
1,     29621,8203,        1682186660,0.0,0.0
1,     29623,8204,        1682386664,0.0,0.0
0,     29625,0,        1682484528,0.0,1876
0,     29627,0,        1682552604,0.0,2397
1,     29629,8205,        1682586664,0.0,0.0
1,     29631,8206,        1682786664,0.0,0.0
0,     29633,0,        1682822591,0.0,15
1,     29635,8207,        1682986668,0.0,0.0
0,     29637,0,        1683035178,0.0,701
0,     29639,0,        1683084215,0.0,5301
1,     29641,8208,        1683186668,0.0,0.0
1,     29643,8209,        1683386668,0.0,0.0
1,     29645,8210,        1683586668,0.0,0.0
1,     29647,8211,        1683786672,0.0,0.0
0,     29649,0,        1683938485,0.0,1496
1,     29651,8212,        1683986672,0.0,0.0
1,     29653,8213,        1684186672,0.0,0.0
1,     29655,8214,        1684386676,0.0,0.0
1,     29657,8215,        1684586676,0.0,0.0
1,     29659,8216,        1684786676,0.0,0.0
1,     29661,8217,        1684986676,0.0,0.0
1,     29663,8218,        1685186680,0.0,0.0
1,     29665,8219,        1685386680,0.0,0.0
1,     29667,8220,        1685586680,0.0,0.0
0,     29669,0,        1685775116,0.0,3671
1,     29671,8221,        1685786684,0.0,0.0
1,     29673,8222,        1685986684,0.0,0.0
0,     29675,0,        1686003442,0.0,1203
1,     29677,8223,        1686186684,0.0,0.0
1,     29679,8224,        1686386688,0.0,0.0
1,     29681,8225,        1686586688,0.0,0.0
1,     29683,8226,        1686786688,0.0,0.0
1,     29685,8227,        1686986688,0.0,0.0
0,     29687,0,        1687102643,0.0,1121
1,     29689,8228,        1687186692,0.0,0.0
1,     29691,8229,        1687386692,0.0,0.0
1,     29693,8230,        1687586692,0.0,0.0
1,     29695,8231,        1687786696,0.0,0.0
0,     29697,0,        1687823075,0.0,3144
0,     29699,0,        1687901462,0.0,1501
0,     29701,0,        1687938906,0.0,4212
0,     29702,0,        1687939058,0.0,2877
1,     29704,8232,        1687986696,0.0,0.0
1,     29706,8233,        1688186696,0.0,0.0
1,     29708,8234,        1688386700,0.0,0.0
0,     29710,0,        1688480996,0.0,122
0,     29712,0,        1688582473,0.0,3010
1,     29714,8235,        1688586700,0.0,0.0
1,     29716,8236,        1688786700,0.0,0.0
0,     29718,0,        1688896909,0.0,1217
1,     29720,8237,        1688986700,0.0,0.0
1,     29722,8238,        1689186704,0.0,0.0
0,     29724,0,        1689243316,0.0,5396
1,     29726,8239,        1689386704,0.0,0.0
1,     29728,8240,        1689586704,0.0,0.0
0,     29730,0,        1689690222,0.0,2003
1,     29732,8241,        1689786708,0.0,0.0
1,     29734,8242,        1689986708,0.0,0.0
1,     29736,8243,        1690186708,0.0,0.0
1,     29738,8244,        1690386712,0.0,0.0
0,     29740,0,        1690434529,0.0,3415
1,     29742,8245,        1690586712,0.0,0.0
1,     29744,8246,        1690786712,0.0,0.0
1,     29746,8247,        1690986712,0.0,0.0
1,     29748,8248,        1691186716,0.0,0.0
1,     29750,8249,        1691386716,0.0,0.0
1,     29752,8250,        1691586716,0.0,0.0
0,     29754,0,        1691670696,0.0,1396
0,     29756,0,        1691769334,0.0,1938
1,     29758,8251,        1691786720,0.0,0.0
0,     29760,0,        1691850235,0.0,4837
1,     29762,8252,        1691986720,0.0,0.0
1,     29764,8253,        1692186720,0.0,0.0
1,     29766,8254,        1692386724,0.0,0.0
1,     29768,8255,        1692586724,0.0,0.0
1,     29770,8256,        1692786724,0.0,0.0
1,     29772,8257,        1692986724,0.0,0.0
0,     29774,0,        1693154384,0.0,3125
1,     29776,8258,        1693186728,0.0,0.0
1,     29778,8259,        1693386728,0.0,0.0
0,     29780,0,        1693404950,0.0,4149
1,     29782,8260,        1693586728,0.0,0.0
1,     29784,8261,        1693786732,0.0,0.0
0,     29786,0,        1693984755,0.0,1894
1,     29788,8262,        1693986732,0.0,0.0
0,     29790,0,        1694062731,0.0,5521
1,     29792,8263,        1694186732,0.0,0.0
0,     29794,0,        1694222898,0.0,5541
1,     29796,8264,        1694386732,0.0,0.0
1,     29798,8265,        1694586736,0.0,0.0
0,     29800,0,        1694644844,0.0,2959
1,     29802,8266,        1694786736,0.0,0.0
0,     29804,0,        1694934737,0.0,2167
0,     29806,0,        1694951448,0.0,2866
1,     29808,8267,        1694986736,0.0,0.0
0,     29810,0,        1695017936,0.0,3102
1,     29812,8268,        1695186740,0.0,0.0
1,     29814,8269,        1695386740,0.0,0.0
1,     29816,8270,        1695586740,0.0,0.0
0,     29818,0,        1695645575,0.0,3460
1,     29820,8271,        1695786744,0.0,0.0
1,     29822,8272,        1695986744,0.0,0.0
0,     29824,0,        1696070648,0.0,4407
1,     29826,8273,        1696186744,0.0,0.0
1,     29828,8274,        1696386744,0.0,0.0
0,     29830,0,        1696418912,0.0,2815
0,     29832,0,        1696474249,0.0,2203
1,     29834,8275,        1696586748,0.0,0.0
0,     29836,0,        1696763652,0.0,5391
1,     29838,8276,        1696786748,0.0,0.0
0,     29840,0,        1696970156,0.0,5606
1,     29842,8277,        1696986748,0.0,0.0
0,     29844,0,        1697017355,0.0,5149
1,     29846,8278,        1697186752,0.0,0.0
0,     29848,0,        1697234239,0.0,669
0,     29849,0,        1697234782,0.0,3826
0,     29851,0,        1697364736,0.0,4262
0,     29853,0,        1697378131,0.0,3316
1,     29855,8279,        1697386752,0.0,0.0
0,     29857,0,        1697395775,0.0,3439
0,     29859,0,        1697423091,0.0,971
1,     29861,8280,        1697586752,0.0,0.0
0,     29863,0,        1697590595,0.0,5993
0,     29865,0,        1697659155,0.0,867
0,     29867,0,        1697760065,0.0,3856
1,     29869,8281,        1697786756,0.0,0.0
1,     29871,8282,        1697986756,0.0,0.0
0,     29873,0,        1697993437,0.0,5285
1,     29875,8283,        1698186756,0.0,0.0
0,     29877,0,        1698207848,0.0,3719
1,     29879,8284,        1698386756,0.0,0.0
1,     29881,8285,        1698586760,0.0,0.0
0,     29883,0,        1698714885,0.0,758
0,     29885,0,        1698776791,0.0,4483
1,     29887,8286,        1698786760,0.0,0.0
1,     29889,8287,        1698986760,0.0,0.0
1,     29891,8288,        1699186764,0.0,0.0
1,     29893,8289,        1699386764,0.0,0.0
1,     29895,8290,        1699586764,0.0,0.0
1,     29897,8291,        1699786768,0.0,0.0
1,     29899,8292,        1699986768,0.0,0.0
0,     29901,0,        1700052188,0.0,436
1,     29903,8293,        1700186768,0.0,0.0
1,     29905,8294,        1700386768,0.0,0.0
0,     29907,0,        1700438398,0.0,2179
1,     29909,8295,        1700586772,0.0,0.0
0,     29911,0,        1700734200,0.0,3272
1,     29913,8296,        1700786772,0.0,0.0
1,     29915,8297,        1700986772,0.0,0.0
1,     29917,8298,        1701186776,0.0,0.0
0,     29919,0,        1701380403,0.0,2796
1,     29921,8299,        1701386776,0.0,0.0
0,     29923,0,        1701405839,0.0,6079
0,     29924,0,        1701406306,0.0,5444
1,     29926,8300,        1701586776,0.0,0.0
0,     29928,0,        1701599403,0.0,3449
0,     29930,0,        1701654741,0.0,224
1,     29932,8301,        1701786780,0.0,0.0
1,     29934,8302,        1701986780,0.0,0.0
0,     29936,0,        1702003032,0.0,3628
1,     29938,8303,        1702186780,0.0,0.0
1,     29940,8304,        1702386780,0.0,0.0
1,     29942,8305,        1702586784,0.0,0.0
1,     29944,8306,        1702786784,0.0,0.0
0,     29946,0,        1702917484,0.0,291
1,     29948,8307,        1702986784,0.0,0.0
1,     29950,8308,        1703186788,0.0,0.0
0,     29952,0,        1703363711,0.0,5061
1,     29954,8309,        1703386788,0.0,0.0
0,     29956,0,        1703438562,0.0,3894
0,     29958,0,        1703475526,0.0,3257
1,     29960,8310,        1703586788,0.0,0.0
1,     29962,8311,        1703786788,0.0,0.0
0,     29964,0,        1703979023,0.0,696
1,     29966,8312,        1703986792,0.0,0.0
0,     29968,0,        1704144863,0.0,3374
1,     29970,8313,        1704186792,0.0,0.0
0,     29972,0,        1704384299,0.0,3955
1,     29974,8314,        1704386792,0.0,0.0
1,     29976,8315,        1704586796,0.0,0.0
0,     29978,0,        1704758241,0.0,614
0,     29980,0,        1704774647,0.0,1625
1,     29982,8316,        1704786796,0.0,0.0
1,     29984,8317,        1704986796,0.0,0.0
0,     29986,0,        1705113912,0.0,708
1,     29988,8318,        1705186800,0.0,0.0
1,     29990,8319,        1705386800,0.0,0.0
0,     29992,0,        1705459136,0.0,3249
0,     29994,0,        1705480243,0.0,3251
1,     29996,8320,        1705586800,0.0,0.0
0,     29998,0,        1705737094,0.0,1173
1,     30000,8321,        1705786800,0.0,0.0
1,     30002,8322,        1705986804,0.0,0.0
0,     30004,0,        1706030192,0.0,68
1,     30006,8323,        1706186804,0.0,0.0
1,     30008,8324,        1706386804,0.0,0.0
0,     30010,0,        1706409264,0.0,4306
0,     30012,0,        1706517592,0.0,4892
1,     30014,8325,        1706586808,0.0,0.0
1,     30016,8326,        1706786808,0.0,0.0
0,     30018,0,        1706818622,0.0,3232
0,     30020,0,        1706874794,0.0,3260
0,     30022,0,        1706964711,0.0,2635
0,     30024,0,        1706965130,0.0,898
1,     30026,8327,        1706986808,0.0,0.0
0,     30028,0,        1707013030,0.0,4009
0,     30030,0,        1707104077,0.0,3259
1,     30032,8328,        1707186812,0.0,0.0
1,     30034,8329,        1707386812,0.0,0.0
0,     30036,0,        1707398630,0.0,2547
1,     30038,8330,        1707586812,0.0,0.0
0,     30040,0,        1707649240,0.0,2622
1,     30042,8331,        1707786812,0.0,0.0
1,     30044,8332,        1707986816,0.0,0.0
1,     30046,8333,        1708186816,0.0,0.0
0,     30048,0,        1708343562,0.0,2215
1,     30050,8334,        1708386816,0.0,0.0
0,     30052,0,        1708492268,0.0,2222
0,     30054,0,        1708504230,0.0,849
1,     30056,8335,        1708586820,0.0,0.0
1,     30058,8336,        1708786820,0.0,0.0
0,     30060,0,        1708821476,0.0,4087
1,     30062,8337,        1708986820,0.0,0.0
0,     30064,0,        1709052034,0.0,37
1,     30066,8338,        1709186824,0.0,0.0
1,     30068,8339,        1709386824,0.0,0.0
1,     30070,8340,        1709586824,0.0,0.0
0,     30072,0,        1709675282,0.0,103
1,     30074,8341,        1709786824,0.0,0.0
0,     30076,0,        1709892167,0.0,204
1,     30078,8342,        1709986828,0.0,0.0
0,     30080,0,        1710027903,0.0,2136
0,     30082,0,        1710038573,0.0,693
0,     30084,0,        1710053438,0.0,4750
1,     30086,8343,        1710186828,0.0,0.0
0,     30088,0,        1710265400,0.0,5688
0,     30089,0,        1710265618,0.0,4186
1,     30091,8344,        1710386828,0.0,0.0
1,     30093,8345,        1710586832,0.0,0.0
0,     30095,0,        1710648523,0.0,3257
1,     30097,8346,        1710786832,0.0,0.0
1,     30099,8347,        1710986832,0.0,0.0
0,     30101,0,        1711145563,0.0,2815
1,     30103,8348,        1711186832,0.0,0.0
1,     30105,8349,        1711386836,0.0,0.0
0,     30107,0,        1711426812,0.0,4714
0,     30109,0,        1711549721,0.0,6080
1,     30111,8350,        1711586836,0.0,0.0
1,     30113,8351,        1711786836,0.0,0.0
0,     30115,0,        1711813651,0.0,5990
0,     30116,0,        1711814026,0.0,3060
0,     30118,0,        1711962401,0.0,33
1,     30120,8352,        1711986840,0.0,0.0
0,     30122,0,        1712012251,0.0,3253
0,     30124,0,        1712089640,0.0,5458
0,     30125,0,        1712089689,0.0,4276
1,     30127,8353,        1712186840,0.0,0.0
1,     30129,8354,        1712386840,0.0,0.0
0,     30131,0,        1712464923,0.0,1659
1,     30133,8355,        1712586844,0.0,0.0
0,     30135,0,        1712744132,0.0,4431
1,     30137,8356,        1712786844,0.0,0.0
0,     30139,0,        1712924361,0.0,1547
1,     30141,8357,        1712986844,0.0,0.0
0,     30143,0,        1713007840,0.0,4503
0,     30144,0,        1713007862,0.0,3575
1,     30146,8358,        1713186844,0.0,0.0
0,     30148,0,        1713243049,0.0,2331
1,     30150,8359,        1713386848,0.0,0.0
0,     30152,0,        1713523822,0.0,6082
0,     30154,0,        1713562891,0.0,3804
1,     30156,8360,        1713586848,0.0,0.0
1,     30158,8361,        1713786848,0.0,0.0
0,     30160,0,        1713807357,0.0,3271
1,     30162,8362,        1713986852,0.0,0.0
0,     30164,0,        1714058299,0.0,1155
0,     30165,0,        1714058524,0.0,6163
0,     30167,0,        1714081395,0.0,3933
0,     30169,0,        1714171892,0.0,463
1,     30171,8363,        1714186852,0.0,0.0
0,     30173,0,        1714287372,0.0,1000
1,     30175,8364,        1714386852,0.0,0.0
0,     30177,0,        1714398876,0.0,2746
0,     30179,0,        1714494020,0.0,6240
1,     30181,8365,        1714586856,0.0,0.0
0,     30183,0,        1714709493,0.0,1941
1,     30185,8366,        1714786856,0.0,0.0
1,     30187,8367,        1714986856,0.0,0.0
1,     30189,8368,        1715186856,0.0,0.0
0,     30191,0,        1715297895,0.0,5458
1,     30193,8369,        1715386860,0.0,0.0
1,     30195,8370,        1715586860,0.0,0.0
1,     30197,8371,        1715786860,0.0,0.0
1,     30199,8372,        1715986864,0.0,0.0
1,     30201,8373,        1716186864,0.0,0.0
0,     30203,0,        1716295267,0.0,3474
1,     30205,8374,        1716386864,0.0,0.0
0,     30207,0,        1716467658,0.0,1757
1,     30209,8375,        1716586868,0.0,0.0
0,     30211,0,        1716641910,0.0,1858
1,     30213,8376,        1716786868,0.0,0.0
0,     30215,0,        1716883618,0.0,3842
1,     30217,8377,        1716986868,0.0,0.0
0,     30219,0,        1717090671,0.0,2137
0,     30221,0,        1717125071,0.0,2270
1,     30223,8378,        1717186868,0.0,0.0
0,     30225,0,        1717193853,0.0,2066
1,     30227,8379,        1717386872,0.0,0.0
0,     30229,0,        1717525285,0.0,422
1,     30231,8380,        1717586872,0.0,0.0
1,     30233,8381,        1717786872,0.0,0.0
0,     30235,0,        1717905051,0.0,6192
1,     30237,8382,        1717986876,0.0,0.0
0,     30239,0,        1718008896,0.0,1323
1,     30241,8383,        1718186876,0.0,0.0
1,     30243,8384,        1718386876,0.0,0.0
0,     30245,0,        1718546086,0.0,3246
1,     30247,8385,        1718586876,0.0,0.0
1,     30249,8386,        1718786880,0.0,0.0
0,     30251,0,        1718807500,0.0,1333
1,     30253,8387,        1718986880,0.0,0.0
1,     30255,8388,        1719186880,0.0,0.0
0,     30257,0,        1719312240,0.0,3062
1,     30259,8389,        1719386884,0.0,0.0
1,     30261,8390,        1719586884,0.0,0.0
1,     30263,8391,        1719786884,0.0,0.0
0,     30265,0,        1719885329,0.0,3245
1,     30267,8392,        1719986888,0.0,0.0
0,     30269,0,        1720013886,0.0,5016
0,     30271,0,        1720184204,0.0,5958
1,     30273,8393,        1720186888,0.0,0.0
1,     30275,8394,        1720386888,0.0,0.0
1,     30277,8395,        1720586888,0.0,0.0
0,     30279,0,        1720720982,0.0,4262
1,     30281,8396,        1720786892,0.0,0.0
1,     30283,8397,        1720986892,0.0,0.0
0,     30285,0,        1721074420,0.0,4847
1,     30287,8398,        1721186892,0.0,0.0
0,     30289,0,        1721370268,0.0,3272
1,     30291,8399,        1721386896,0.0,0.0
1,     30293,8400,        1721586896,0.0,0.0
1,     30295,8401,        1721786896,0.0,0.0
0,     30297,0,        1721949233,0.0,4100
1,     30299,8402,        1721986900,0.0,0.0
1,     30301,8403,        1722186900,0.0,0.0
1,     30303,8404,        1722386900,0.0,0.0
0,     30305,0,        1722410971,0.0,3344
1,     30307,8405,        1722586900,0.0,0.0
0,     30309,0,        1722672265,0.0,3241
0,     30311,0,        1722694195,0.0,855
1,     30313,8406,        1722786904,0.0,0.0
0,     30315,0,        1722933915,0.0,3260
0,     30317,0,        1722973172,0.0,3206
1,     30319,8407,        1722986904,0.0,0.0
1,     30321,8408,        1723186904,0.0,0.0
1,     30323,8409,        1723386908,0.0,0.0
0,     30325,0,        1723454018,0.0,5063
0,     30327,0,        1723579154,0.0,5454
0,     30329,0,        1723579657,0.0,4657
1,     30331,8410,        1723586908,0.0,0.0
1,     30333,8411,        1723786908,0.0,0.0
1,     30335,8412,        1723986912,0.0,0.0
0,     30337,0,        1724126409,0.0,2027
1,     30339,8413,        1724186912,0.0,0.0
1,     30341,8414,        1724386912,0.0,0.0
1,     30343,8415,        1724586912,0.0,0.0
1,     30345,8416,        1724786916,0.0,0.0
1,     30347,8417,        1724986916,0.0,0.0
0,     30349,0,        1725097517,0.0,825
1,     30351,8418,        1725186916,0.0,0.0
1,     30353,8419,        1725386920,0.0,0.0
1,     30355,8420,        1725586920,0.0,0.0
0,     30357,0,        1725659373,0.0,2350
1,     30359,8421,        1725786920,0.0,0.0
1,     30361,8422,        1725986920,0.0,0.0
0,     30363,0,        1726017282,0.0,1086
0,     30365,0,        1726018649,0.0,4428
0,     30367,0,        1726037387,0.0,5632
1,     30369,8423,        1726186924,0.0,0.0
0,     30371,0,        1726262609,0.0,417
1,     30373,8424,        1726386924,0.0,0.0
1,     30375,8425,        1726586924,0.0,0.0
0,     30377,0,        1726599406,0.0,3837
1,     30379,8426,        1726786928,0.0,0.0
1,     30381,8427,        1726986928,0.0,0.0
0,     30383,0,        1726989218,0.0,4542
0,     30385,0,        1727016439,0.0,3114
0,     30387,0,        1727029436,0.0,3940
0,     30389,0,        1727097867,0.0,5622
1,     30391,8428,        1727186928,0.0,0.0
1,     30393,8429,        1727386932,0.0,0.0
0,     30395,0,        1727548297,0.0,414
1,     30397,8430,        1727586932,0.0,0.0
0,     30399,0,        1727597272,0.0,418
0,     30401,0,        1727619424,0.0,2393
0,     30403,0,        1727668792,0.0,4270
0,     30405,0,        1727690933,0.0,5281
0,     30407,0,        1727736493,0.0,3886
1,     30409,8431,        1727786932,0.0,0.0
0,     30411,0,        1727805358,0.0,5836
0,     30413,0,        1727924455,0.0,1581
1,     30415,8432,        1727986932,0.0,0.0
1,     30417,8433,        1728186936,0.0,0.0
0,     30419,0,        1728283449,0.0,4993
1,     30421,8434,        1728386936,0.0,0.0
0,     30423,0,        1728467159,0.0,5007
1,     30425,8435,        1728586936,0.0,0.0
0,     30427,0,        1728749583,0.0,4845
1,     30429,8436,        1728786940,0.0,0.0
1,     30431,8437,        1728986940,0.0,0.0
1,     30433,8438,        1729186940,0.0,0.0
1,     30435,8439,        1729386944,0.0,0.0
1,     30437,8440,        1729586944,0.0,0.0
1,     30439,8441,        1729786944,0.0,0.0
1,     30441,8442,        1729986944,0.0,0.0
1,     30443,8443,        1730186948,0.0,0.0
1,     30445,8444,        1730386948,0.0,0.0
1,     30447,8445,        1730586948,0.0,0.0
0,     30449,0,        1730628911,0.0,3785
0,     30451,0,        1730729952,0.0,599
1,     30453,8446,        1730786952,0.0,0.0
1,     30455,8447,        1730986952,0.0,0.0
1,     30457,8448,        1731186952,0.0,0.0
1,     30459,8449,        1731386956,0.0,0.0
0,     30461,0,        1731400922,0.0,3084
1,     30463,8450,        1731586956,0.0,0.0
0,     30465,0,        1731644367,0.0,3014
0,     30467,0,        1731769864,0.0,452
1,     30469,8451,        1731786956,0.0,0.0
1,     30471,8452,        1731986956,0.0,0.0
1,     30473,8453,        1732186960,0.0,0.0
1,     30475,8454,        1732386960,0.0,0.0
0,     30477,0,        1732501375,0.0,1186
1,     30479,8455,        1732586960,0.0,0.0
1,     30481,8456,        1732786964,0.0,0.0
0,     30483,0,        1732844737,0.0,5975
1,     30485,8457,        1732986964,0.0,0.0
1,     30487,8458,        1733186964,0.0,0.0
1,     30489,8459,        1733386968,0.0,0.0
0,     30491,0,        1733467147,0.0,4941
1,     30493,8460,        1733586968,0.0,0.0
0,     30495,0,        1733678938,0.0,2066
0,     30497,0,        1733754878,0.0,2910
0,     30499,0,        1733761137,0.0,2677
1,     30501,8461,        1733786968,0.0,0.0
1,     30503,8462,        1733986968,0.0,0.0
1,     30505,8463,        1734186972,0.0,0.0
1,     30507,8464,        1734386972,0.0,0.0
0,     30509,0,        1734500271,0.0,5720
1,     30511,8465,        1734586972,0.0,0.0
1,     30513,8466,        1734786976,0.0,0.0
1,     30515,8467,        1734986976,0.0,0.0
1,     30517,8468,        1735186976,0.0,0.0
1,     30519,8469,        1735386976,0.0,0.0
1,     30521,8470,        1735586980,0.0,0.0
1,     30523,8471,        1735786980,0.0,0.0
0,     30525,0,        1735865620,0.0,5565
1,     30527,8472,        1735986980,0.0,0.0
0,     30529,0,        1736136720,0.0,2027
1,     30531,8473,        1736186984,0.0,0.0
0,     30533,0,        1736319739,0.0,4929
1,     30535,8474,        1736386984,0.0,0.0
0,     30537,0,        1736398441,0.0,1137
1,     30539,8475,        1736586984,0.0,0.0
1,     30541,8476,        1736786988,0.0,0.0
1,     30543,8477,        1736986988,0.0,0.0
1,     30545,8478,        1737186988,0.0,0.0
1,     30547,8479,        1737386988,0.0,0.0
1,     30549,8480,        1737586992,0.0,0.0
0,     30551,0,        1737622861,0.0,2018
0,     30553,0,        1737755686,0.0,1899
0,     30555,0,        1737774706,0.0,2365
1,     30557,8481,        1737786992,0.0,0.0
0,     30559,0,        1737809942,0.0,1514
0,     30561,0,        1737819086,0.0,2143
1,     30563,8482,        1737986992,0.0,0.0
0,     30565,0,        1738090565,0.0,1668
1,     30567,8483,        1738186996,0.0,0.0
1,     30569,8484,        1738386996,0.0,0.0
0,     30571,0,        1738495083,0.0,3144
1,     30573,8485,        1738586996,0.0,0.0
1,     30575,8486,        1738787000,0.0,0.0
0,     30577,0,        1738961940,0.0,6161
0,     30579,0,        1738973542,0.0,4123
1,     30581,8487,        1738987000,0.0,0.0
0,     30583,0,        1739155631,0.0,4699
1,     30585,8488,        1739187000,0.0,0.0
1,     30587,8489,        1739387000,0.0,0.0
1,     30589,8490,        1739587004,0.0,0.0
0,     30591,0,        1739732521,0.0,1679
0,     30593,0,        1739775576,0.0,3720
1,     30595,8491,        1739787004,0.0,0.0
0,     30597,0,        1739807843,0.0,2563
1,     30599,8492,        1739987004,0.0,0.0
1,     30601,8493,        1740187008,0.0,0.0
1,     30603,8494,        1740387008,0.0,0.0
1,     30605,8495,        1740587008,0.0,0.0
0,     30607,0,        1740744057,0.0,560
0,     30609,0,        1740745646,0.0,3039
0,     30611,0,        1740753017,0.0,3818
1,     30613,8496,        1740787012,0.0,0.0
0,     30615,0,        1740814568,0.0,3469
1,     30617,8497,        1740987012,0.0,0.0
0,     30619,0,        1741089363,0.0,610
1,     30621,8498,        1741187012,0.0,0.0
0,     30623,0,        1741307784,0.0,3808
1,     30625,8499,        1741387012,0.0,0.0
0,     30627,0,        1741564144,0.0,4909
1,     30629,8500,        1741587016,0.0,0.0
1,     30631,8501,        1741787016,0.0,0.0
1,     30633,8502,        1741987016,0.0,0.0
0,     30635,0,        1742144065,0.0,5383
1,     30637,8503,        1742187020,0.0,0.0
1,     30639,8504,        1742387020,0.0,0.0
1,     30641,8505,        1742587020,0.0,0.0
0,     30643,0,        1742646636,0.0,2688
1,     30645,8506,        1742787020,0.0,0.0
1,     30647,8507,        1742987024,0.0,0.0
1,     30649,8508,        1743187024,0.0,0.0
0,     30651,0,        1743213862,0.0,909
0,     30653,0,        1743382955,0.0,5154
1,     30655,8509,        1743387024,0.0,0.0
0,     30657,0,        1743420872,0.0,2454
0,     30659,0,        1743560548,0.0,239
0,     30660,0,        1743560563,0.0,3005
1,     30662,8510,        1743587028,0.0,0.0
0,     30664,0,        1743696292,0.0,1454
0,     30666,0,        1743748298,0.0,2035
1,     30668,8511,        1743787028,0.0,0.0
1,     30670,8512,        1743987028,0.0,0.0
1,     30672,8513,        1744187032,0.0,0.0
1,     30674,8514,        1744387032,0.0,0.0
1,     30676,8515,        1744587032,0.0,0.0
1,     30678,8516,        1744787032,0.0,0.0
0,     30680,0,        1744906821,0.0,156
1,     30682,8517,        1744987036,0.0,0.0
0,     30684,0,        1745058204,0.0,3401
1,     30686,8518,        1745187036,0.0,0.0
0,     30688,0,        1745194578,0.0,3982
1,     30690,8519,        1745387036,0.0,0.0
0,     30692,0,        1745465957,0.0,5282
1,     30694,8520,        1745587040,0.0,0.0
0,     30696,0,        1745768485,0.0,1730
0,     30698,0,        1745770257,0.0,3205
1,     30700,8521,        1745787040,0.0,0.0
1,     30702,8522,        1745987040,0.0,0.0
0,     30704,0,        1746094050,0.0,4687
1,     30706,8523,        1746187044,0.0,0.0
0,     30708,0,        1746303016,0.0,2445
1,     30710,8524,        1746387044,0.0,0.0
1,     30712,8525,        1746587044,0.0,0.0
0,     30714,0,        1746720089,0.0,2156
1,     30716,8526,        1746787044,0.0,0.0
1,     30718,8527,        1746987048,0.0,0.0
1,     30720,8528,        1747187048,0.0,0.0
1,     30722,8529,        1747387048,0.0,0.0
0,     30724,0,        1747484721,0.0,5031
1,     30726,8530,        1747587052,0.0,0.0
0,     30728,0,        1747648917,0.0,4456
1,     30730,8531,        1747787052,0.0,0.0
1,     30732,8532,        1747987052,0.0,0.0
1,     30734,8533,        1748187052,0.0,0.0
1,     30736,8534,        1748387056,0.0,0.0
1,     30738,8535,        1748587056,0.0,0.0
1,     30740,8536,        1748787056,0.0,0.0
1,     30742,8537,        1748987060,0.0,0.0
0,     30744,0,        1748993140,0.0,3571
0,     30746,0,        1749108974,0.0,320
1,     30748,8538,        1749187060,0.0,0.0
1,     30750,8539,        1749387060,0.0,0.0
0,     30752,0,        1749478169,0.0,3084
0,     30754,0,        1749565688,0.0,5809
1,     30756,8540,        1749587064,0.0,0.0
1,     30758,8541,        1749787064,0.0,0.0
0,     30760,0,        1749957044,0.0,2523
1,     30762,8542,        1749987064,0.0,0.0
0,     30764,0,        1750186314,0.0,3147
1,     30766,8543,        1750187064,0.0,0.0
0,     30768,0,        1750213180,0.0,824
0,     30769,0,        1750213200,0.0,4761
1,     30771,8544,        1750387068,0.0,0.0
0,     30773,0,        1750425751,0.0,1339
0,     30775,0,        1750442300,0.0,1547
0,     30777,0,        1750471784,0.0,1449
1,     30779,8545,        1750587068,0.0,0.0
1,     30781,8546,        1750787068,0.0,0.0
0,     30783,0,        1750918849,0.0,3811
1,     30785,8547,        1750987072,0.0,0.0
1,     30787,8548,        1751187072,0.0,0.0
1,     30789,8549,        1751387072,0.0,0.0
0,     30791,0,        1751562594,0.0,2508
1,     30793,8550,        1751587076,0.0,0.0
0,     30795,0,        1751757742,0.0,3326
1,     30797,8551,        1751787076,0.0,0.0
0,     30799,0,        1751879993,0.0,5541
0,     30801,0,        1751900003,0.0,1593
0,     30803,0,        1751917737,0.0,5797
1,     30805,8552,        1751987076,0.0,0.0
0,     30807,0,        1751995613,0.0,2184
0,     30809,0,        1752028132,0.0,2143
0,     30811,0,        1752085028,0.0,1723
0,     30813,0,        1752126482,0.0,3747
1,     30815,8553,        1752187076,0.0,0.0
1,     30817,8554,        1752387080,0.0,0.0
1,     30819,8555,        1752587080,0.0,0.0
1,     30821,8556,        1752787080,0.0,0.0
1,     30823,8557,        1752987084,0.0,0.0
0,     30825,0,        1753155694,0.0,3961
1,     30827,8558,        1753187084,0.0,0.0
0,     30829,0,        1753210858,0.0,427
1,     30831,8559,        1753387084,0.0,0.0
0,     30833,0,        1753528499,0.0,6249
1,     30835,8560,        1753587088,0.0,0.0
1,     30837,8561,        1753787088,0.0,0.0
0,     30839,0,        1753890218,0.0,818
1,     30841,8562,        1753987088,0.0,0.0
1,     30843,8563,        1754187088,0.0,0.0
1,     30845,8564,        1754387092,0.0,0.0
0,     30847,0,        1754465150,0.0,1232
1,     30849,8565,        1754587092,0.0,0.0
0,     30851,0,        1754662395,0.0,3895
1,     30853,8566,        1754787092,0.0,0.0
1,     30855,8567,        1754987096,0.0,0.0
1,     30857,8568,        1755187096,0.0,0.0
0,     30859,0,        1755346388,0.0,3501
1,     30861,8569,        1755387096,0.0,0.0
0,     30863,0,        1755410610,0.0,3101
1,     30865,8570,        1755587100,0.0,0.0
1,     30867,8571,        1755787100,0.0,0.0
0,     30869,0,        1755966910,0.0,3377
1,     30871,8572,        1755987100,0.0,0.0
1,     30873,8573,        1756187100,0.0,0.0
1,     30875,8574,        1756387104,0.0,0.0
0,     30877,0,        1756403797,0.0,5435
1,     30879,8575,        1756587104,0.0,0.0
0,     30881,0,        1756682445,0.0,3012
0,     30883,0,        1756712849,0.0,4143
1,     30885,8576,        1756787104,0.0,0.0
0,     30887,0,        1756817907,0.0,4535
1,     30889,8577,        1756987108,0.0,0.0
0,     30891,0,        1757177111,0.0,191
1,     30893,8578,        1757187108,0.0,0.0
0,     30895,0,        1757345143,0.0,3945
1,     30897,8579,        1757387108,0.0,0.0
0,     30899,0,        1757427068,0.0,2627
1,     30901,8580,        1757587108,0.0,0.0
0,     30903,0,        1757707029,0.0,4250
1,     30905,8581,        1757787112,0.0,0.0
0,     30907,0,        1757871938,0.0,1487
0,     30909,0,        1757888917,0.0,4503
0,     30910,0,        1757889187,0.0,3716
0,     30912,0,        1757925729,0.0,5120
1,     30914,8582,        1757987112,0.0,0.0
0,     30916,0,        1758142719,0.0,4850
0,     30917,0,        1758142938,0.0,4682
1,     30919,8583,        1758187112,0.0,0.0
1,     30921,8584,        1758387116,0.0,0.0
1,     30923,8585,        1758587116,0.0,0.0
1,     30925,8586,        1758787116,0.0,0.0
1,     30927,8587,        1758987120,0.0,0.0
1,     30929,8588,        1759187120,0.0,0.0
0,     30931,0,        1759223654,0.0,5117
0,     30933,0,        1759225750,0.0,182
1,     30935,8589,        1759387120,0.0,0.0
1,     30937,8590,        1759587120,0.0,0.0
1,     30939,8591,        1759787124,0.0,0.0
0,     30941,0,        1759792199,0.0,1731
0,     30943,0,        1759908406,0.0,3025
0,     30944,0,        1759908408,0.0,3670
1,     30946,8592,        1759987124,0.0,0.0
1,     30948,8593,        1760187124,0.0,0.0
1,     30950,8594,        1760387128,0.0,0.0
0,     30952,0,        1760440756,0.0,3319
0,     30954,0,        1760499693,0.0,133
1,     30956,8595,        1760587128,0.0,0.0
1,     30958,8596,        1760787128,0.0,0.0
1,     30960,8597,        1760987132,0.0,0.0
1,     30962,8598,        1761187132,0.0,0.0
0,     30964,0,        1761311190,0.0,1537
0,     30966,0,        1761325609,0.0,4168
0,     30968,0,        1761377197,0.0,4795
1,     30970,8599,        1761387132,0.0,0.0
1,     30972,8600,        1761587132,0.0,0.0
0,     30974,0,        1761745203,0.0,3017
1,     30976,8601,        1761787136,0.0,0.0
0,     30978,0,        1761952296,0.0,1061
0,     30979,0,        1761952454,0.0,279
1,     30981,8602,        1761987136,0.0,0.0
1,     30983,8603,        1762187136,0.0,0.0
1,     30985,8604,        1762387140,0.0,0.0
1,     30987,8605,        1762587140,0.0,0.0
1,     30989,8606,        1762787140,0.0,0.0
0,     30991,0,        1762856597,0.0,5420
1,     30993,8607,        1762987144,0.0,0.0
1,     30995,8608,        1763187144,0.0,0.0
1,     30997,8609,        1763387144,0.0,0.0
0,     30999,0,        1763540128,0.0,4864
1,     31001,8610,        1763587144,0.0,0.0
0,     31003,0,        1763725008,0.0,3728
1,     31005,8611,        1763787148,0.0,0.0
0,     31007,0,        1763821904,0.0,2502
1,     31009,8612,        1763987148,0.0,0.0
1,     31011,8613,        1764187148,0.0,0.0
1,     31013,8614,        1764387152,0.0,0.0
1,     31015,8615,        1764587152,0.0,0.0
1,     31017,8616,        1764787152,0.0,0.0
1,     31019,8617,        1764987152,0.0,0.0
0,     31021,0,        1765061649,0.0,3119
1,     31023,8618,        1765187156,0.0,0.0
1,     31025,8619,        1765387156,0.0,0.0
0,     31027,0,        1765460926,0.0,3553
0,     31029,0,        1765494721,0.0,5482
1,     31031,8620,        1765587156,0.0,0.0
0,     31033,0,        1765615930,0.0,2546
1,     31035,8621,        1765787160,0.0,0.0
1,     31037,8622,        1765987160,0.0,0.0
0,     31039,0,        1766167959,0.0,2597
1,     31041,8623,        1766187160,0.0,0.0
0,     31043,0,        1766188662,0.0,2092
1,     31045,8624,        1766387164,0.0,0.0
1,     31047,8625,        1766587164,0.0,0.0
0,     31049,0,        1766634234,0.0,1200
0,     31051,0,        1766657903,0.0,3424
1,     31053,8626,        1766787164,0.0,0.0
1,     31055,8627,        1766987164,0.0,0.0
1,     31057,8628,        1767187168,0.0,0.0
1,     31059,8629,        1767387168,0.0,0.0
0,     31061,0,        1767551998,0.0,4667
1,     31063,8630,        1767587168,0.0,0.0
0,     31065,0,        1767660682,0.0,2378
1,     31067,8631,        1767787172,0.0,0.0
0,     31069,0,        1767860006,0.0,2698
1,     31071,8632,        1767987172,0.0,0.0
1,     31073,8633,        1768187172,0.0,0.0
1,     31075,8634,        1768387176,0.0,0.0
1,     31077,8635,        1768587176,0.0,0.0
1,     31079,8636,        1768787176,0.0,0.0
0,     31081,0,        1768888967,0.0,4508
1,     31083,8637,        1768987176,0.0,0.0
0,     31085,0,        1769065997,0.0,2189
0,     31087,0,        1769079615,0.0,5561
0,     31089,0,        1769127119,0.0,5348
1,     31091,8638,        1769187180,0.0,0.0
1,     31093,8639,        1769387180,0.0,0.0
0,     31095,0,        1769519063,0.0,3350
1,     31097,8640,        1769587180,0.0,0.0
1,     31099,8641,        1769787184,0.0,0.0
0,     31101,0,        1769919472,0.0,4074
0,     31103,0,        1769956105,0.0,5359
1,     31105,8642,        1769987184,0.0,0.0
1,     31107,8643,        1770187184,0.0,0.0
0,     31109,0,        1770370528,0.0,6032
1,     31111,8644,        1770387188,0.0,0.0
1,     31113,8645,        1770587188,0.0,0.0
1,     31115,8646,        1770787188,0.0,0.0
0,     31117,0,        1770857247,0.0,6065
1,     31119,8647,        1770987188,0.0,0.0
1,     31121,8648,        1771187192,0.0,0.0
1,     31123,8649,        1771387192,0.0,0.0
1,     31125,8650,        1771587192,0.0,0.0
1,     31127,8651,        1771787196,0.0,0.0
1,     31129,8652,        1771987196,0.0,0.0
1,     31131,8653,        1772187196,0.0,0.0
1,     31133,8654,        1772387200,0.0,0.0
0,     31135,0,        1772403256,0.0,2107
0,     31137,0,        1772504296,0.0,3391
0,     31139,0,        1772585828,0.0,194
1,     31141,8655,        1772587200,0.0,0.0
1,     31143,8656,        1772787200,0.0,0.0
1,     31145,8657,        1772987200,0.0,0.0
1,     31147,8658,        1773187204,0.0,0.0
0,     31149,0,        1773219627,0.0,3045
1,     31151,8659,        1773387204,0.0,0.0
1,     31153,8660,        1773587204,0.0,0.0
1,     31155,8661,        1773787208,0.0,0.0
0,     31157,0,        1773844960,0.0,3172
1,     31159,8662,        1773987208,0.0,0.0
1,     31161,8663,        1774187208,0.0,0.0
1,     31163,8664,        1774387208,0.0,0.0
1,     31165,8665,        1774587212,0.0,0.0
1,     31167,8666,        1774787212,0.0,0.0
0,     31169,0,        1774830618,0.0,604
0,     31171,0,        1774875704,0.0,10
1,     31173,8667,        1774987212,0.0,0.0
0,     31175,0,        1775122373,0.0,3595
1,     31177,8668,        1775187216,0.0,0.0
1,     31179,8669,        1775387216,0.0,0.0
1,     31181,8670,        1775587216,0.0,0.0
1,     31183,8671,        1775787220,0.0,0.0
0,     31185,0,        1775856351,0.0,590
1,     31187,8672,        1775987220,0.0,0.0
1,     31189,8673,        1776187220,0.0,0.0
1,     31191,8674,        1776387220,0.0,0.0
1,     31193,8675,        1776587224,0.0,0.0
1,     31195,8676,        1776787224,0.0,0.0
0,     31197,0,        1776916400,0.0,1145
1,     31199,8677,        1776987224,0.0,0.0
1,     31201,8678,        1777187228,0.0,0.0
0,     31203,0,        1777347335,0.0,4275
1,     31205,8679,        1777387228,0.0,0.0
0,     31207,0,        1777456629,0.0,2223
1,     31209,8680,        1777587228,0.0,0.0
0,     31211,0,        1777686384,0.0,2979
1,     31213,8681,        1777787232,0.0,0.0
0,     31215,0,        1777800897,0.0,393
1,     31217,8682,        1777987232,0.0,0.0
1,     31219,8683,        1778187232,0.0,0.0
0,     31221,0,        1778228362,0.0,1707
1,     31223,8684,        1778387232,0.0,0.0
0,     31225,0,        1778411456,0.0,3815
0,     31227,0,        1778548111,0.0,1572
0,     31228,0,        1778548693,0.0,4666
1,     31230,8685,        1778587236,0.0,0.0
0,     31232,0,        1778607949,0.0,4270
0,     31234,0,        1778786748,0.0,3233
1,     31235,8686,        1778787236,0.0,0.0
0,     31237,0,        1778803263,0.0,5994
0,     31239,0,        1778832757,0.0,1143
1,     31241,8687,        1778987236,0.0,0.0
1,     31243,8688,        1779187240,0.0,0.0
1,     31245,8689,        1779387240,0.0,0.0
0,     31247,0,        1779411989,0.0,2488
0,     31249,0,        1779487542,0.0,5538
1,     31251,8690,        1779587240,0.0,0.0
1,     31253,8691,        1779787244,0.0,0.0
1,     31255,8692,        1779987244,0.0,0.0
0,     31257,0,        1780088755,0.0,5635
1,     31259,8693,        1780187244,0.0,0.0
0,     31261,0,        1780269565,0.0,4908
1,     31263,8694,        1780387244,0.0,0.0
1,     31265,8695,        1780587248,0.0,0.0
1,     31267,8696,        1780787248,0.0,0.0
1,     31269,8697,        1780987248,0.0,0.0
1,     31271,8698,        1781187252,0.0,0.0
1,     31273,8699,        1781387252,0.0,0.0
0,     31275,0,        1781527863,0.0,3250
0,     31277,0,        1781554836,0.0,5498
1,     31279,8700,        1781587252,0.0,0.0
0,     31281,0,        1781687279,0.0,5356
1,     31283,8701,        1781787252,0.0,0.0
1,     31285,8702,        1781987256,0.0,0.0
0,     31287,0,        1782060023,0.0,3250
1,     31289,8703,        1782187256,0.0,0.0
0,     31291,0,        1782213539,0.0,991
0,     31293,0,        1782293386,0.0,5564
0,     31295,0,        1782354686,0.0,2142
1,     31297,8704,        1782387256,0.0,0.0
1,     31299,8705,        1782587260,0.0,0.0
1,     31301,8706,        1782787260,0.0,0.0
1,     31303,8707,        1782987260,0.0,0.0
0,     31305,0,        1783113108,0.0,4502
0,     31306,0,        1783113160,0.0,4999
1,     31308,8708,        1783187264,0.0,0.0
1,     31310,8709,        1783387264,0.0,0.0
1,     31312,8710,        1783587264,0.0,0.0
0,     31314,0,        1783764579,0.0,3251
1,     31316,8711,        1783787264,0.0,0.0
1,     31318,8712,        1783987268,0.0,0.0
1,     31320,8713,        1784187268,0.0,0.0
0,     31322,0,        1784262236,0.0,774
1,     31324,8714,        1784387268,0.0,0.0
0,     31326,0,        1784412028,0.0,1763
1,     31328,8715,        1784587272,0.0,0.0
0,     31330,0,        1784628549,0.0,2874
1,     31332,8716,        1784787272,0.0,0.0
1,     31334,8717,        1784987272,0.0,0.0
1,     31336,8718,        1785187276,0.0,0.0
0,     31338,0,        1785273627,0.0,2975
1,     31340,8719,        1785387276,0.0,0.0
1,     31342,8720,        1785587276,0.0,0.0
0,     31344,0,        1785602208,0.0,1286
1,     31346,8721,        1785787276,0.0,0.0
1,     31348,8722,        1785987280,0.0,0.0
0,     31350,0,        1786155886,0.0,3802
1,     31352,8723,        1786187280,0.0,0.0
1,     31354,8724,        1786387280,0.0,0.0
1,     31356,8725,        1786587284,0.0,0.0
0,     31358,0,        1786662616,0.0,3321
0,     31360,0,        1786732811,0.0,984
1,     31362,8726,        1786787284,0.0,0.0
0,     31364,0,        1786978690,0.0,3523
1,     31366,8727,        1786987284,0.0,0.0
1,     31368,8728,        1787187288,0.0,0.0
1,     31370,8729,        1787387288,0.0,0.0
0,     31372,0,        1787491326,0.0,5182
0,     31374,0,        1787544662,0.0,288
1,     31376,8730,        1787587288,0.0,0.0
0,     31378,0,        1787720566,0.0,1266
1,     31380,8731,        1787787288,0.0,0.0
0,     31382,0,        1787928250,0.0,966
1,     31384,8732,        1787987292,0.0,0.0
0,     31386,0,        1788109988,0.0,4706
1,     31388,8733,        1788187292,0.0,0.0
1,     31390,8734,        1788387292,0.0,0.0
0,     31392,0,        1788482805,0.0,2020
1,     31394,8735,        1788587296,0.0,0.0
0,     31396,0,        1788735252,0.0,5744
1,     31398,8736,        1788787296,0.0,0.0
1,     31400,8737,        1788987296,0.0,0.0
1,     31402,8738,        1789187300,0.0,0.0
1,     31404,8739,        1789387300,0.0,0.0
1,     31406,8740,        1789587300,0.0,0.0
0,     31408,0,        1789689034,0.0,4392
0,     31410,0,        1789780069,0.0,2424
1,     31412,8741,        1789787300,0.0,0.0
1,     31414,8742,        1789987304,0.0,0.0
1,     31416,8743,        1790187304,0.0,0.0
0,     31418,0,        1790291814,0.0,1986
1,     31420,8744,        1790387304,0.0,0.0
1,     31422,8745,        1790587308,0.0,0.0
0,     31424,0,        1790592463,0.0,2974
0,     31426,0,        1790600997,0.0,324
1,     31428,8746,        1790787308,0.0,0.0
1,     31430,8747,        1790987308,0.0,0.0
0,     31432,0,        1791120605,0.0,3699
0,     31434,0,        1791173367,0.0,4752
1,     31436,8748,        1791187308,0.0,0.0
0,     31438,0,        1791189179,0.0,5430
1,     31440,8749,        1791387312,0.0,0.0
1,     31442,8750,        1791587312,0.0,0.0
0,     31444,0,        1791635471,0.0,1338
0,     31446,0,        1791649147,0.0,1195
0,     31447,0,        1791649151,0.0,4139
0,     31448,0,        1791649207,0.0,5701
1,     31450,8751,        1791787312,0.0,0.0
0,     31452,0,        1791820594,0.0,3976
1,     31454,8752,        1791987316,0.0,0.0
1,     31456,8753,        1792187316,0.0,0.0
1,     31458,8754,        1792387316,0.0,0.0
0,     31460,0,        1792453225,0.0,3437
1,     31462,8755,        1792587320,0.0,0.0
0,     31464,0,        1792657892,0.0,1700
1,     31466,8756,        1792787320,0.0,0.0
1,     31468,8757,        1792987320,0.0,0.0
1,     31470,8758,        1793187320,0.0,0.0
1,     31472,8759,        1793387324,0.0,0.0
0,     31474,0,        1793532635,0.0,772
1,     31476,8760,        1793587324,0.0,0.0
1,     31478,8761,        1793787324,0.0,0.0
1,     31480,8762,        1793987328,0.0,0.0
1,     31482,8763,        1794187328,0.0,0.0
0,     31484,0,        1794383241,0.0,1150
1,     31486,8764,        1794387328,0.0,0.0
1,     31488,8765,        1794587332,0.0,0.0
0,     31490,0,        1794645815,0.0,2036
1,     31492,8766,        1794787332,0.0,0.0
1,     31494,8767,        1794987332,0.0,0.0
0,     31496,0,        1794993864,0.0,4910
1,     31498,8768,        1795187332,0.0,0.0
1,     31500,8769,        1795387336,0.0,0.0
0,     31502,0,        1795398465,0.0,4115
0,     31504,0,        1795506918,0.0,1385
1,     31506,8770,        1795587336,0.0,0.0
1,     31508,8771,        1795787336,0.0,0.0
0,     31510,0,        1795861299,0.0,1057
1,     31512,8772,        1795987340,0.0,0.0
0,     31514,0,        1796186705,0.0,4889
1,     31516,8773,        1796187340,0.0,0.0
1,     31518,8774,        1796387340,0.0,0.0
1,     31520,8775,        1796587344,0.0,0.0
1,     31522,8776,        1796787344,0.0,0.0
1,     31524,8777,        1796987344,0.0,0.0
0,     31526,0,        1797021608,0.0,4603
0,     31528,0,        1797047694,0.0,2980
0,     31530,0,        1797062045,0.0,2718
1,     31532,8778,        1797187344,0.0,0.0
1,     31534,8779,        1797387348,0.0,0.0
1,     31536,8780,        1797587348,0.0,0.0
1,     31538,8781,        1797787348,0.0,0.0
0,     31540,0,        1797880327,0.0,5111
0,     31542,0,        1797908605,0.0,1697
1,     31544,8782,        1797987352,0.0,0.0
1,     31546,8783,        1798187352,0.0,0.0
0,     31548,0,        1798272350,0.0,2892
0,     31550,0,        1798353856,0.0,3457
1,     31552,8784,        1798387352,0.0,0.0
0,     31554,0,        1798483920,0.0,3258
1,     31556,8785,        1798587356,0.0,0.0
0,     31558,0,        1798689996,0.0,1255
1,     31560,8786,        1798787356,0.0,0.0
0,     31562,0,        1798807046,0.0,2200
0,     31564,0,        1798907615,0.0,6028
1,     31566,8787,        1798987356,0.0,0.0
0,     31568,0,        1799016969,0.0,3246
1,     31570,8788,        1799187356,0.0,0.0
1,     31572,8789,        1799387360,0.0,0.0
1,     31574,8790,        1799587360,0.0,0.0
0,     31576,0,        1799600335,0.0,47
0,     31578,0,        1799671941,0.0,466
1,     31580,8791,        1799787360,0.0,0.0
0,     31582,0,        1799809573,0.0,6221
0,     31584,0,        1799938789,0.0,280
1,     31586,8792,        1799987364,0.0,0.0
1,     31588,8793,        1800187364,0.0,0.0
1,     31590,8794,        1800387364,0.0,0.0
0,     31592,0,        1800416797,0.0,3299
0,     31594,0,        1800542653,0.0,1504
1,     31596,8795,        1800587364,0.0,0.0
0,     31598,0,        1800660368,0.0,4044
1,     31600,8796,        1800787368,0.0,0.0
1,     31602,8797,        1800987368,0.0,0.0
0,     31604,0,        1801169844,0.0,3281
1,     31606,8798,        1801187368,0.0,0.0
1,     31608,8799,        1801387372,0.0,0.0
1,     31610,8800,        1801587372,0.0,0.0
0,     31612,0,        1801691447,0.0,4508
0,     31614,0,        1801694564,0.0,5202
1,     31616,8801,        1801787372,0.0,0.0
1,     31618,8802,        1801987376,0.0,0.0
0,     31620,0,        1802122081,0.0,5218
1,     31622,8803,        1802187376,0.0,0.0
1,     31624,8804,        1802387376,0.0,0.0
1,     31626,8805,        1802587376,0.0,0.0
1,     31628,8806,        1802787380,0.0,0.0
0,     31630,0,        1802967759,0.0,832
1,     31632,8807,        1802987380,0.0,0.0
1,     31634,8808,        1803187380,0.0,0.0
0,     31636,0,        1803201765,0.0,3277
1,     31638,8809,        1803387384,0.0,0.0
0,     31640,0,        1803422830,0.0,5199
0,     31642,0,        1803555080,0.0,1557
0,     31643,0,        1803555183,0.0,4187
1,     31645,8810,        1803587384,0.0,0.0
0,     31647,0,        1803769929,0.0,4823
1,     31649,8811,        1803787384,0.0,0.0
0,     31651,0,        1803907312,0.0,6029
1,     31653,8812,        1803987388,0.0,0.0
0,     31655,0,        1803999243,0.0,153
1,     31657,8813,        1804187388,0.0,0.0
1,     31659,8814,        1804387388,0.0,0.0
1,     31661,8815,        1804587388,0.0,0.0
1,     31663,8816,        1804787392,0.0,0.0
1,     31665,8817,        1804987392,0.0,0.0
0,     31667,0,        1805023029,0.0,1926
1,     31669,8818,        1805187392,0.0,0.0
0,     31671,0,        1805365592,0.0,1912
0,     31673,0,        1805370794,0.0,5039
1,     31675,8819,        1805387396,0.0,0.0
1,     31677,8820,        1805587396,0.0,0.0
0,     31679,0,        1805650337,0.0,4249
0,     31680,0,        1805650937,0.0,967
1,     31682,8821,        1805787396,0.0,0.0
1,     31684,8822,        1805987400,0.0,0.0
0,     31686,0,        1806010700,0.0,3688
1,     31688,8823,        1806187400,0.0,0.0
1,     31690,8824,        1806387400,0.0,0.0
1,     31692,8825,        1806587400,0.0,0.0
0,     31694,0,        1806662999,0.0,3094
1,     31696,8826,        1806787404,0.0,0.0
0,     31698,0,        1806901225,0.0,2371
1,     31700,8827,        1806987404,0.0,0.0
1,     31702,8828,        1807187404,0.0,0.0
1,     31704,8829,        1807387408,0.0,0.0
1,     31706,8830,        1807587408,0.0,0.0
0,     31708,0,        1807619665,0.0,2479
1,     31710,8831,        1807787408,0.0,0.0
0,     31712,0,        1807878566,0.0,3611
1,     31714,8832,        1807987408,0.0,0.0
0,     31716,0,        1808064324,0.0,5332
1,     31718,8833,        1808187412,0.0,0.0
1,     31720,8834,        1808387412,0.0,0.0
1,     31722,8835,        1808587412,0.0,0.0
0,     31724,0,        1808691515,0.0,2254
1,     31726,8836,        1808787416,0.0,0.0
1,     31728,8837,        1808987416,0.0,0.0
1,     31730,8838,        1809187416,0.0,0.0
0,     31732,0,        1809348571,0.0,4316
1,     31734,8839,        1809387420,0.0,0.0
0,     31736,0,        1809542298,0.0,5961
1,     31738,8840,        1809587420,0.0,0.0
1,     31740,8841,        1809787420,0.0,0.0
0,     31742,0,        1809819382,0.0,5787
0,     31744,0,        1809827024,0.0,5929
1,     31746,8842,        1809987420,0.0,0.0
1,     31748,8843,        1810187424,0.0,0.0
0,     31750,0,        1810230667,0.0,3626
0,     31751,0,        1810231135,0.0,1585
0,     31753,0,        1810260961,0.0,3858
1,     31755,8844,        1810387424,0.0,0.0
0,     31757,0,        1810582721,0.0,1944
1,     31759,8845,        1810587424,0.0,0.0
0,     31761,0,        1810667438,0.0,1518
0,     31763,0,        1810756274,0.0,2533
1,     31765,8846,        1810787428,0.0,0.0
0,     31767,0,        1810922556,0.0,3042
0,     31768,0,        1810922597,0.0,592
1,     31770,8847,        1810987428,0.0,0.0
0,     31772,0,        1811174658,0.0,2588
1,     31774,8848,        1811187428,0.0,0.0
0,     31776,0,        1811202661,0.0,5551
1,     31778,8849,        1811387432,0.0,0.0
0,     31780,0,        1811444503,0.0,93
1,     31782,8850,        1811587432,0.0,0.0
1,     31784,8851,        1811787432,0.0,0.0
0,     31786,0,        1811809185,0.0,5426
1,     31788,8852,        1811987432,0.0,0.0
1,     31790,8853,        1812187436,0.0,0.0
1,     31792,8854,        1812387436,0.0,0.0
1,     31794,8855,        1812587436,0.0,0.0
1,     31796,8856,        1812787440,0.0,0.0
1,     31798,8857,        1812987440,0.0,0.0
1,     31800,8858,        1813187440,0.0,0.0
1,     31802,8859,        1813387440,0.0,0.0
1,     31804,8860,        1813587444,0.0,0.0
0,     31806,0,        1813685629,0.0,1085
0,     31807,0,        1813685701,0.0,3383
1,     31809,8861,        1813787444,0.0,0.0
1,     31811,8862,        1813987444,0.0,0.0
1,     31813,8863,        1814187448,0.0,0.0
1,     31815,8864,        1814387448,0.0,0.0
0,     31817,0,        1814424436,0.0,946
1,     31819,8865,        1814587448,0.0,0.0
1,     31821,8866,        1814787452,0.0,0.0
1,     31823,8867,        1814987452,0.0,0.0
0,     31825,0,        1814988186,0.0,1899
1,     31827,8868,        1815187452,0.0,0.0
1,     31829,8869,        1815387456,0.0,0.0
0,     31831,0,        1815521937,0.0,3289
0,     31833,0,        1815541936,0.0,2774
1,     31835,8870,        1815587456,0.0,0.0
1,     31837,8871,        1815787456,0.0,0.0
0,     31839,0,        1815925938,0.0,1738
0,     31841,0,        1815949990,0.0,2773
1,     31843,8872,        1815987456,0.0,0.0
1,     31845,8873,        1816187460,0.0,0.0
0,     31847,0,        1816296906,0.0,1614
1,     31849,8874,        1816387460,0.0,0.0
0,     31851,0,        1816391027,0.0,5286
0,     31853,0,        1816410405,0.0,4384
0,     31855,0,        1816465871,0.0,3918
0,     31856,0,        1816465873,0.0,5516
0,     31857,0,        1816465885,0.0,5823
1,     31859,8875,        1816587460,0.0,0.0
0,     31861,0,        1816653742,0.0,1510
1,     31863,8876,        1816787464,0.0,0.0
0,     31865,0,        1816855617,0.0,1683
0,     31867,0,        1816939427,0.0,1006
1,     31869,8877,        1816987464,0.0,0.0
1,     31871,8878,        1817187464,0.0,0.0
0,     31873,0,        1817354024,0.0,3882
1,     31875,8879,        1817387464,0.0,0.0
0,     31877,0,        1817559064,0.0,6103
1,     31879,8880,        1817587468,0.0,0.0
0,     31881,0,        1817627717,0.0,1786
0,     31883,0,        1817749119,0.0,5986
1,     31885,8881,        1817787468,0.0,0.0
1,     31887,8882,        1817987468,0.0,0.0
1,     31889,8883,        1818187472,0.0,0.0
0,     31891,0,        1818273284,0.0,94
1,     31893,8884,        1818387472,0.0,0.0
0,     31895,0,        1818468481,0.0,2337
0,     31897,0,        1818560286,0.0,4731
1,     31899,8885,        1818587472,0.0,0.0
1,     31901,8886,        1818787476,0.0,0.0
0,     31903,0,        1818864203,0.0,23
1,     31905,8887,        1818987476,0.0,0.0
1,     31907,8888,        1819187476,0.0,0.0
0,     31909,0,        1819289093,0.0,5002
1,     31911,8889,        1819387476,0.0,0.0
1,     31913,8890,        1819587480,0.0,0.0
1,     31915,8891,        1819787480,0.0,0.0
1,     31917,8892,        1819987480,0.0,0.0
0,     31919,0,        1820038407,0.0,3598
0,     31921,0,        1820076760,0.0,766
1,     31923,8893,        1820187484,0.0,0.0
0,     31925,0,        1820308468,0.0,2692
0,     31927,0,        1820342034,0.0,1232
0,     31928,0,        1820342115,0.0,385
0,     31930,0,        1820357326,0.0,1117
1,     31932,8894,        1820387484,0.0,0.0
1,     31934,8895,        1820587484,0.0,0.0
1,     31936,8896,        1820787488,0.0,0.0
0,     31938,0,        1820934547,0.0,54
1,     31940,8897,        1820987488,0.0,0.0
0,     31942,0,        1821002284,0.0,4274
0,     31944,0,        1821030664,0.0,508
1,     31946,8898,        1821187488,0.0,0.0
0,     31948,0,        1821224902,0.0,2493
1,     31950,8899,        1821387488,0.0,0.0
1,     31952,8900,        1821587492,0.0,0.0
0,     31954,0,        1821713345,0.0,3691
1,     31956,8901,        1821787492,0.0,0.0
1,     31958,8902,        1821987492,0.0,0.0
0,     31960,0,        1822131349,0.0,2260
1,     31962,8903,        1822187496,0.0,0.0
0,     31964,0,        1822300379,0.0,5767
1,     31966,8904,        1822387496,0.0,0.0
0,     31968,0,        1822436554,0.0,5632
0,     31970,0,        1822534464,0.0,444
1,     31972,8905,        1822587496,0.0,0.0
1,     31974,8906,        1822787496,0.0,0.0
0,     31976,0,        1822876845,0.0,1993
1,     31978,8907,        1822987500,0.0,0.0
0,     31980,0,        1823173801,0.0,5034
1,     31982,8908,        1823187500,0.0,0.0
0,     31984,0,        1823258284,0.0,1481
1,     31986,8909,        1823387500,0.0,0.0
1,     31988,8910,        1823587504,0.0,0.0
0,     31990,0,        1823757626,0.0,5869
1,     31992,8911,        1823787504,0.0,0.0
1,     31994,8912,        1823987504,0.0,0.0
1,     31996,8913,        1824187508,0.0,0.0
0,     31998,0,        1824383591,0.0,6112
1,     32000,8914,        1824387508,0.0,0.0
0,     32002,0,        1824440543,0.0,5446
1,     32004,8915,        1824587508,0.0,0.0
1,     32006,8916,        1824787508,0.0,0.0
0,     32008,0,        1824966944,0.0,593
1,     32010,8917,        1824987512,0.0,0.0
1,     32012,8918,        1825187512,0.0,0.0
0,     32014,0,        1825236896,0.0,3417
0,     32016,0,        1825329036,0.0,5963
1,     32018,8919,        1825387512,0.0,0.0
0,     32020,0,        1825414863,0.0,1821
1,     32022,8920,        1825587516,0.0,0.0
0,     32024,0,        1825604133,0.0,1500
0,     32026,0,        1825653405,0.0,1989
0,     32028,0,        1825725516,0.0,2395
1,     32030,8921,        1825787516,0.0,0.0
0,     32032,0,        1825847429,0.0,570
1,     32034,8922,        1825987516,0.0,0.0
1,     32036,8923,        1826187520,0.0,0.0
1,     32038,8924,        1826387520,0.0,0.0
1,     32040,8925,        1826587520,0.0,0.0
1,     32042,8926,        1826787520,0.0,0.0
0,     32044,0,        1826908909,0.0,6201
1,     32046,8927,        1826987524,0.0,0.0
0,     32048,0,        1826988950,0.0,1323
1,     32050,8928,        1827187524,0.0,0.0
0,     32052,0,        1827352737,0.0,3052
1,     32054,8929,        1827387524,0.0,0.0
1,     32056,8930,        1827587528,0.0,0.0
1,     32058,8931,        1827787528,0.0,0.0
0,     32060,0,        1827799696,0.0,4389
1,     32062,8932,        1827987528,0.0,0.0
0,     32064,0,        1828155162,0.0,1967
1,     32066,8933,        1828187532,0.0,0.0
0,     32068,0,        1828358785,0.0,3342
1,     32070,8934,        1828387532,0.0,0.0
1,     32072,8935,        1828587532,0.0,0.0
1,     32074,8936,        1828787532,0.0,0.0
0,     32076,0,        1828890974,0.0,342
0,     32078,0,        1828947022,0.0,3627
1,     32080,8937,        1828987536,0.0,0.0
1,     32082,8938,        1829187536,0.0,0.0
1,     32084,8939,        1829387536,0.0,0.0
0,     32086,0,        1829479357,0.0,2819
1,     32088,8940,        1829587540,0.0,0.0
0,     32090,0,        1829657312,0.0,5785
0,     32092,0,        1829711999,0.0,4151
1,     32094,8941,        1829787540,0.0,0.0
0,     32096,0,        1829948301,0.0,1591
1,     32098,8942,        1829987540,0.0,0.0
1,     32100,8943,        1830187544,0.0,0.0
0,     32102,0,        1830318450,0.0,930
1,     32104,8944,        1830387544,0.0,0.0
0,     32106,0,        1830481482,0.0,5432
1,     32108,8945,        1830587544,0.0,0.0
0,     32110,0,        1830727828,0.0,1535
1,     32112,8946,        1830787544,0.0,0.0
1,     32114,8947,        1830987548,0.0,0.0
1,     32116,8948,        1831187548,0.0,0.0
1,     32118,8949,        1831387548,0.0,0.0
1,     32120,8950,        1831587552,0.0,0.0
1,     32122,8951,        1831787552,0.0,0.0
0,     32124,0,        1831793179,0.0,4097
0,     32126,0,        1831965807,0.0,4091
1,     32128,8952,        1831987552,0.0,0.0
0,     32130,0,        1832095916,0.0,793
1,     32132,8953,        1832187552,0.0,0.0
0,     32134,0,        1832272904,0.0,4810
0,     32135,0,        1832272970,0.0,3851
0,     32137,0,        1832321814,0.0,922
1,     32139,8954,        1832387556,0.0,0.0
0,     32141,0,        1832564970,0.0,4496
1,     32143,8955,        1832587556,0.0,0.0
0,     32145,0,        1832606625,0.0,2035
1,     32147,8956,        1832787556,0.0,0.0
0,     32149,0,        1832828145,0.0,4965
0,     32151,0,        1832979498,0.0,3705
1,     32153,8957,        1832987560,0.0,0.0
0,     32155,0,        1833181817,0.0,2508
1,     32157,8958,        1833187560,0.0,0.0
0,     32159,0,        1833195209,0.0,2775
1,     32161,8959,        1833387560,0.0,0.0
0,     32163,0,        1833407902,0.0,468
0,     32165,0,        1833475603,0.0,4901
0,     32167,0,        1833507974,0.0,369
1,     32169,8960,        1833587564,0.0,0.0
0,     32171,0,        1833634479,0.0,4432
0,     32173,0,        1833673172,0.0,2111
0,     32175,0,        1833776735,0.0,3087
1,     32177,8961,        1833787564,0.0,0.0
1,     32179,8962,        1833987564,0.0,0.0
1,     32181,8963,        1834187564,0.0,0.0
1,     32183,8964,        1834387568,0.0,0.0
1,     32185,8965,        1834587568,0.0,0.0
0,     32187,0,        1834714327,0.0,1055
1,     32189,8966,        1834787568,0.0,0.0
1,     32191,8967,        1834987572,0.0,0.0
0,     32193,0,        1835173061,0.0,1740
1,     32195,8968,        1835187572,0.0,0.0
0,     32197,0,        1835301096,0.0,1408
1,     32199,8969,        1835387572,0.0,0.0
0,     32201,0,        1835476450,0.0,1095
1,     32203,8970,        1835587576,0.0,0.0
0,     32205,0,        1835679939,0.0,1199
1,     32207,8971,        1835787576,0.0,0.0
0,     32209,0,        1835887910,0.0,4831
0,     32211,0,        1835925613,0.0,5711
1,     32213,8972,        1835987576,0.0,0.0
0,     32215,0,        1836092721,0.0,2919
1,     32217,8973,        1836187576,0.0,0.0
1,     32219,8974,        1836387580,0.0,0.0
1,     32221,8975,        1836587580,0.0,0.0
1,     32223,8976,        1836787580,0.0,0.0
1,     32225,8977,        1836987584,0.0,0.0
0,     32227,0,        1837160990,0.0,1889
1,     32229,8978,        1837187584,0.0,0.0
1,     32231,8979,        1837387584,0.0,0.0
1,     32233,8980,        1837587588,0.0,0.0
1,     32235,8981,        1837787588,0.0,0.0
1,     32237,8982,        1837987588,0.0,0.0
0,     32239,0,        1838156877,0.0,5762
1,     32241,8983,        1838187588,0.0,0.0
0,     32243,0,        1838246865,0.0,2150
1,     32245,8984,        1838387592,0.0,0.0
0,     32247,0,        1838512827,0.0,6244
1,     32249,8985,        1838587592,0.0,0.0
1,     32251,8986,        1838787592,0.0,0.0
1,     32253,8987,        1838987596,0.0,0.0
0,     32255,0,        1839094132,0.0,849
1,     32257,8988,        1839187596,0.0,0.0
1,     32259,8989,        1839387596,0.0,0.0
1,     32261,8990,        1839587596,0.0,0.0
0,     32263,0,        1839630644,0.0,4190
0,     32265,0,        1839715552,0.0,659
1,     32267,8991,        1839787600,0.0,0.0
1,     32269,8992,        1839987600,0.0,0.0
1,     32271,8993,        1840187600,0.0,0.0
0,     32273,0,        1840208720,0.0,343
1,     32275,8994,        1840387604,0.0,0.0
0,     32277,0,        1840400155,0.0,236
1,     32279,8995,        1840587604,0.0,0.0
0,     32281,0,        1840609307,0.0,855
0,     32283,0,        1840622078,0.0,2440
0,     32285,0,        1840639883,0.0,2698
1,     32287,8996,        1840787604,0.0,0.0
1,     32289,8997,        1840987608,0.0,0.0
0,     32291,0,        1841000771,0.0,5802
0,     32293,0,        1841090855,0.0,2960
1,     32295,8998,        1841187608,0.0,0.0
1,     32297,8999,        1841387608,0.0,0.0
0,     32299,0,        1841541026,0.0,3810
1,     32301,9000,        1841587608,0.0,0.0
1,     32303,9001,        1841787612,0.0,0.0
0,     32305,0,        1841808935,0.0,2702
1,     32307,9002,        1841987612,0.0,0.0
0,     32309,0,        1842097569,0.0,3620
0,     32311,0,        1842154118,0.0,1769
0,     32313,0,        1842166571,0.0,4726
1,     32315,9003,        1842187612,0.0,0.0
1,     32317,9004,        1842387616,0.0,0.0
0,     32319,0,        1842531337,0.0,2030
1,     32321,9005,        1842587616,0.0,0.0
1,     32323,9006,        1842787616,0.0,0.0
1,     32325,9007,        1842987620,0.0,0.0
0,     32326,0,        1842987866,0.0,2229
1,     32328,9008,        1843187620,0.0,0.0
0,     32330,0,        1843325435,0.0,5959
1,     32332,9009,        1843387620,0.0,0.0
0,     32334,0,        1843417612,0.0,4355
1,     32336,9010,        1843587620,0.0,0.0
1,     32338,9011,        1843787624,0.0,0.0
0,     32340,0,        1843850551,0.0,4584
1,     32342,9012,        1843987624,0.0,0.0
0,     32344,0,        1844155211,0.0,5447
1,     32346,9013,        1844187624,0.0,0.0
1,     32348,9014,        1844387628,0.0,0.0
1,     32350,9015,        1844587628,0.0,0.0
0,     32352,0,        1844771957,0.0,2294
1,     32354,9016,        1844787628,0.0,0.0
1,     32356,9017,        1844987632,0.0,0.0
0,     32358,0,        1845077707,0.0,1150
1,     32360,9018,        1845187632,0.0,0.0
1,     32362,9019,        1845387632,0.0,0.0
0,     32364,0,        1845455770,0.0,150
1,     32366,9020,        1845587632,0.0,0.0
0,     32368,0,        1845685019,0.0,4309
1,     32370,9021,        1845787636,0.0,0.0
0,     32372,0,        1845816106,0.0,1550
1,     32374,9022,        1845987636,0.0,0.0
1,     32376,9023,        1846187636,0.0,0.0
1,     32378,9024,        1846387640,0.0,0.0
0,     32380,0,        1846471402,0.0,2131
0,     32382,0,        1846553776,0.0,5725
1,     32384,9025,        1846587640,0.0,0.0
1,     32386,9026,        1846787640,0.0,0.0
0,     32388,0,        1846917206,0.0,2186
1,     32390,9027,        1846987644,0.0,0.0
1,     32392,9028,        1847187644,0.0,0.0
1,     32394,9029,        1847387644,0.0,0.0
1,     32396,9030,        1847587644,0.0,0.0
1,     32398,9031,        1847787648,0.0,0.0
1,     32400,9032,        1847987648,0.0,0.0
1,     32402,9033,        1848187648,0.0,0.0
0,     32404,0,        1848288643,0.0,3448
0,     32406,0,        1848380473,0.0,5397
1,     32408,9034,        1848387652,0.0,0.0
0,     32410,0,        1848403853,0.0,1234
0,     32412,0,        1848550179,0.0,3776
1,     32414,9035,        1848587652,0.0,0.0
0,     32416,0,        1848630425,0.0,1626
0,     32418,0,        1848786536,0.0,4237
1,     32420,9036,        1848787652,0.0,0.0
1,     32422,9037,        1848987652,0.0,0.0
0,     32424,0,        1849040129,0.0,4385
0,     32426,0,        1849121847,0.0,6227
1,     32428,9038,        1849187656,0.0,0.0
1,     32430,9039,        1849387656,0.0,0.0
0,     32432,0,        1849568783,0.0,1489
1,     32434,9040,        1849587656,0.0,0.0
0,     32436,0,        1849624766,0.0,4495
0,     32438,0,        1849746257,0.0,2778
1,     32440,9041,        1849787660,0.0,0.0
0,     32442,0,        1849791080,0.0,3595
0,     32444,0,        1849884727,0.0,444
0,     32446,0,        1849918927,0.0,2862
0,     32448,0,        1849984174,0.0,4029
1,     32450,9042,        1849987660,0.0,0.0
0,     32452,0,        1850146178,0.0,891
1,     32454,9043,        1850187660,0.0,0.0
0,     32456,0,        1850371934,0.0,2760
1,     32458,9044,        1850387664,0.0,0.0
0,     32460,0,        1850431227,0.0,2762
0,     32462,0,        1850465714,0.0,4001
1,     32464,9045,        1850587664,0.0,0.0
0,     32466,0,        1850693490,0.0,5421
1,     32468,9046,        1850787664,0.0,0.0
1,     32470,9047,        1850987664,0.0,0.0
1,     32472,9048,        1851187668,0.0,0.0
0,     32474,0,        1851276333,0.0,4920
1,     32476,9049,        1851387668,0.0,0.0
0,     32478,0,        1851450726,0.0,3557
1,     32480,9050,        1851587668,0.0,0.0
0,     32482,0,        1851716432,0.0,3433
1,     32484,9051,        1851787672,0.0,0.0
0,     32486,0,        1851854841,0.0,1660
1,     32488,9052,        1851987672,0.0,0.0
0,     32490,0,        1851989176,0.0,5542
1,     32492,9053,        1852187672,0.0,0.0
1,     32494,9054,        1852387676,0.0,0.0
0,     32496,0,        1852440954,0.0,3728
0,     32498,0,        1852516400,0.0,1265
1,     32500,9055,        1852587676,0.0,0.0
0,     32502,0,        1852758670,0.0,2053
1,     32504,9056,        1852787676,0.0,0.0
0,     32506,0,        1852811787,0.0,4653
0,     32508,0,        1852822621,0.0,3414
1,     32510,9057,        1852987676,0.0,0.0
1,     32512,9058,        1853187680,0.0,0.0
0,     32514,0,        1853360626,0.0,3315
1,     32516,9059,        1853387680,0.0,0.0
0,     32518,0,        1853489807,0.0,2158
1,     32520,9060,        1853587680,0.0,0.0
0,     32522,0,        1853631197,0.0,756
1,     32524,9061,        1853787684,0.0,0.0
0,     32526,0,        1853984276,0.0,5985
1,     32528,9062,        1853987684,0.0,0.0
0,     32530,0,        1854142860,0.0,1336
0,     32531,0,        1854142886,0.0,5655
1,     32533,9063,        1854187684,0.0,0.0
1,     32535,9064,        1854387688,0.0,0.0
1,     32537,9065,        1854587688,0.0,0.0
1,     32539,9066,        1854787688,0.0,0.0
1,     32541,9067,        1854987688,0.0,0.0
0,     32543,0,        1855029592,0.0,1530
1,     32545,9068,        1855187692,0.0,0.0
0,     32547,0,        1855236562,0.0,1344
0,     32549,0,        1855338226,0.0,3080
1,     32551,9069,        1855387692,0.0,0.0
0,     32553,0,        1855435640,0.0,768
1,     32555,9070,        1855587692,0.0,0.0
0,     32557,0,        1855667427,0.0,2403
0,     32559,0,        1855711884,0.0,3494
1,     32561,9071,        1855787696,0.0,0.0
0,     32563,0,        1855918575,0.0,3264
1,     32565,9072,        1855987696,0.0,0.0
1,     32567,9073,        1856187696,0.0,0.0
1,     32569,9074,        1856387700,0.0,0.0
0,     32571,0,        1856543330,0.0,1797
1,     32573,9075,        1856587700,0.0,0.0
0,     32575,0,        1856652220,0.0,3287
1,     32577,9076,        1856787700,0.0,0.0
1,     32579,9077,        1856987700,0.0,0.0
1,     32581,9078,        1857187704,0.0,0.0
0,     32583,0,        1857188368,0.0,2773
0,     32585,0,        1857224074,0.0,1814
0,     32587,0,        1857355711,0.0,5351
1,     32589,9079,        1857387704,0.0,0.0
1,     32591,9080,        1857587704,0.0,0.0
0,     32593,0,        1857632488,0.0,5760
0,     32595,0,        1857750781,0.0,1790
1,     32597,9081,        1857787708,0.0,0.0
0,     32599,0,        1857792727,0.0,3488
1,     32601,9082,        1857987708,0.0,0.0
1,     32603,9083,        1858187708,0.0,0.0
1,     32605,9084,        1858387708,0.0,0.0
0,     32607,0,        1858559931,0.0,2768
0,     32609,0,        1858560240,0.0,2502
1,     32611,9085,        1858587712,0.0,0.0
0,     32613,0,        1858662618,0.0,3884
1,     32615,9086,        1858787712,0.0,0.0
0,     32617,0,        1858847058,0.0,1757
1,     32619,9087,        1858987712,0.0,0.0
1,     32621,9088,        1859187716,0.0,0.0
0,     32623,0,        1859227323,0.0,2475
1,     32625,9089,        1859387716,0.0,0.0
0,     32627,0,        1859432783,0.0,3267
1,     32629,9090,        1859587716,0.0,0.0
0,     32631,0,        1859737965,0.0,3267
1,     32633,9091,        1859787720,0.0,0.0
1,     32635,9092,        1859987720,0.0,0.0
1,     32637,9093,        1860187720,0.0,0.0
1,     32639,9094,        1860387720,0.0,0.0
1,     32641,9095,        1860587724,0.0,0.0
1,     32643,9096,        1860787724,0.0,0.0
0,     32645,0,        1860957677,0.0,2111
1,     32647,9097,        1860987724,0.0,0.0
1,     32649,9098,        1861187728,0.0,0.0
1,     32651,9099,        1861387728,0.0,0.0
0,     32653,0,        1861443641,0.0,1268
1,     32655,9100,        1861587728,0.0,0.0
0,     32657,0,        1861732180,0.0,3353
1,     32659,9101,        1861787732,0.0,0.0
0,     32661,0,        1861844857,0.0,3561
0,     32663,0,        1861892445,0.0,4414
0,     32664,0,        1861893104,0.0,1494
0,     32666,0,        1861905774,0.0,2552
0,     32668,0,        1861930087,0.0,4889
1,     32670,9102,        1861987732,0.0,0.0
1,     32672,9103,        1862187732,0.0,0.0
1,     32674,9104,        1862387732,0.0,0.0
0,     32676,0,        1862531646,0.0,3752
1,     32678,9105,        1862587736,0.0,0.0
0,     32680,0,        1862665059,0.0,4045
1,     32682,9106,        1862787736,0.0,0.0
0,     32684,0,        1862869596,0.0,2856
0,     32686,0,        1862889277,0.0,3332
1,     32688,9107,        1862987736,0.0,0.0
0,     32690,0,        1862996841,0.0,1710
1,     32692,9108,        1863187740,0.0,0.0
1,     32694,9109,        1863387740,0.0,0.0
0,     32696,0,        1863508232,0.0,1510
0,     32698,0,        1863580975,0.0,1748
1,     32700,9110,        1863587740,0.0,0.0
1,     32702,9111,        1863787744,0.0,0.0
0,     32704,0,        1863884264,0.0,6007
1,     32706,9112,        1863987744,0.0,0.0
0,     32708,0,        1864052555,0.0,2371
0,     32710,0,        1864153817,0.0,4915
1,     32712,9113,        1864187744,0.0,0.0
0,     32714,0,        1864188284,0.0,596
1,     32716,9114,        1864387744,0.0,0.0
0,     32718,0,        1864424320,0.0,3736
0,     32720,0,        1864574453,0.0,3859
1,     32722,9115,        1864587748,0.0,0.0
0,     32724,0,        1864643874,0.0,916
0,     32726,0,        1864766469,0.0,1811
1,     32728,9116,        1864787748,0.0,0.0
1,     32730,9117,        1864987748,0.0,0.0
0,     32732,0,        1865154546,0.0,3436
1,     32734,9118,        1865187752,0.0,0.0
1,     32736,9119,        1865387752,0.0,0.0
1,     32738,9120,        1865587752,0.0,0.0
0,     32740,0,        1865678081,0.0,3480
1,     32742,9121,        1865787752,0.0,0.0
1,     32744,9122,        1865987756,0.0,0.0
0,     32746,0,        1866154603,0.0,3132
1,     32748,9123,        1866187756,0.0,0.0
1,     32750,9124,        1866387756,0.0,0.0
0,     32752,0,        1866482943,0.0,4179
0,     32754,0,        1866516568,0.0,5366
1,     32756,9125,        1866587760,0.0,0.0
0,     32758,0,        1866769193,0.0,6122
0,     32760,0,        1866779233,0.0,2960
0,     32761,0,        1866779457,0.0,2683
1,     32763,9126,        1866787760,0.0,0.0
0,     32765,0,        1866834292,0.0,361
0,     32767,0,        1866957984,0.0,4281
1,     32769,9127,        1866987760,0.0,0.0
1,     32771,9128,        1867187764,0.0,0.0
0,     32773,0,        1867286159,0.0,1244
0,     32774,0,        1867286243,0.0,4669
0,     32776,0,        1867337724,0.0,5688
1,     32778,9129,        1867387764,0.0,0.0
0,     32780,0,        1867540395,0.0,3614
1,     32782,9130,        1867587764,0.0,0.0
0,     32784,0,        1867749042,0.0,413
0,     32786,0,        1867772631,0.0,1614
1,     32788,9131,        1867787764,0.0,0.0
1,     32790,9132,        1867987768,0.0,0.0
0,     32792,0,        1868068086,0.0,1021
1,     32794,9133,        1868187768,0.0,0.0
1,     32796,9134,        1868387768,0.0,0.0
1,     32798,9135,        1868587772,0.0,0.0
0,     32800,0,        1868621513,0.0,1613
0,     32802,0,        1868766048,0.0,3212
1,     32804,9136,        1868787772,0.0,0.0
0,     32806,0,        1868956967,0.0,4404
1,     32808,9137,        1868987772,0.0,0.0
0,     32810,0,        1869092376,0.0,2496
0,     32812,0,        1869173724,0.0,1456
1,     32814,9138,        1869187776,0.0,0.0
0,     32816,0,        1869229312,0.0,373
1,     32818,9139,        1869387776,0.0,0.0
0,     32820,0,        1869560122,0.0,4004
0,     32822,0,        1869584144,0.0,3868
1,     32824,9140,        1869587776,0.0,0.0
1,     32826,9141,        1869787776,0.0,0.0
0,     32828,0,        1869816636,0.0,1788
1,     32830,9142,        1869987780,0.0,0.0
0,     32832,0,        1870054023,0.0,4419
1,     32834,9143,        1870187780,0.0,0.0
0,     32836,0,        1870251075,0.0,5201
1,     32838,9144,        1870387780,0.0,0.0
0,     32840,0,        1870491859,0.0,3145
1,     32842,9145,        1870587784,0.0,0.0
1,     32844,9146,        1870787784,0.0,0.0
1,     32846,9147,        1870987784,0.0,0.0
0,     32848,0,        1871112877,0.0,1632
1,     32850,9148,        1871187788,0.0,0.0
0,     32852,0,        1871326224,0.0,2548
1,     32854,9149,        1871387788,0.0,0.0
1,     32856,9150,        1871587788,0.0,0.0
1,     32858,9151,        1871787788,0.0,0.0
1,     32860,9152,        1871987792,0.0,0.0
0,     32862,0,        1872054570,0.0,2393
1,     32864,9153,        1872187792,0.0,0.0
0,     32866,0,        1872292730,0.0,1148
0,     32868,0,        1872298678,0.0,3219
1,     32870,9154,        1872387792,0.0,0.0
1,     32872,9155,        1872587796,0.0,0.0
1,     32874,9156,        1872787796,0.0,0.0
1,     32876,9157,        1872987796,0.0,0.0
0,     32878,0,        1873158815,0.0,3563
1,     32880,9158,        1873187800,0.0,0.0
1,     32882,9159,        1873387800,0.0,0.0
0,     32884,0,        1873391312,0.0,1818
1,     32886,9160,        1873587800,0.0,0.0
0,     32888,0,        1873652132,0.0,5450
0,     32889,0,        1873652344,0.0,4410
1,     32891,9161,        1873787800,0.0,0.0
0,     32893,0,        1873847859,0.0,4886
1,     32895,9162,        1873987804,0.0,0.0
0,     32897,0,        1874178727,0.0,3255
1,     32899,9163,        1874187804,0.0,0.0
0,     32901,0,        1874252097,0.0,4418
1,     32903,9164,        1874387804,0.0,0.0
1,     32905,9165,        1874587808,0.0,0.0
0,     32907,0,        1874771174,0.0,1449
1,     32909,9166,        1874787808,0.0,0.0
1,     32911,9167,        1874987808,0.0,0.0
1,     32913,9168,        1875187808,0.0,0.0
0,     32915,0,        1875355072,0.0,921
1,     32917,9169,        1875387812,0.0,0.0
0,     32919,0,        1875489371,0.0,5006
0,     32921,0,        1875542910,0.0,3372
1,     32923,9170,        1875587812,0.0,0.0
0,     32925,0,        1875724391,0.0,6166
1,     32927,9171,        1875787812,0.0,0.0
1,     32929,9172,        1875987816,0.0,0.0
0,     32931,0,        1876179845,0.0,3278
1,     32933,9173,        1876187816,0.0,0.0
0,     32935,0,        1876274727,0.0,5499
0,     32936,0,        1876274837,0.0,2453
0,     32938,0,        1876348673,0.0,5745
1,     32940,9174,        1876387816,0.0,0.0
0,     32942,0,        1876491931,0.0,644
1,     32944,9175,        1876587820,0.0,0.0
0,     32946,0,        1876613185,0.0,5825
1,     32948,9176,        1876787820,0.0,0.0
0,     32950,0,        1876835496,0.0,1626
0,     32952,0,        1876973403,0.0,440
1,     32954,9177,        1876987820,0.0,0.0
1,     32956,9178,        1877187820,0.0,0.0
1,     32958,9179,        1877387824,0.0,0.0
0,     32960,0,        1877455784,0.0,1501
1,     32962,9180,        1877587824,0.0,0.0
0,     32964,0,        1877696243,0.0,2257
1,     32966,9181,        1877787824,0.0,0.0
1,     32968,9182,        1877987828,0.0,0.0
0,     32970,0,        1877994907,0.0,1790
0,     32972,0,        1878070383,0.0,5119
0,     32973,0,        1878070388,0.0,1119
0,     32975,0,        1878096363,0.0,3321
1,     32977,9183,        1878187828,0.0,0.0
0,     32979,0,        1878274026,0.0,5039
1,     32981,9184,        1878387828,0.0,0.0
1,     32983,9185,        1878587832,0.0,0.0
1,     32985,9186,        1878787832,0.0,0.0
1,     32987,9187,        1878987832,0.0,0.0
0,     32989,0,        1879015693,0.0,197
1,     32991,9188,        1879187832,0.0,0.0
0,     32993,0,        1879274138,0.0,1154
0,     32995,0,        1879353676,0.0,367
1,     32997,9189,        1879387836,0.0,0.0
0,     32999,0,        1879412760,0.0,1306
0,     33001,0,        1879472497,0.0,4452
0,     33003,0,        1879581887,0.0,5959
0,     33004,0,        1879582520,0.0,268
1,     33006,9190,        1879587836,0.0,0.0
0,     33008,0,        1879650760,0.0,2289
1,     33010,9191,        1879787836,0.0,0.0
1,     33012,9192,        1879987840,0.0,0.0
1,     33014,9193,        1880187840,0.0,0.0
1,     33016,9194,        1880387840,0.0,0.0
1,     33018,9195,        1880587844,0.0,0.0
0,     33020,0,        1880692137,0.0,3599
0,     33022,0,        1880699801,0.0,3872
1,     33024,9196,        1880787844,0.0,0.0
0,     33026,0,        1880846049,0.0,4200
1,     33028,9197,        1880987844,0.0,0.0
1,     33030,9198,        1881187844,0.0,0.0
1,     33032,9199,        1881387848,0.0,0.0
1,     33034,9200,        1881587848,0.0,0.0
0,     33036,0,        1881754193,0.0,4957
0,     33038,0,        1881764704,0.0,3426
1,     33040,9201,        1881787848,0.0,0.0
0,     33042,0,        1881974958,0.0,719
1,     33044,9202,        1881987852,0.0,0.0
1,     33046,9203,        1882187852,0.0,0.0
0,     33048,0,        1882261915,0.0,1457
1,     33050,9204,        1882387852,0.0,0.0
1,     33052,9205,        1882587856,0.0,0.0
1,     33054,9206,        1882787856,0.0,0.0
1,     33056,9207,        1882987856,0.0,0.0
1,     33058,9208,        1883187856,0.0,0.0
0,     33060,0,        1883231585,0.0,3905
0,     33062,0,        1883289237,0.0,3323
0,     33064,0,        1883332435,0.0,5191
1,     33066,9209,        1883387860,0.0,0.0
0,     33068,0,        1883449299,0.0,4427
1,     33070,9210,        1883587860,0.0,0.0
0,     33072,0,        1883734242,0.0,4269
0,     33074,0,        1883774801,0.0,5509
1,     33076,9211,        1883787860,0.0,0.0
0,     33078,0,        1883890167,0.0,3946
1,     33080,9212,        1883987864,0.0,0.0
0,     33082,0,        1884174991,0.0,5154
1,     33084,9213,        1884187864,0.0,0.0
0,     33086,0,        1884253482,0.0,1379
1,     33088,9214,        1884387864,0.0,0.0
0,     33090,0,        1884548920,0.0,4295
1,     33092,9215,        1884587864,0.0,0.0
1,     33094,9216,        1884787868,0.0,0.0
1,     33096,9217,        1884987868,0.0,0.0
1,     33098,9218,        1885187868,0.0,0.0
1,     33100,9219,        1885387872,0.0,0.0
1,     33102,9220,        1885587872,0.0,0.0
1,     33104,9221,        1885787872,0.0,0.0
0,     33106,0,        1885881303,0.0,3136
1,     33108,9222,        1885987876,0.0,0.0
1,     33110,9223,        1886187876,0.0,0.0
0,     33112,0,        1886281882,0.0,248
1,     33114,9224,        1886387876,0.0,0.0
1,     33116,9225,        1886587876,0.0,0.0
0,     33118,0,        1886780878,0.0,1611
1,     33120,9226,        1886787880,0.0,0.0
1,     33122,9227,        1886987880,0.0,0.0
0,     33124,0,        1886999588,0.0,987
0,     33126,0,        1887102901,0.0,3478
0,     33128,0,        1887102985,0.0,753
0,     33130,0,        1887161563,0.0,3401
1,     33132,9228,        1887187880,0.0,0.0
1,     33134,9229,        1887387884,0.0,0.0
0,     33136,0,        1887525116,0.0,1490
0,     33137,0,        1887525119,0.0,840
1,     33139,9230,        1887587884,0.0,0.0
1,     33141,9231,        1887787884,0.0,0.0
1,     33143,9232,        1887987888,0.0,0.0
0,     33145,0,        1887998364,0.0,5333
0,     33147,0,        1888117400,0.0,3745
1,     33149,9233,        1888187888,0.0,0.0
0,     33151,0,        1888189629,0.0,5158
0,     33153,0,        1888193686,0.0,460
1,     33155,9234,        1888387888,0.0,0.0
1,     33157,9235,        1888587888,0.0,0.0
1,     33159,9236,        1888787892,0.0,0.0
1,     33161,9237,        1888987892,0.0,0.0
1,     33163,9238,        1889187892,0.0,0.0
0,     33165,0,        1889237577,0.0,3320
1,     33167,9239,        1889387896,0.0,0.0
0,     33169,0,        1889407751,0.0,4573
0,     33171,0,        1889451158,0.0,2206
0,     33173,0,        1889505872,0.0,1732
1,     33175,9240,        1889587896,0.0,0.0
1,     33177,9241,        1889787896,0.0,0.0
0,     33179,0,        1889837436,0.0,3560
1,     33181,9242,        1889987900,0.0,0.0
1,     33183,9243,        1890187900,0.0,0.0
1,     33185,9244,        1890387900,0.0,0.0
0,     33187,0,        1890395877,0.0,4668
0,     33189,0,        1890518644,0.0,1276
1,     33191,9245,        1890587900,0.0,0.0
1,     33193,9246,        1890787904,0.0,0.0
0,     33195,0,        1890873835,0.0,6184
1,     33197,9247,        1890987904,0.0,0.0
1,     33199,9248,        1891187904,0.0,0.0
0,     33201,0,        1891286670,0.0,4108
0,     33203,0,        1891363342,0.0,5747
1,     33205,9249,        1891387908,0.0,0.0
0,     33207,0,        1891447564,0.0,1647
0,     33209,0,        1891453947,0.0,6112
0,     33211,0,        1891478858,0.0,3838
1,     33213,9250,        1891587908,0.0,0.0
0,     33215,0,        1891600924,0.0,3734
0,     33217,0,        1891783327,0.0,3441
1,     33219,9251,        1891787908,0.0,0.0
1,     33221,9252,        1891987908,0.0,0.0
0,     33223,0,        1892100035,0.0,5679
0,     33225,0,        1892160569,0.0,5885
1,     33227,9253,        1892187912,0.0,0.0
1,     33229,9254,        1892387912,0.0,0.0
1,     33231,9255,        1892587912,0.0,0.0
0,     33233,0,        1892638753,0.0,2376
1,     33235,9256,        1892787916,0.0,0.0
1,     33237,9257,        1892987916,0.0,0.0
1,     33239,9258,        1893187916,0.0,0.0
1,     33241,9259,        1893387920,0.0,0.0
0,     33243,0,        1893446600,0.0,3406
1,     33245,9260,        1893587920,0.0,0.0
0,     33247,0,        1893616143,0.0,1597
0,     33249,0,        1893774278,0.0,5684
1,     33251,9261,        1893787920,0.0,0.0
0,     33253,0,        1893815600,0.0,1229
1,     33255,9262,        1893987920,0.0,0.0
1,     33257,9263,        1894187924,0.0,0.0
0,     33259,0,        1894228774,0.0,1674
0,     33261,0,        1894370206,0.0,4942
0,     33263,0,        1894377063,0.0,2307
1,     33265,9264,        1894387924,0.0,0.0
0,     33267,0,        1894491083,0.0,6061
1,     33269,9265,        1894587924,0.0,0.0
0,     33271,0,        1894744896,0.0,1235
1,     33273,9266,        1894787928,0.0,0.0
1,     33275,9267,        1894987928,0.0,0.0
1,     33277,9268,        1895187928,0.0,0.0
0,     33279,0,        1895210914,0.0,2038
1,     33281,9269,        1895387932,0.0,0.0
0,     33283,0,        1895503159,0.0,5544
1,     33285,9270,        1895587932,0.0,0.0
1,     33287,9271,        1895787932,0.0,0.0
1,     33289,9272,        1895987932,0.0,0.0
0,     33291,0,        1896103798,0.0,859
0,     33293,0,        1896171288,0.0,5784
1,     33295,9273,        1896187936,0.0,0.0
0,     33297,0,        1896192612,0.0,2994
0,     33299,0,        1896274264,0.0,1434
0,     33301,0,        1896286062,0.0,1566
1,     33303,9274,        1896387936,0.0,0.0
0,     33305,0,        1896500842,0.0,4654
1,     33307,9275,        1896587936,0.0,0.0
0,     33309,0,        1896606076,0.0,4434
1,     33311,9276,        1896787940,0.0,0.0
1,     33313,9277,        1896987940,0.0,0.0
1,     33315,9278,        1897187940,0.0,0.0
0,     33317,0,        1897215044,0.0,2788
0,     33319,0,        1897327065,0.0,3053
1,     33321,9279,        1897387944,0.0,0.0
1,     33323,9280,        1897587944,0.0,0.0
0,     33325,0,        1897722117,0.0,3862
1,     33327,9281,        1897787944,0.0,0.0
0,     33329,0,        1897804115,0.0,3372
0,     33331,0,        1897925293,0.0,1890
1,     33333,9282,        1897987944,0.0,0.0
1,     33335,9283,        1898187948,0.0,0.0
1,     33337,9284,        1898387948,0.0,0.0
0,     33339,0,        1898492271,0.0,6059
1,     33341,9285,        1898587948,0.0,0.0
1,     33343,9286,        1898787952,0.0,0.0
0,     33345,0,        1898965855,0.0,4023
1,     33347,9287,        1898987952,0.0,0.0
0,     33349,0,        1899071622,0.0,5534
1,     33351,9288,        1899187952,0.0,0.0
0,     33353,0,        1899265272,0.0,1020
0,     33355,0,        1899327624,0.0,1430
1,     33357,9289,        1899387952,0.0,0.0
1,     33359,9290,        1899587956,0.0,0.0
0,     33361,0,        1899599111,0.0,2906
1,     33363,9291,        1899787956,0.0,0.0
1,     33365,9292,        1899987956,0.0,0.0
0,     33367,0,        1900024412,0.0,4860
0,     33369,0,        1900050262,0.0,1947
1,     33371,9293,        1900187960,0.0,0.0
1,     33373,9294,        1900387960,0.0,0.0
0,     33375,0,        1900578664,0.0,0
1,     33377,9295,        1900587960,0.0,0.0
0,     33379,0,        1900617971,0.0,4425
1,     33381,9296,        1900787964,0.0,0.0
1,     33383,9297,        1900987964,0.0,0.0
0,     33385,0,        1901038158,0.0,5936
1,     33387,9298,        1901187964,0.0,0.0
0,     33389,0,        1901220598,0.0,6010
0,     33391,0,        1901348006,0.0,2765
0,     33392,0,        1901348011,0.0,4806
1,     33394,9299,        1901387964,0.0,0.0
1,     33396,9300,        1901587968,0.0,0.0
0,     33398,0,        1901617852,0.0,6112
0,     33400,0,        1901618699,0.0,4821
1,     33402,9301,        1901787968,0.0,0.0
1,     33404,9302,        1901987968,0.0,0.0
1,     33406,9303,        1902187972,0.0,0.0
1,     33408,9304,        1902387972,0.0,0.0
1,     33410,9305,        1902587972,0.0,0.0
1,     33412,9306,        1902787976,0.0,0.0
1,     33414,9307,        1902987976,0.0,0.0
0,     33416,0,        1903073836,0.0,4418
1,     33418,9308,        1903187976,0.0,0.0
1,     33420,9309,        1903387976,0.0,0.0
1,     33422,9310,        1903587980,0.0,0.0
1,     33424,9311,        1903787980,0.0,0.0
1,     33426,9312,        1903987980,0.0,0.0
1,     33428,9313,        1904187984,0.0,0.0
0,     33430,0,        1904196688,0.0,4187
1,     33432,9314,        1904387984,0.0,0.0
0,     33434,0,        1904562848,0.0,1932
1,     33436,9315,        1904587984,0.0,0.0
0,     33438,0,        1904614353,0.0,1402
0,     33440,0,        1904617859,0.0,1930
0,     33442,0,        1904652002,0.0,5438
0,     33444,0,        1904752736,0.0,4912
1,     33446,9316,        1904787988,0.0,0.0
0,     33448,0,        1904965962,0.0,4532
0,     33450,0,        1904981673,0.0,5129
1,     33452,9317,        1904987988,0.0,0.0
0,     33454,0,        1905058404,0.0,975
0,     33455,0,        1905058409,0.0,1672
1,     33457,9318,        1905187988,0.0,0.0
0,     33459,0,        1905225871,0.0,1228
1,     33461,9319,        1905387988,0.0,0.0
1,     33463,9320,        1905587992,0.0,0.0
0,     33465,0,        1905680379,0.0,2319
1,     33467,9321,        1905787992,0.0,0.0
0,     33469,0,        1905926822,0.0,2610
1,     33471,9322,        1905987992,0.0,0.0
1,     33473,9323,        1906187996,0.0,0.0
1,     33475,9324,        1906387996,0.0,0.0
1,     33477,9325,        1906587996,0.0,0.0
1,     33479,9326,        1906787996,0.0,0.0
0,     33481,0,        1906798850,0.0,3856
0,     33483,0,        1906801606,0.0,5455
1,     33485,9327,        1906988000,0.0,0.0
1,     33487,9328,        1907188000,0.0,0.0
1,     33489,9329,        1907388000,0.0,0.0
0,     33491,0,        1907473583,0.0,4135
1,     33493,9330,        1907588004,0.0,0.0
1,     33495,9331,        1907788004,0.0,0.0
0,     33497,0,        1907931517,0.0,5686
1,     33499,9332,        1907988004,0.0,0.0
0,     33501,0,        1908082144,0.0,3331
1,     33503,9333,        1908188008,0.0,0.0
0,     33505,0,        1908251987,0.0,2284
1,     33507,9334,        1908388008,0.0,0.0
1,     33509,9335,        1908588008,0.0,0.0
0,     33511,0,        1908745817,0.0,5118
1,     33513,9336,        1908788008,0.0,0.0
0,     33515,0,        1908924432,0.0,4046
1,     33517,9337,        1908988012,0.0,0.0
0,     33519,0,        1909055524,0.0,3650
1,     33521,9338,        1909188012,0.0,0.0
0,     33523,0,        1909257962,0.0,5871
1,     33525,9339,        1909388012,0.0,0.0
1,     33527,9340,        1909588016,0.0,0.0
0,     33529,0,        1909669700,0.0,1882
1,     33531,9341,        1909788016,0.0,0.0
0,     33533,0,        1909841695,0.0,3713
1,     33535,9342,        1909988016,0.0,0.0
1,     33537,9343,        1910188020,0.0,0.0
1,     33539,9344,        1910388020,0.0,0.0
1,     33541,9345,        1910588020,0.0,0.0
1,     33543,9346,        1910788020,0.0,0.0
1,     33545,9347,        1910988024,0.0,0.0
1,     33547,9348,        1911188024,0.0,0.0
0,     33549,0,        1911216408,0.0,2100
1,     33551,9349,        1911388024,0.0,0.0
1,     33553,9350,        1911588028,0.0,0.0
0,     33555,0,        1911631793,0.0,1704
1,     33557,9351,        1911788028,0.0,0.0
0,     33559,0,        1911917633,0.0,5696
1,     33561,9352,        1911988028,0.0,0.0
1,     33563,9353,        1912188032,0.0,0.0
1,     33565,9354,        1912388032,0.0,0.0
1,     33567,9355,        1912588032,0.0,0.0
0,     33569,0,        1912645516,0.0,2798
1,     33571,9356,        1912788032,0.0,0.0
0,     33573,0,        1912858757,0.0,3029
0,     33575,0,        1912894430,0.0,3949
1,     33577,9357,        1912988036,0.0,0.0
1,     33579,9358,        1913188036,0.0,0.0
1,     33581,9359,        1913388036,0.0,0.0
1,     33583,9360,        1913588040,0.0,0.0
0,     33585,0,        1913646443,0.0,502
0,     33587,0,        1913783117,0.0,5636
1,     33589,9361,        1913788040,0.0,0.0
0,     33591,0,        1913798730,0.0,700
0,     33593,0,        1913878862,0.0,774
1,     33595,9362,        1913988040,0.0,0.0
0,     33597,0,        1914062534,0.0,4159
1,     33599,9363,        1914188044,0.0,0.0
0,     33601,0,        1914223094,0.0,3141
1,     33603,9364,        1914388044,0.0,0.0
1,     33605,9365,        1914588044,0.0,0.0
0,     33607,0,        1914701263,0.0,2041
1,     33609,9366,        1914788044,0.0,0.0
1,     33611,9367,        1914988048,0.0,0.0
1,     33613,9368,        1915188048,0.0,0.0
1,     33615,9369,        1915388048,0.0,0.0
1,     33617,9370,        1915588052,0.0,0.0
1,     33619,9371,        1915788052,0.0,0.0
0,     33621,0,        1915847641,0.0,4268
1,     33623,9372,        1915988052,0.0,0.0
0,     33625,0,        1916084128,0.0,5285
1,     33627,9373,        1916188052,0.0,0.0
1,     33629,9374,        1916388056,0.0,0.0
0,     33631,0,        1916583621,0.0,3093
1,     33633,9375,        1916588056,0.0,0.0
1,     33635,9376,        1916788056,0.0,0.0
1,     33637,9377,        1916988060,0.0,0.0
0,     33639,0,        1917066847,0.0,4249
1,     33641,9378,        1917188060,0.0,0.0
1,     33643,9379,        1917388060,0.0,0.0
1,     33645,9380,        1917588064,0.0,0.0
0,     33647,0,        1917607465,0.0,5437
1,     33649,9381,        1917788064,0.0,0.0
0,     33651,0,        1917913709,0.0,2563
1,     33653,9382,        1917988064,0.0,0.0
1,     33655,9383,        1918188064,0.0,0.0
1,     33657,9384,        1918388068,0.0,0.0
0,     33659,0,        1918409518,0.0,5907
0,     33661,0,        1918468940,0.0,3426
1,     33663,9385,        1918588068,0.0,0.0
1,     33665,9386,        1918788068,0.0,0.0
1,     33667,9387,        1918988072,0.0,0.0
1,     33669,9388,        1919188072,0.0,0.0
1,     33671,9389,        1919388072,0.0,0.0
1,     33673,9390,        1919588076,0.0,0.0
0,     33675,0,        1919591071,0.0,1727
0,     33677,0,        1919598096,0.0,2944
0,     33679,0,        1919697481,0.0,1709
1,     33681,9391,        1919788076,0.0,0.0
1,     33683,9392,        1919988076,0.0,0.0
1,     33685,9393,        1920188076,0.0,0.0
0,     33687,0,        1920234707,0.0,597
0,     33688,0,        1920235213,0.0,3497
1,     33690,9394,        1920388080,0.0,0.0
1,     33692,9395,        1920588080,0.0,0.0
0,     33694,0,        1920633874,0.0,4311
1,     33696,9396,        1920788080,0.0,0.0
0,     33698,0,        1920866287,0.0,3390
0,     33700,0,        1920866322,0.0,595
0,     33702,0,        1920922115,0.0,4378
1,     33704,9397,        1920988084,0.0,0.0
1,     33706,9398,        1921188084,0.0,0.0
0,     33708,0,        1921383057,0.0,1774
1,     33710,9399,        1921388084,0.0,0.0
0,     33712,0,        1921395449,0.0,2098
1,     33714,9400,        1921588088,0.0,0.0
1,     33716,9401,        1921788088,0.0,0.0
0,     33718,0,        1921970002,0.0,1055
0,     33720,0,        1921982112,0.0,2707
1,     33722,9402,        1921988088,0.0,0.0
1,     33724,9403,        1922188088,0.0,0.0
0,     33726,0,        1922206986,0.0,4819
0,     33728,0,        1922246562,0.0,5376
1,     33730,9404,        1922388092,0.0,0.0
0,     33732,0,        1922428056,0.0,3571
1,     33734,9405,        1922588092,0.0,0.0
0,     33736,0,        1922673302,0.0,2262
0,     33738,0,        1922689420,0.0,3531
0,     33739,0,        1922689836,0.0,5811
1,     33741,9406,        1922788092,0.0,0.0
1,     33743,9407,        1922988096,0.0,0.0
0,     33745,0,        1923109767,0.0,3102
1,     33747,9408,        1923188096,0.0,0.0
1,     33749,9409,        1923388096,0.0,0.0
1,     33751,9410,        1923588100,0.0,0.0
0,     33753,0,        1923658234,0.0,4630
1,     33755,9411,        1923788100,0.0,0.0
0,     33757,0,        1923797919,0.0,164
1,     33759,9412,        1923988100,0.0,0.0
1,     33761,9413,        1924188100,0.0,0.0
0,     33763,0,        1924359528,0.0,4212
1,     33765,9414,        1924388104,0.0,0.0
0,     33767,0,        1924494503,0.0,5758
0,     33768,0,        1924494510,0.0,248
1,     33770,9415,        1924588104,0.0,0.0
0,     33772,0,        1924688401,0.0,1943
1,     33774,9416,        1924788104,0.0,0.0
1,     33776,9417,        1924988108,0.0,0.0
0,     33778,0,        1925009474,0.0,5255
0,     33780,0,        1925020242,0.0,5059
0,     33782,0,        1925138818,0.0,5551
1,     33784,9418,        1925188108,0.0,0.0
1,     33786,9419,        1925388108,0.0,0.0
1,     33788,9420,        1925588108,0.0,0.0
0,     33790,0,        1925746369,0.0,5401
1,     33792,9421,        1925788112,0.0,0.0
0,     33794,0,        1925802006,0.0,3257
0,     33796,0,        1925888508,0.0,3432
1,     33798,9422,        1925988112,0.0,0.0
1,     33800,9423,        1926188112,0.0,0.0
0,     33802,0,        1926287832,0.0,3563
0,     33804,0,        1926305309,0.0,6179
1,     33806,9424,        1926388116,0.0,0.0
0,     33808,0,        1926485657,0.0,4612
0,     33810,0,        1926514023,0.0,1108
1,     33812,9425,        1926588116,0.0,0.0
0,     33814,0,        1926592498,0.0,5395
0,     33816,0,        1926672810,0.0,4596
0,     33818,0,        1926691523,0.0,3165
0,     33820,0,        1926773736,0.0,1278
1,     33822,9426,        1926788116,0.0,0.0
0,     33824,0,        1926954733,0.0,3553
0,     33826,0,        1926955155,0.0,4840
1,     33828,9427,        1926988120,0.0,0.0
1,     33830,9428,        1927188120,0.0,0.0
0,     33832,0,        1927204226,0.0,3371
1,     33834,9429,        1927388120,0.0,0.0
0,     33836,0,        1927412100,0.0,3451
0,     33838,0,        1927585961,0.0,5657
1,     33840,9430,        1927588120,0.0,0.0
0,     33842,0,        1927615120,0.0,5072
1,     33844,9431,        1927788124,0.0,0.0
0,     33846,0,        1927908482,0.0,5009
1,     33848,9432,        1927988124,0.0,0.0
0,     33850,0,        1928013281,0.0,3297
1,     33852,9433,        1928188124,0.0,0.0
0,     33854,0,        1928349356,0.0,4793
0,     33855,0,        1928349385,0.0,4434
0,     33857,0,        1928371839,0.0,3342
1,     33859,9434,        1928388128,0.0,0.0
1,     33861,9435,        1928588128,0.0,0.0
0,     33863,0,        1928601492,0.0,3327
0,     33865,0,        1928633490,0.0,5080
1,     33867,9436,        1928788128,0.0,0.0
1,     33869,9437,        1928988132,0.0,0.0
0,     33871,0,        1929080438,0.0,3407
0,     33873,0,        1929147970,0.0,3313
0,     33875,0,        1929184861,0.0,2218
1,     33877,9438,        1929188132,0.0,0.0
0,     33879,0,        1929255642,0.0,4484
0,     33881,0,        1929385736,0.0,3987
1,     33883,9439,        1929388132,0.0,0.0
0,     33885,0,        1929397347,0.0,3301
0,     33887,0,        1929575688,0.0,3305
1,     33889,9440,        1929588132,0.0,0.0
0,     33891,0,        1929685929,0.0,3955
1,     33893,9441,        1929788136,0.0,0.0
0,     33895,0,        1929843920,0.0,3926
1,     33897,9442,        1929988136,0.0,0.0
1,     33899,9443,        1930188136,0.0,0.0
0,     33901,0,        1930195166,0.0,4278
1,     33903,9444,        1930388140,0.0,0.0
1,     33905,9445,        1930588140,0.0,0.0
0,     33907,0,        1930787528,0.0,3295
1,     33909,9446,        1930788140,0.0,0.0
0,     33911,0,        1930810436,0.0,3279
1,     33913,9447,        1930988144,0.0,0.0
1,     33915,9448,        1931188144,0.0,0.0
1,     33917,9449,        1931388144,0.0,0.0
0,     33919,0,        1931398962,0.0,94
1,     33921,9450,        1931588144,0.0,0.0
0,     33923,0,        1931700252,0.0,2865
1,     33925,9451,        1931788148,0.0,0.0
0,     33927,0,        1931931615,0.0,3838
1,     33929,9452,        1931988148,0.0,0.0
0,     33931,0,        1932123072,0.0,1832
1,     33933,9453,        1932188148,0.0,0.0
1,     33935,9454,        1932388152,0.0,0.0
0,     33937,0,        1932565564,0.0,4356
1,     33939,9455,        1932588152,0.0,0.0
0,     33941,0,        1932671149,0.0,29
1,     33943,9456,        1932788152,0.0,0.0
1,     33945,9457,        1932988156,0.0,0.0
0,     33947,0,        1933123731,0.0,3984
1,     33949,9458,        1933188156,0.0,0.0
1,     33951,9459,        1933388156,0.0,0.0
0,     33953,0,        1933418943,0.0,3252
0,     33955,0,        1933478417,0.0,1837
1,     33957,9460,        1933588156,0.0,0.0
0,     33959,0,        1933653293,0.0,3257
1,     33961,9461,        1933788160,0.0,0.0
0,     33963,0,        1933835874,0.0,3502
0,     33965,0,        1933911894,0.0,2206
1,     33967,9462,        1933988160,0.0,0.0
0,     33969,0,        1934118744,0.0,1180
1,     33971,9463,        1934188160,0.0,0.0
0,     33973,0,        1934288363,0.0,3925
1,     33975,9464,        1934388164,0.0,0.0
1,     33977,9465,        1934588164,0.0,0.0
1,     33979,9466,        1934788164,0.0,0.0
0,     33981,0,        1934855318,0.0,1764
1,     33983,9467,        1934988164,0.0,0.0
1,     33985,9468,        1935188168,0.0,0.0
0,     33987,0,        1935332936,0.0,207
1,     33989,9469,        1935388168,0.0,0.0
1,     33991,9470,        1935588168,0.0,0.0
0,     33993,0,        1935736240,0.0,6086
0,     33995,0,        1935784913,0.0,173
1,     33997,9471,        1935788172,0.0,0.0
1,     33999,9472,        1935988172,0.0,0.0
0,     34001,0,        1936154904,0.0,3703
1,     34003,9473,        1936188172,0.0,0.0
0,     34005,0,        1936191294,0.0,3292
1,     34007,9474,        1936388176,0.0,0.0
0,     34009,0,        1936574867,0.0,4441
1,     34011,9475,        1936588176,0.0,0.0
1,     34013,9476,        1936788176,0.0,0.0
1,     34015,9477,        1936988176,0.0,0.0
1,     34017,9478,        1937188180,0.0,0.0
1,     34019,9479,        1937388180,0.0,0.0
0,     34021,0,        1937447366,0.0,2556
1,     34023,9480,        1937588180,0.0,0.0
1,     34025,9481,        1937788184,0.0,0.0
1,     34027,9482,        1937988184,0.0,0.0
0,     34029,0,        1938128849,0.0,3798
1,     34031,9483,        1938188184,0.0,0.0
0,     34033,0,        1938229355,0.0,1862
0,     34035,0,        1938300023,0.0,6204
1,     34037,9484,        1938388188,0.0,0.0
1,     34039,9485,        1938588188,0.0,0.0
1,     34041,9486,        1938788188,0.0,0.0
1,     34043,9487,        1938988188,0.0,0.0
0,     34045,0,        1939057184,0.0,3038
1,     34047,9488,        1939188192,0.0,0.0
1,     34049,9489,        1939388192,0.0,0.0
1,     34051,9490,        1939588192,0.0,0.0
1,     34053,9491,        1939788196,0.0,0.0
0,     34055,0,        1939803864,0.0,910
1,     34057,9492,        1939988196,0.0,0.0
1,     34059,9493,        1940188196,0.0,0.0
1,     34061,9494,        1940388200,0.0,0.0
0,     34063,0,        1940409300,0.0,687
1,     34065,9495,        1940588200,0.0,0.0
1,     34067,9496,        1940788200,0.0,0.0
0,     34069,0,        1940881019,0.0,5197
1,     34071,9497,        1940988200,0.0,0.0
1,     34073,9498,        1941188204,0.0,0.0
0,     34075,0,        1941276641,0.0,1044
1,     34077,9499,        1941388204,0.0,0.0
0,     34079,0,        1941498390,0.0,3906
1,     34081,9500,        1941588204,0.0,0.0
0,     34083,0,        1941749113,0.0,1312
1,     34085,9501,        1941788208,0.0,0.0
0,     34087,0,        1941898568,0.0,4088
1,     34089,9502,        1941988208,0.0,0.0
1,     34091,9503,        1942188208,0.0,0.0
0,     34093,0,        1942376001,0.0,3649
1,     34095,9504,        1942388212,0.0,0.0
1,     34097,9505,        1942588212,0.0,0.0
0,     34099,0,        1942699856,0.0,3939
1,     34101,9506,        1942788212,0.0,0.0
1,     34103,9507,        1942988212,0.0,0.0
0,     34105,0,        1943016853,0.0,3066
1,     34107,9508,        1943188216,0.0,0.0
0,     34109,0,        1943270097,0.0,5850
1,     34111,9509,        1943388216,0.0,0.0
1,     34113,9510,        1943588216,0.0,0.0
1,     34115,9511,        1943788220,0.0,0.0
0,     34117,0,        1943820558,0.0,2033
1,     34119,9512,        1943988220,0.0,0.0
0,     34121,0,        1944033126,0.0,1783
1,     34123,9513,        1944188220,0.0,0.0
1,     34125,9514,        1944388220,0.0,0.0
1,     34127,9515,        1944588224,0.0,0.0
0,     34129,0,        1944780115,0.0,1371
1,     34131,9516,        1944788224,0.0,0.0
1,     34133,9517,        1944988224,0.0,0.0
1,     34135,9518,        1945188228,0.0,0.0
0,     34137,0,        1945282827,0.0,2430
0,     34139,0,        1945321762,0.0,1247
0,     34140,0,        1945321855,0.0,3112
0,     34142,0,        1945326728,0.0,4287
1,     34144,9519,        1945388228,0.0,0.0
0,     34146,0,        1945471619,0.0,859
1,     34148,9520,        1945588228,0.0,0.0
1,     34150,9521,        1945788232,0.0,0.0
0,     34152,0,        1945847486,0.0,4948
1,     34154,9522,        1945988232,0.0,0.0
0,     34156,0,        1946060423,0.0,4741
0,     34158,0,        1946085671,0.0,1422
1,     34160,9523,        1946188232,0.0,0.0
1,     34162,9524,        1946388232,0.0,0.0
0,     34164,0,        1946583808,0.0,3735
1,     34166,9525,        1946588236,0.0,0.0
1,     34168,9526,        1946788236,0.0,0.0
0,     34170,0,        1946987267,0.0,5446
1,     34172,9527,        1946988236,0.0,0.0
0,     34174,0,        1947181479,0.0,392
1,     34176,9528,        1947188240,0.0,0.0
0,     34178,0,        1947305615,0.0,3084
1,     34180,9529,        1947388240,0.0,0.0
0,     34182,0,        1947486366,0.0,5734
1,     34184,9530,        1947588240,0.0,0.0
1,     34186,9531,        1947788244,0.0,0.0
1,     34188,9532,        1947988244,0.0,0.0
0,     34190,0,        1948024237,0.0,3248
1,     34192,9533,        1948188244,0.0,0.0
1,     34194,9534,        1948388244,0.0,0.0
0,     34196,0,        1948551038,0.0,1611
1,     34198,9535,        1948588248,0.0,0.0
1,     34200,9536,        1948788248,0.0,0.0
1,     34202,9537,        1948988248,0.0,0.0
1,     34204,9538,        1949188252,0.0,0.0
0,     34206,0,        1949197217,0.0,1029
1,     34208,9539,        1949388252,0.0,0.0
1,     34210,9540,        1949588252,0.0,0.0
0,     34212,0,        1949767611,0.0,3269
1,     34214,9541,        1949788252,0.0,0.0
1,     34216,9542,        1949988256,0.0,0.0
1,     34218,9543,        1950188256,0.0,0.0
0,     34220,0,        1950256338,0.0,827
1,     34222,9544,        1950388256,0.0,0.0
0,     34224,0,        1950444499,0.0,777
0,     34226,0,        1950531901,0.0,302
1,     34228,9545,        1950588260,0.0,0.0
1,     34230,9546,        1950788260,0.0,0.0
1,     34232,9547,        1950988260,0.0,0.0
0,     34234,0,        1951004188,0.0,4569
1,     34236,9548,        1951188264,0.0,0.0
0,     34238,0,        1951287426,0.0,5637
0,     34240,0,        1951355277,0.0,758
1,     34242,9549,        1951388264,0.0,0.0
1,     34244,9550,        1951588264,0.0,0.0
1,     34246,9551,        1951788264,0.0,0.0
0,     34248,0,        1951866283,0.0,3295
1,     34250,9552,        1951988268,0.0,0.0
0,     34252,0,        1952081086,0.0,6096
1,     34254,9553,        1952188268,0.0,0.0
0,     34256,0,        1952277172,0.0,1271
1,     34258,9554,        1952388268,0.0,0.0
0,     34260,0,        1952439350,0.0,1575
0,     34262,0,        1952478308,0.0,3757
1,     34264,9555,        1952588272,0.0,0.0
0,     34266,0,        1952762063,0.0,3327
1,     34268,9556,        1952788272,0.0,0.0
1,     34270,9557,        1952988272,0.0,0.0
0,     34272,0,        1953161425,0.0,1094
1,     34274,9558,        1953188276,0.0,0.0
0,     34276,0,        1953319843,0.0,463
1,     34278,9559,        1953388276,0.0,0.0
0,     34280,0,        1953576630,0.0,4989
1,     34282,9560,        1953588276,0.0,0.0
1,     34284,9561,        1953788276,0.0,0.0
0,     34286,0,        1953815324,0.0,5389
0,     34288,0,        1953879424,0.0,5726
0,     34290,0,        1953910000,0.0,3053
1,     34292,9562,        1953988280,0.0,0.0
0,     34294,0,        1954048363,0.0,3307
1,     34296,9563,        1954188280,0.0,0.0
0,     34298,0,        1954314620,0.0,3419
0,     34300,0,        1954362704,0.0,3432
1,     34302,9564,        1954388280,0.0,0.0
0,     34304,0,        1954478370,0.0,669
0,     34306,0,        1954505557,0.0,1676
0,     34308,0,        1954528150,0.0,3321
1,     34310,9565,        1954588284,0.0,0.0
0,     34312,0,        1954685975,0.0,1224
0,     34314,0,        1954746638,0.0,3263
0,     34316,0,        1954781075,0.0,3318
1,     34318,9566,        1954788284,0.0,0.0
0,     34320,0,        1954896987,0.0,2942
0,     34321,0,        1954897181,0.0,5152
1,     34323,9567,        1954988284,0.0,0.0
0,     34325,0,        1955140346,0.0,1808
1,     34327,9568,        1955188288,0.0,0.0
1,     34329,9569,        1955388288,0.0,0.0
0,     34331,0,        1955476064,0.0,2687
1,     34333,9570,        1955588288,0.0,0.0
0,     34335,0,        1955590130,0.0,3519
1,     34337,9571,        1955788288,0.0,0.0
0,     34339,0,        1955948142,0.0,3546
0,     34340,0,        1955948214,0.0,2259
1,     34342,9572,        1955988292,0.0,0.0
0,     34344,0,        1956073640,0.0,3812
1,     34346,9573,        1956188292,0.0,0.0
0,     34348,0,        1956288691,0.0,2295
0,     34350,0,        1956325045,0.0,651
1,     34352,9574,        1956388292,0.0,0.0
0,     34354,0,        1956397878,0.0,6114
0,     34356,0,        1956474158,0.0,649
1,     34358,9575,        1956588296,0.0,0.0
1,     34360,9576,        1956788296,0.0,0.0
1,     34362,9577,        1956988296,0.0,0.0
0,     34364,0,        1957072529,0.0,5450
0,     34366,0,        1957137864,0.0,3064
0,     34368,0,        1957142445,0.0,1569
0,     34370,0,        1957168940,0.0,4523
1,     34372,9578,        1957188300,0.0,0.0
0,     34374,0,        1957385257,0.0,3921
1,     34376,9579,        1957388300,0.0,0.0
0,     34378,0,        1957391248,0.0,673
1,     34380,9580,        1957588300,0.0,0.0
0,     34382,0,        1957663597,0.0,1618
1,     34384,9581,        1957788300,0.0,0.0
1,     34386,9582,        1957988304,0.0,0.0
0,     34388,0,        1958122030,0.0,2019
1,     34390,9583,        1958188304,0.0,0.0
0,     34392,0,        1958339203,0.0,282
1,     34394,9584,        1958388304,0.0,0.0
1,     34396,9585,        1958588308,0.0,0.0
0,     34398,0,        1958655722,0.0,3242
1,     34400,9586,        1958788308,0.0,0.0
0,     34402,0,        1958813508,0.0,5171
0,     34404,0,        1958919099,0.0,3762
1,     34406,9587,        1958988308,0.0,0.0
0,     34408,0,        1959138431,0.0,2511
1,     34410,9588,        1959188308,0.0,0.0
1,     34412,9589,        1959388312,0.0,0.0
1,     34414,9590,        1959588312,0.0,0.0
1,     34416,9591,        1959788312,0.0,0.0
1,     34418,9592,        1959988316,0.0,0.0
1,     34420,9593,        1960188316,0.0,0.0
1,     34422,9594,        1960388316,0.0,0.0
0,     34424,0,        1960525026,0.0,2894
1,     34426,9595,        1960588320,0.0,0.0
1,     34428,9596,        1960788320,0.0,0.0
1,     34430,9597,        1960988320,0.0,0.0
1,     34432,9598,        1961188320,0.0,0.0
0,     34434,0,        1961189484,0.0,701
1,     34436,9599,        1961388324,0.0,0.0
0,     34438,0,        1961557173,0.0,1875
1,     34440,9600,        1961588324,0.0,0.0
1,     34442,9601,        1961788324,0.0,0.0
0,     34444,0,        1961830886,0.0,1326
1,     34446,9602,        1961988328,0.0,0.0
1,     34448,9603,        1962188328,0.0,0.0
1,     34450,9604,        1962388328,0.0,0.0
0,     34452,0,        1962546719,0.0,982
1,     34454,9605,        1962588332,0.0,0.0
1,     34456,9606,        1962788332,0.0,0.0
0,     34458,0,        1962865018,0.0,4983
0,     34460,0,        1962911605,0.0,3493
0,     34462,0,        1962971318,0.0,6052
1,     34464,9607,        1962988332,0.0,0.0
0,     34466,0,        1963112640,0.0,3662
0,     34467,0,        1963112647,0.0,1564
0,     34469,0,        1963114955,0.0,5822
1,     34471,9608,        1963188332,0.0,0.0
0,     34473,0,        1963290734,0.0,1335
0,     34475,0,        1963343351,0.0,4464
1,     34477,9609,        1963388336,0.0,0.0
1,     34479,9610,        1963588336,0.0,0.0
0,     34481,0,        1963683578,0.0,3164
0,     34483,0,        1963741034,0.0,5758
1,     34485,9611,        1963788336,0.0,0.0
1,     34487,9612,        1963988340,0.0,0.0
0,     34489,0,        1964154015,0.0,706
1,     34491,9613,        1964188340,0.0,0.0
1,     34493,9614,        1964388340,0.0,0.0
1,     34495,9615,        1964588344,0.0,0.0
1,     34497,9616,        1964788344,0.0,0.0
0,     34499,0,        1964904410,0.0,1265
1,     34501,9617,        1964988344,0.0,0.0
1,     34503,9618,        1965188344,0.0,0.0
1,     34505,9619,        1965388348,0.0,0.0
1,     34507,9620,        1965588348,0.0,0.0
1,     34509,9621,        1965788348,0.0,0.0
0,     34511,0,        1965871432,0.0,5825
1,     34513,9622,        1965988352,0.0,0.0
1,     34515,9623,        1966188352,0.0,0.0
0,     34517,0,        1966191949,0.0,238
1,     34519,9624,        1966388352,0.0,0.0
1,     34521,9625,        1966588352,0.0,0.0
1,     34523,9626,        1966788356,0.0,0.0
0,     34525,0,        1966937091,0.0,762
1,     34527,9627,        1966988356,0.0,0.0
1,     34529,9628,        1967188356,0.0,0.0
0,     34531,0,        1967304385,0.0,6039
1,     34533,9629,        1967388360,0.0,0.0
1,     34535,9630,        1967588360,0.0,0.0
0,     34537,0,        1967669571,0.0,2919
1,     34539,9631,        1967788360,0.0,0.0
1,     34541,9632,        1967988364,0.0,0.0
0,     34543,0,        1968070493,0.0,4363
1,     34545,9633,        1968188364,0.0,0.0
1,     34547,9634,        1968388364,0.0,0.0
1,     34549,9635,        1968588364,0.0,0.0
1,     34551,9636,        1968788368,0.0,0.0
1,     34553,9637,        1968988368,0.0,0.0
1,     34555,9638,        1969188368,0.0,0.0
0,     34557,0,        1969194245,0.0,2124
0,     34559,0,        1969329849,0.0,5686
0,     34561,0,        1969359864,0.0,4673
1,     34563,9639,        1969388372,0.0,0.0
0,     34565,0,        1969571036,0.0,5600
1,     34567,9640,        1969588372,0.0,0.0
1,     34569,9641,        1969788372,0.0,0.0
0,     34571,0,        1969818977,0.0,2422
0,     34573,0,        1969840665,0.0,3091
1,     34575,9642,        1969988376,0.0,0.0
0,     34577,0,        1970155700,0.0,351
1,     34579,9643,        1970188376,0.0,0.0
0,     34581,0,        1970354141,0.0,2792
1,     34583,9644,        1970388376,0.0,0.0
1,     34585,9645,        1970588376,0.0,0.0
0,     34587,0,        1970675505,0.0,250
1,     34589,9646,        1970788380,0.0,0.0
0,     34591,0,        1970792324,0.0,4269
1,     34593,9647,        1970988380,0.0,0.0
0,     34595,0,        1971186499,0.0,2899
1,     34597,9648,        1971188380,0.0,0.0
0,     34599,0,        1971202742,0.0,3322
1,     34601,9649,        1971388384,0.0,0.0
0,     34603,0,        1971543754,0.0,4912
1,     34605,9650,        1971588384,0.0,0.0
0,     34607,0,        1971729691,0.0,1729
1,     34609,9651,        1971788384,0.0,0.0
0,     34611,0,        1971809987,0.0,1187
0,     34613,0,        1971810814,0.0,5611
1,     34615,9652,        1971988388,0.0,0.0
0,     34617,0,        1972147362,0.0,3400
1,     34619,9653,        1972188388,0.0,0.0
1,     34621,9654,        1972388388,0.0,0.0
0,     34623,0,        1972581024,0.0,1140
1,     34625,9655,        1972588388,0.0,0.0
0,     34627,0,        1972772627,0.0,2415
1,     34629,9656,        1972788392,0.0,0.0
0,     34631,0,        1972837816,0.0,3395
0,     34633,0,        1972983866,0.0,2927
1,     34635,9657,        1972988392,0.0,0.0
0,     34637,0,        1973134719,0.0,3435
1,     34639,9658,        1973188392,0.0,0.0
0,     34641,0,        1973255898,0.0,1285
1,     34643,9659,        1973388396,0.0,0.0
0,     34645,0,        1973537846,0.0,389
1,     34647,9660,        1973588396,0.0,0.0
1,     34649,9661,        1973788396,0.0,0.0
0,     34651,0,        1973800146,0.0,2768
1,     34653,9662,        1973988400,0.0,0.0
1,     34655,9663,        1974188400,0.0,0.0
0,     34657,0,        1974302233,0.0,5059
1,     34659,9664,        1974388400,0.0,0.0
1,     34661,9665,        1974588400,0.0,0.0
1,     34663,9666,        1974788404,0.0,0.0
0,     34665,0,        1974892365,0.0,765
0,     34667,0,        1974892612,0.0,3182
1,     34669,9667,        1974988404,0.0,0.0
1,     34671,9668,        1975188404,0.0,0.0
0,     34673,0,        1975255275,0.0,5571
0,     34675,0,        1975261099,0.0,3330
1,     34677,9669,        1975388408,0.0,0.0
0,     34679,0,        1975483401,0.0,4916
1,     34681,9670,        1975588408,0.0,0.0
0,     34683,0,        1975773275,0.0,4829
1,     34685,9671,        1975788408,0.0,0.0
1,     34687,9672,        1975988408,0.0,0.0
1,     34689,9673,        1976188412,0.0,0.0
1,     34691,9674,        1976388412,0.0,0.0
0,     34693,0,        1976576794,0.0,539
0,     34695,0,        1976577618,0.0,1413
1,     34697,9675,        1976588412,0.0,0.0
0,     34699,0,        1976677646,0.0,2670
1,     34701,9676,        1976788416,0.0,0.0
0,     34703,0,        1976847000,0.0,5942
1,     34705,9677,        1976988416,0.0,0.0
0,     34707,0,        1977141711,0.0,5530
1,     34709,9678,        1977188416,0.0,0.0
0,     34711,0,        1977318069,0.0,6188
0,     34713,0,        1977322496,0.0,3921
1,     34715,9679,        1977388420,0.0,0.0
0,     34717,0,        1977545440,0.0,755
1,     34719,9680,        1977588420,0.0,0.0
1,     34721,9681,        1977788420,0.0,0.0
0,     34723,0,        1977920644,0.0,5684
1,     34725,9682,        1977988420,0.0,0.0
0,     34727,0,        1978177318,0.0,4076
1,     34729,9683,        1978188424,0.0,0.0
1,     34731,9684,        1978388424,0.0,0.0
1,     34733,9685,        1978588424,0.0,0.0
1,     34735,9686,        1978788428,0.0,0.0
1,     34737,9687,        1978988428,0.0,0.0
0,     34739,0,        1978990810,0.0,103
0,     34741,0,        1979142254,0.0,1568
1,     34743,9688,        1979188428,0.0,0.0
1,     34745,9689,        1979388432,0.0,0.0
1,     34747,9690,        1979588432,0.0,0.0
0,     34749,0,        1979693284,0.0,2833
0,     34750,0,        1979693384,0.0,1024
1,     34752,9691,        1979788432,0.0,0.0
1,     34754,9692,        1979988432,0.0,0.0
0,     34756,0,        1980181530,0.0,2498
1,     34758,9693,        1980188436,0.0,0.0
0,     34760,0,        1980383113,0.0,3241
1,     34762,9694,        1980388436,0.0,0.0
0,     34764,0,        1980509151,0.0,4957
1,     34766,9695,        1980588436,0.0,0.0
1,     34768,9696,        1980788440,0.0,0.0
1,     34770,9697,        1980988440,0.0,0.0
0,     34772,0,        1981003330,0.0,5420
1,     34774,9698,        1981188440,0.0,0.0
0,     34776,0,        1981215107,0.0,3228
0,     34778,0,        1981263843,0.0,334
1,     34780,9699,        1981388444,0.0,0.0
0,     34782,0,        1981416240,0.0,4390
1,     34784,9700,        1981588444,0.0,0.0
1,     34786,9701,        1981788444,0.0,0.0
0,     34788,0,        1981929581,0.0,1227
1,     34790,9702,        1981988444,0.0,0.0
0,     34792,0,        1981995391,0.0,3115
0,     34794,0,        1982089928,0.0,5652
1,     34796,9703,        1982188448,0.0,0.0
0,     34798,0,        1982250014,0.0,897
1,     34800,9704,        1982388448,0.0,0.0
0,     34802,0,        1982425210,0.0,6063
0,     34804,0,        1982500353,0.0,548
0,     34806,0,        1982508469,0.0,1513
1,     34808,9705,        1982588448,0.0,0.0
1,     34810,9706,        1982788452,0.0,0.0
1,     34812,9707,        1982988452,0.0,0.0
0,     34814,0,        1983081091,0.0,2268
0,     34816,0,        1983158888,0.0,4433
1,     34818,9708,        1983188452,0.0,0.0
0,     34820,0,        1983374084,0.0,1063
1,     34822,9709,        1983388456,0.0,0.0
1,     34824,9710,        1983588456,0.0,0.0
1,     34826,9711,        1983788456,0.0,0.0
1,     34828,9712,        1983988456,0.0,0.0
1,     34830,9713,        1984188460,0.0,0.0
1,     34832,9714,        1984388460,0.0,0.0
0,     34834,0,        1984511537,0.0,4523
1,     34836,9715,        1984588460,0.0,0.0
0,     34838,0,        1984616182,0.0,5021
1,     34840,9716,        1984788464,0.0,0.0
0,     34842,0,        1984803375,0.0,5257
1,     34844,9717,        1984988464,0.0,0.0
0,     34846,0,        1985148104,0.0,5589
1,     34848,9718,        1985188464,0.0,0.0
0,     34850,0,        1985365777,0.0,538
1,     34852,9719,        1985388464,0.0,0.0
1,     34854,9720,        1985588468,0.0,0.0
1,     34856,9721,        1985788468,0.0,0.0
0,     34858,0,        1985798352,0.0,5374
1,     34860,9722,        1985988468,0.0,0.0
0,     34862,0,        1986133933,0.0,604
1,     34864,9723,        1986188472,0.0,0.0
0,     34866,0,        1986206071,0.0,29
0,     34868,0,        1986207964,0.0,5213
0,     34870,0,        1986363864,0.0,1705
1,     34872,9724,        1986388472,0.0,0.0
1,     34874,9725,        1986588472,0.0,0.0
1,     34876,9726,        1986788476,0.0,0.0
1,     34878,9727,        1986988476,0.0,0.0
1,     34880,9728,        1987188476,0.0,0.0
1,     34882,9729,        1987388476,0.0,0.0
1,     34884,9730,        1987588480,0.0,0.0
1,     34886,9731,        1987788480,0.0,0.0
1,     34888,9732,        1987988480,0.0,0.0
0,     34890,0,        1988080335,0.0,5040
1,     34892,9733,        1988188484,0.0,0.0
0,     34894,0,        1988314582,0.0,3118
1,     34896,9734,        1988388484,0.0,0.0
0,     34898,0,        1988478994,0.0,2767
1,     34900,9735,        1988588484,0.0,0.0
0,     34902,0,        1988712067,0.0,5554
1,     34904,9736,        1988788488,0.0,0.0
0,     34906,0,        1988793830,0.0,1722
0,     34908,0,        1988877472,0.0,2441
1,     34910,9737,        1988988488,0.0,0.0
0,     34912,0,        1989068717,0.0,511
1,     34914,9738,        1989188488,0.0,0.0
1,     34916,9739,        1989388488,0.0,0.0
0,     34918,0,        1989451052,0.0,5796
0,     34919,0,        1989451055,0.0,3486
1,     34921,9740,        1989588492,0.0,0.0
0,     34923,0,        1989634656,0.0,3795
1,     34925,9741,        1989788492,0.0,0.0
1,     34927,9742,        1989988492,0.0,0.0
0,     34929,0,        1989992759,0.0,5505
0,     34931,0,        1990147840,0.0,2262
1,     34933,9743,        1990188496,0.0,0.0
1,     34935,9744,        1990388496,0.0,0.0
0,     34937,0,        1990553818,0.0,2021
1,     34939,9745,        1990588496,0.0,0.0
0,     34941,0,        1990631244,0.0,4569
0,     34943,0,        1990655295,0.0,3055
1,     34945,9746,        1990788500,0.0,0.0
1,     34947,9747,        1990988500,0.0,0.0
1,     34949,9748,        1991188500,0.0,0.0
0,     34951,0,        1991244091,0.0,357
1,     34953,9749,        1991388500,0.0,0.0
0,     34955,0,        1991534191,0.0,102
1,     34957,9750,        1991588504,0.0,0.0
1,     34959,9751,        1991788504,0.0,0.0
0,     34961,0,        1991874604,0.0,5559
0,     34963,0,        1991911416,0.0,1957
1,     34965,9752,        1991988504,0.0,0.0
0,     34967,0,        1992081240,0.0,3511
1,     34969,9753,        1992188508,0.0,0.0
0,     34971,0,        1992250673,0.0,4881
1,     34973,9754,        1992388508,0.0,0.0
1,     34975,9755,        1992588508,0.0,0.0
0,     34977,0,        1992629233,0.0,3465
0,     34979,0,        1992655603,0.0,4001
1,     34981,9756,        1992788512,0.0,0.0
1,     34983,9757,        1992988512,0.0,0.0
0,     34985,0,        1993002807,0.0,2588
0,     34987,0,        1993096923,0.0,5909
1,     34989,9758,        1993188512,0.0,0.0
0,     34991,0,        1993334567,0.0,2595
1,     34993,9759,        1993388512,0.0,0.0
1,     34995,9760,        1993588516,0.0,0.0
1,     34997,9761,        1993788516,0.0,0.0
1,     34999,9762,        1993988516,0.0,0.0
0,     35001,0,        1993999811,0.0,3553
1,     35003,9763,        1994188520,0.0,0.0
0,     35005,0,        1994370434,0.0,3880
1,     35007,9764,        1994388520,0.0,0.0
1,     35009,9765,        1994588520,0.0,0.0
1,     35011,9766,        1994788520,0.0,0.0
0,     35013,0,        1994941701,0.0,863
1,     35015,9767,        1994988524,0.0,0.0
0,     35017,0,        1995081933,0.0,312
1,     35019,9768,        1995188524,0.0,0.0
0,     35021,0,        1995346844,0.0,198
1,     35023,9769,        1995388524,0.0,0.0
1,     35025,9770,        1995588528,0.0,0.0
1,     35027,9771,        1995788528,0.0,0.0
1,     35029,9772,        1995988528,0.0,0.0
0,     35031,0,        1995994602,0.0,5421
1,     35033,9773,        1996188532,0.0,0.0
1,     35035,9774,        1996388532,0.0,0.0
1,     35037,9775,        1996588532,0.0,0.0
0,     35039,0,        1996735404,0.0,3391
1,     35041,9776,        1996788532,0.0,0.0
0,     35043,0,        1996963795,0.0,3759
1,     35045,9777,        1996988536,0.0,0.0
0,     35047,0,        1996998976,0.0,6100
1,     35049,9778,        1997188536,0.0,0.0
1,     35051,9779,        1997388536,0.0,0.0
1,     35053,9780,        1997588540,0.0,0.0
0,     35055,0,        1997646239,0.0,148
1,     35057,9781,        1997788540,0.0,0.0
1,     35059,9782,        1997988540,0.0,0.0
1,     35061,9783,        1998188544,0.0,0.0
1,     35063,9784,        1998388544,0.0,0.0
0,     35065,0,        1998559207,0.0,5590
0,     35067,0,        1998568656,0.0,1226
1,     35069,9785,        1998588544,0.0,0.0
0,     35071,0,        1998668758,0.0,1601
1,     35073,9786,        1998788544,0.0,0.0
1,     35075,9787,        1998988548,0.0,0.0
0,     35077,0,        1999044240,0.0,4530
0,     35079,0,        1999067006,0.0,3630
1,     35081,9788,        1999188548,0.0,0.0
1,     35083,9789,        1999388548,0.0,0.0
1,     35085,9790,        1999588552,0.0,0.0
1,     35087,9791,        1999788552,0.0,0.0
0,     35089,0,        1999910744,0.0,916
0,     35091,0,        1999987743,0.0,367
1,     35092,9792,        1999988552,0.0,0.0
0,     35094,0,        2000166030,0.0,2670
1,     35096,9793,        2000188552,0.0,0.0
0,     35098,0,        2000376960,0.0,2236
1,     35100,9794,        2000388556,0.0,0.0
0,     35102,0,        2000551638,0.0,759
1,     35104,9795,        2000588556,0.0,0.0
1,     35106,9796,        2000788556,0.0,0.0
1,     35108,9797,        2000988560,0.0,0.0
1,     35110,9798,        2001188560,0.0,0.0
1,     35112,9799,        2001388560,0.0,0.0
0,     35114,0,        2001546325,0.0,527
1,     35116,9800,        2001588564,0.0,0.0
0,     35118,0,        2001651819,0.0,2464
1,     35120,9801,        2001788564,0.0,0.0
0,     35122,0,        2001981987,0.0,1363
1,     35124,9802,        2001988564,0.0,0.0
1,     35126,9803,        2002188564,0.0,0.0
1,     35128,9804,        2002388568,0.0,0.0
1,     35130,9805,        2002588568,0.0,0.0
1,     35132,9806,        2002788568,0.0,0.0
1,     35134,9807,        2002988572,0.0,0.0
0,     35136,0,        2003072103,0.0,3173
0,     35138,0,        2003084681,0.0,5647
1,     35140,9808,        2003188572,0.0,0.0
1,     35142,9809,        2003388572,0.0,0.0
1,     35144,9810,        2003588576,0.0,0.0
0,     35146,0,        2003681483,0.0,3042
0,     35148,0,        2003688552,0.0,220
1,     35150,9811,        2003788576,0.0,0.0
1,     35152,9812,        2003988576,0.0,0.0
1,     35154,9813,        2004188576,0.0,0.0
1,     35156,9814,        2004388580,0.0,0.0
1,     35158,9815,        2004588580,0.0,0.0
0,     35160,0,        2004707259,0.0,1948
0,     35162,0,        2004722838,0.0,5742
1,     35164,9816,        2004788580,0.0,0.0
1,     35166,9817,        2004988584,0.0,0.0
1,     35168,9818,        2005188584,0.0,0.0
0,     35170,0,        2005349262,0.0,5548
1,     35172,9819,        2005388584,0.0,0.0
0,     35174,0,        2005558819,0.0,2576
0,     35176,0,        2005583520,0.0,3720
1,     35178,9820,        2005588588,0.0,0.0
0,     35180,0,        2005603053,0.0,2990
0,     35181,0,        2005603058,0.0,4242
0,     35183,0,        2005700745,0.0,1882
1,     35185,9821,        2005788588,0.0,0.0
1,     35187,9822,        2005988588,0.0,0.0
1,     35189,9823,        2006188588,0.0,0.0
0,     35191,0,        2006227097,0.0,406
1,     35193,9824,        2006388592,0.0,0.0
0,     35195,0,        2006535012,0.0,40
1,     35197,9825,        2006588592,0.0,0.0
1,     35199,9826,        2006788592,0.0,0.0
1,     35201,9827,        2006988596,0.0,0.0
0,     35203,0,        2006990302,0.0,4836
0,     35205,0,        2007066162,0.0,275
1,     35207,9828,        2007188596,0.0,0.0
0,     35209,0,        2007322200,0.0,3298
1,     35211,9829,        2007388596,0.0,0.0
0,     35213,0,        2007484000,0.0,5101
1,     35215,9830,        2007588600,0.0,0.0
0,     35217,0,        2007621001,0.0,3523
1,     35219,9831,        2007788600,0.0,0.0
1,     35221,9832,        2007988600,0.0,0.0
1,     35223,9833,        2008188600,0.0,0.0
0,     35225,0,        2008341200,0.0,3039
1,     35227,9834,        2008388604,0.0,0.0
0,     35229,0,        2008544074,0.0,6232
1,     35231,9835,        2008588604,0.0,0.0
0,     35233,0,        2008676017,0.0,3261
0,     35235,0,        2008704401,0.0,2717
1,     35237,9836,        2008788604,0.0,0.0
0,     35239,0,        2008802430,0.0,3413
0,     35241,0,        2008920653,0.0,3303
1,     35243,9837,        2008988608,0.0,0.0
0,     35245,0,        2009121841,0.0,1141
1,     35247,9838,        2009188608,0.0,0.0
0,     35249,0,        2009279391,0.0,5293
0,     35251,0,        2009361664,0.0,3270
1,     35253,9839,        2009388608,0.0,0.0
1,     35255,9840,        2009588608,0.0,0.0
0,     35257,0,        2009620842,0.0,3272
0,     35259,0,        2009648863,0.0,773
0,     35261,0,        2009714532,0.0,4281
1,     35263,9841,        2009788612,0.0,0.0
0,     35265,0,        2009906937,0.0,3812
0,     35267,0,        2009937237,0.0,6193
1,     35269,9842,        2009988612,0.0,0.0
0,     35271,0,        2010003247,0.0,4708
0,     35273,0,        2010033405,0.0,2622
1,     35275,9843,        2010188612,0.0,0.0
1,     35277,9844,        2010388616,0.0,0.0
1,     35279,9845,        2010588616,0.0,0.0
1,     35281,9846,        2010788616,0.0,0.0
1,     35283,9847,        2010988620,0.0,0.0
1,     35285,9848,        2011188620,0.0,0.0
1,     35287,9849,        2011388620,0.0,0.0
0,     35289,0,        2011435671,0.0,3646
0,     35291,0,        2011438968,0.0,3264
0,     35293,0,        2011482087,0.0,5558
1,     35295,9850,        2011588620,0.0,0.0
1,     35297,9851,        2011788624,0.0,0.0
1,     35299,9852,        2011988624,0.0,0.0
1,     35301,9853,        2012188624,0.0,0.0
0,     35303,0,        2012239065,0.0,208
0,     35305,0,        2012331182,0.0,1577
1,     35307,9854,        2012388628,0.0,0.0
1,     35309,9855,        2012588628,0.0,0.0
1,     35311,9856,        2012788628,0.0,0.0
0,     35313,0,        2012865788,0.0,2376
1,     35315,9857,        2012988632,0.0,0.0
0,     35317,0,        2013179497,0.0,5959
1,     35319,9858,        2013188632,0.0,0.0
0,     35321,0,        2013360438,0.0,4181
1,     35323,9859,        2013388632,0.0,0.0
1,     35325,9860,        2013588632,0.0,0.0
0,     35327,0,        2013604650,0.0,2676
0,     35329,0,        2013678323,0.0,1298
1,     35331,9861,        2013788636,0.0,0.0
0,     35333,0,        2013918303,0.0,3271
1,     35335,9862,        2013988636,0.0,0.0
1,     35337,9863,        2014188636,0.0,0.0
0,     35339,0,        2014321276,0.0,615
0,     35340,0,        2014321281,0.0,4445
0,     35341,0,        2014321288,0.0,3103
1,     35343,9864,        2014388640,0.0,0.0
1,     35345,9865,        2014588640,0.0,0.0
0,     35347,0,        2014613814,0.0,3754
0,     35349,0,        2014786319,0.0,2476
1,     35351,9866,        2014788640,0.0,0.0
1,     35353,9867,        2014988644,0.0,0.0
0,     35355,0,        2015109419,0.0,2889
1,     35357,9868,        2015188644,0.0,0.0
1,     35359,9869,        2015388644,0.0,0.0
0,     35361,0,        2015405745,0.0,768
1,     35363,9870,        2015588644,0.0,0.0
1,     35365,9871,        2015788648,0.0,0.0
1,     35367,9872,        2015988648,0.0,0.0
1,     35369,9873,        2016188648,0.0,0.0
0,     35371,0,        2016257171,0.0,5433
0,     35373,0,        2016349162,0.0,1013
1,     35375,9874,        2016388652,0.0,0.0
1,     35377,9875,        2016588652,0.0,0.0
0,     35379,0,        2016742285,0.0,1827
1,     35381,9876,        2016788652,0.0,0.0
0,     35383,0,        2016813493,0.0,952
0,     35384,0,        2016813851,0.0,4607
0,     35386,0,        2016858036,0.0,1372
1,     35388,9877,        2016988656,0.0,0.0
1,     35390,9878,        2017188656,0.0,0.0
0,     35392,0,        2017359380,0.0,1781
1,     35394,9879,        2017388656,0.0,0.0
1,     35396,9880,        2017588656,0.0,0.0
1,     35398,9881,        2017788660,0.0,0.0
0,     35400,0,        2017885830,0.0,4154
1,     35402,9882,        2017988660,0.0,0.0
0,     35404,0,        2018186786,0.0,352
0,     35405,0,        2018186959,0.0,1675
1,     35407,9883,        2018188660,0.0,0.0
1,     35409,9884,        2018388664,0.0,0.0
0,     35411,0,        2018538571,0.0,2560
1,     35413,9885,        2018588664,0.0,0.0
1,     35415,9886,        2018788664,0.0,0.0
1,     35417,9887,        2018988664,0.0,0.0
1,     35419,9888,        2019188668,0.0,0.0
1,     35421,9889,        2019388668,0.0,0.0
1,     35423,9890,        2019588668,0.0,0.0
0,     35425,0,        2019641777,0.0,5758
0,     35427,0,        2019695000,0.0,2649
1,     35429,9891,        2019788672,0.0,0.0
1,     35431,9892,        2019988672,0.0,0.0
1,     35433,9893,        2020188672,0.0,0.0
0,     35435,0,        2020255375,0.0,105
1,     35437,9894,        2020388676,0.0,0.0
1,     35439,9895,        2020588676,0.0,0.0
0,     35441,0,        2020590347,0.0,4484
0,     35443,0,        2020594293,0.0,264
1,     35445,9896,        2020788676,0.0,0.0
0,     35447,0,        2020829963,0.0,1877
1,     35449,9897,        2020988676,0.0,0.0
1,     35451,9898,        2021188680,0.0,0.0
1,     35453,9899,        2021388680,0.0,0.0
0,     35455,0,        2021585338,0.0,5035
1,     35457,9900,        2021588680,0.0,0.0
0,     35459,0,        2021613670,0.0,2926
1,     35461,9901,        2021788684,0.0,0.0
0,     35463,0,        2021804514,0.0,4075
1,     35465,9902,        2021988684,0.0,0.0
1,     35467,9903,        2022188684,0.0,0.0
0,     35469,0,        2022311982,0.0,5848
1,     35471,9904,        2022388688,0.0,0.0
1,     35473,9905,        2022588688,0.0,0.0
1,     35475,9906,        2022788688,0.0,0.0
1,     35477,9907,        2022988688,0.0,0.0
0,     35479,0,        2023167286,0.0,4840
1,     35481,9908,        2023188692,0.0,0.0
0,     35483,0,        2023282192,0.0,1079
1,     35485,9909,        2023388692,0.0,0.0
1,     35487,9910,        2023588692,0.0,0.0
1,     35489,9911,        2023788696,0.0,0.0
1,     35491,9912,        2023988696,0.0,0.0
1,     35493,9913,        2024188696,0.0,0.0
1,     35495,9914,        2024388700,0.0,0.0
0,     35497,0,        2024499071,0.0,2157
1,     35499,9915,        2024588700,0.0,0.0
1,     35501,9916,        2024788700,0.0,0.0
0,     35503,0,        2024911905,0.0,1227
0,     35504,0,        2024912007,0.0,1883
1,     35506,9917,        2024988700,0.0,0.0
0,     35508,0,        2025092496,0.0,5215
1,     35510,9918,        2025188704,0.0,0.0
0,     35512,0,        2025266268,0.0,2251
1,     35514,9919,        2025388704,0.0,0.0
0,     35516,0,        2025446698,0.0,886
0,     35518,0,        2025454820,0.0,5312
1,     35520,9920,        2025588704,0.0,0.0
0,     35522,0,        2025660687,0.0,3572
0,     35524,0,        2025721898,0.0,3257
1,     35526,9921,        2025788708,0.0,0.0
1,     35528,9922,        2025988708,0.0,0.0
0,     35530,0,        2026027834,0.0,4254
0,     35532,0,        2026177323,0.0,4468
1,     35534,9923,        2026188708,0.0,0.0
0,     35536,0,        2026201347,0.0,1562
1,     35538,9924,        2026388712,0.0,0.0
1,     35540,9925,        2026588712,0.0,0.0
0,     35542,0,        2026602592,0.0,470
1,     35544,9926,        2026788712,0.0,0.0
0,     35546,0,        2026844969,0.0,3268
0,     35548,0,        2026975980,0.0,1257
0,     35549,0,        2026976100,0.0,4690
1,     35551,9927,        2026988712,0.0,0.0
0,     35553,0,        2027162463,0.0,3318
1,     35555,9928,        2027188716,0.0,0.0
0,     35557,0,        2027298242,0.0,1527
1,     35559,9929,        2027388716,0.0,0.0
0,     35561,0,        2027422173,0.0,1723
1,     35563,9930,        2027588716,0.0,0.0
0,     35565,0,        2027708491,0.0,3338
0,     35567,0,        2027752790,0.0,3275
1,     35569,9931,        2027788720,0.0,0.0
0,     35571,0,        2027913272,0.0,1299
1,     35573,9932,        2027988720,0.0,0.0
1,     35575,9933,        2028188720,0.0,0.0
1,     35577,9934,        2028388720,0.0,0.0
1,     35579,9935,        2028588724,0.0,0.0
0,     35581,0,        2028632450,0.0,5123
1,     35583,9936,        2028788724,0.0,0.0
1,     35585,9937,        2028988724,0.0,0.0
0,     35587,0,        2029019296,0.0,4204
1,     35589,9938,        2029188728,0.0,0.0
0,     35591,0,        2029341670,0.0,5078
1,     35593,9939,        2029388728,0.0,0.0
0,     35595,0,        2029407175,0.0,1189
1,     35597,9940,        2029588728,0.0,0.0
1,     35599,9941,        2029788732,0.0,0.0
1,     35601,9942,        2029988732,0.0,0.0
1,     35603,9943,        2030188732,0.0,0.0
0,     35605,0,        2030190026,0.0,34
1,     35607,9944,        2030388732,0.0,0.0
1,     35609,9945,        2030588736,0.0,0.0
0,     35611,0,        2030634920,0.0,3322
1,     35613,9946,        2030788736,0.0,0.0
1,     35615,9947,        2030988736,0.0,0.0
1,     35617,9948,        2031188740,0.0,0.0
1,     35619,9949,        2031388740,0.0,0.0
1,     35621,9950,        2031588740,0.0,0.0
0,     35623,0,        2031712847,0.0,4086
1,     35625,9951,        2031788744,0.0,0.0
0,     35627,0,        2031844003,0.0,5821
0,     35628,0,        2031844020,0.0,4814
0,     35630,0,        2031866356,0.0,424
1,     35632,9952,        2031988744,0.0,0.0
0,     35634,0,        2032176487,0.0,2424
1,     35636,9953,        2032188744,0.0,0.0
0,     35638,0,        2032293169,0.0,6162
0,     35640,0,        2032383351,0.0,3373
1,     35642,9954,        2032388744,0.0,0.0
1,     35644,9955,        2032588748,0.0,0.0
0,     35646,0,        2032669911,0.0,2150
1,     35648,9956,        2032788748,0.0,0.0
1,     35650,9957,        2032988748,0.0,0.0
0,     35652,0,        2033077283,0.0,3419
0,     35654,0,        2033171649,0.0,3451
1,     35656,9958,        2033188752,0.0,0.0
0,     35658,0,        2033224366,0.0,3116
1,     35660,9959,        2033388752,0.0,0.0
1,     35662,9960,        2033588752,0.0,0.0
1,     35664,9961,        2033788752,0.0,0.0
0,     35666,0,        2033789223,0.0,5661
1,     35668,9962,        2033988756,0.0,0.0
1,     35670,9963,        2034188756,0.0,0.0
1,     35672,9964,        2034388756,0.0,0.0
1,     35674,9965,        2034588760,0.0,0.0
0,     35676,0,        2034696463,0.0,5751
1,     35678,9966,        2034788760,0.0,0.0
1,     35680,9967,        2034988760,0.0,0.0
1,     35682,9968,        2035188764,0.0,0.0
0,     35684,0,        2035294673,0.0,6038
1,     35686,9969,        2035388764,0.0,0.0
1,     35688,9970,        2035588764,0.0,0.0
0,     35690,0,        2035738167,0.0,1943
1,     35692,9971,        2035788764,0.0,0.0
0,     35694,0,        2035835715,0.0,5960
1,     35696,9972,        2035988768,0.0,0.0
1,     35698,9973,        2036188768,0.0,0.0
1,     35700,9974,        2036388768,0.0,0.0
0,     35702,0,        2036456364,0.0,1355
0,     35704,0,        2036495410,0.0,3431
1,     35706,9975,        2036588772,0.0,0.0
1,     35708,9976,        2036788772,0.0,0.0
1,     35710,9977,        2036988772,0.0,0.0
0,     35712,0,        2037080962,0.0,953
1,     35714,9978,        2037188776,0.0,0.0
1,     35716,9979,        2037388776,0.0,0.0
0,     35718,0,        2037401205,0.0,1749
1,     35720,9980,        2037588776,0.0,0.0
1,     35722,9981,        2037788776,0.0,0.0
1,     35724,9982,        2037988780,0.0,0.0
0,     35726,0,        2038137741,0.0,1390
1,     35728,9983,        2038188780,0.0,0.0
1,     35730,9984,        2038388780,0.0,0.0
1,     35732,9985,        2038588784,0.0,0.0
0,     35734,0,        2038723737,0.0,1539
0,     35735,0,        2038723756,0.0,3729
1,     35737,9986,        2038788784,0.0,0.0
0,     35739,0,        2038941005,0.0,2900
0,     35741,0,        2038947334,0.0,4853
1,     35743,9987,        2038988784,0.0,0.0
1,     35745,9988,        2039188788,0.0,0.0
0,     35747,0,        2039318513,0.0,3220
1,     35749,9989,        2039388788,0.0,0.0
0,     35751,0,        2039462454,0.0,4903
0,     35753,0,        2039482649,0.0,3485
1,     35755,9990,        2039588788,0.0,0.0
1,     35757,9991,        2039788788,0.0,0.0
1,     35759,9992,        2039988792,0.0,0.0
1,     35761,9993,        2040188792,0.0,0.0
1,     35763,9994,        2040388792,0.0,0.0
0,     35765,0,        2040482435,0.0,3081
0,     35767,0,        2040527817,0.0,5120
0,     35769,0,        2040527947,0.0,290
1,     35771,9995,        2040588796,0.0,0.0
0,     35773,0,        2040613761,0.0,1223
0,     35775,0,        2040682478,0.0,3623
1,     35777,9996,        2040788796,0.0,0.0
0,     35779,0,        2040869849,0.0,3911
1,     35781,9997,        2040988796,0.0,0.0
0,     35783,0,        2041073480,0.0,4
0,     35785,0,        2041083254,0.0,1153
1,     35787,9998,        2041188800,0.0,0.0
0,     35789,0,        2041279048,0.0,552
0,     35791,0,        2041323876,0.0,5530
1,     35793,9999,        2041388800,0.0,0.0
0,     35795,0,        2041513177,0.0,2051
0,     35797,0,        2041534235,0.0,3972
1,     35799,10000,        2041588800,0.0,0.0
0,     35801,0,        2041747716,0.0,3077
1,     35803,10001,        2041788800,0.0,0.0
1,     35805,10002,        2041988804,0.0,0.0
1,     35807,10003,        2042188804,0.0,0.0
0,     35809,0,        2042194192,0.0,351
1,     35811,10004,        2042388804,0.0,0.0
1,     35813,10005,        2042588808,0.0,0.0
1,     35815,10006,        2042788808,0.0,0.0
0,     35817,0,        2042797041,0.0,3568
1,     35819,10007,        2042988808,0.0,0.0
0,     35821,0,        2043069674,0.0,3469
0,     35823,0,        2043111025,0.0,2929
1,     35825,10008,        2043188808,0.0,0.0
1,     35827,10009,        2043388812,0.0,0.0
1,     35829,10010,        2043588812,0.0,0.0
1,     35831,10011,        2043788812,0.0,0.0
0,     35833,0,        2043963791,0.0,4169
1,     35835,10012,        2043988816,0.0,0.0
1,     35837,10013,        2044188816,0.0,0.0
0,     35839,0,        2044256345,0.0,3496
1,     35841,10014,        2044388816,0.0,0.0
0,     35843,0,        2044401239,0.0,2271
1,     35845,10015,        2044588820,0.0,0.0
1,     35847,10016,        2044788820,0.0,0.0
1,     35849,10017,        2044988820,0.0,0.0
1,     35851,10018,        2045188820,0.0,0.0
1,     35853,10019,        2045388824,0.0,0.0
1,     35855,10020,        2045588824,0.0,0.0
1,     35857,10021,        2045788824,0.0,0.0
1,     35859,10022,        2045988828,0.0,0.0
0,     35861,0,        2046083579,0.0,3565
1,     35863,10023,        2046188828,0.0,0.0
0,     35865,0,        2046209481,0.0,253
1,     35867,10024,        2046388828,0.0,0.0
1,     35869,10025,        2046588832,0.0,0.0
0,     35871,0,        2046728828,0.0,4650
1,     35873,10026,        2046788832,0.0,0.0
1,     35875,10027,        2046988832,0.0,0.0
0,     35877,0,        2047146339,0.0,3100
1,     35879,10028,        2047188832,0.0,0.0
1,     35881,10029,        2047388836,0.0,0.0
0,     35883,0,        2047415220,0.0,2731
1,     35885,10030,        2047588836,0.0,0.0
1,     35887,10031,        2047788836,0.0,0.0
0,     35889,0,        2047931709,0.0,2448
1,     35891,10032,        2047988840,0.0,0.0
1,     35893,10033,        2048188840,0.0,0.0
0,     35895,0,        2048240386,0.0,3471
1,     35897,10034,        2048388840,0.0,0.0
0,     35899,0,        2048469777,0.0,1256
1,     35901,10035,        2048588844,0.0,0.0
1,     35903,10036,        2048788844,0.0,0.0
0,     35905,0,        2048834450,0.0,3336
0,     35907,0,        2048945964,0.0,3484
0,     35909,0,        2048978297,0.0,3372
1,     35911,10037,        2048988844,0.0,0.0
0,     35913,0,        2049063235,0.0,4381
1,     35915,10038,        2049188844,0.0,0.0
0,     35917,0,        2049310852,0.0,3817
1,     35919,10039,        2049388848,0.0,0.0
0,     35921,0,        2049491594,0.0,4306
1,     35923,10040,        2049588848,0.0,0.0
1,     35925,10041,        2049788848,0.0,0.0
1,     35927,10042,        2049988852,0.0,0.0
1,     35929,10043,        2050188852,0.0,0.0
1,     35931,10044,        2050388852,0.0,0.0
1,     35933,10045,        2050588856,0.0,0.0
0,     35935,0,        2050769014,0.0,963
1,     35937,10046,        2050788856,0.0,0.0
0,     35939,0,        2050808078,0.0,5397
1,     35941,10047,        2050988856,0.0,0.0
0,     35943,0,        2051096238,0.0,4845
1,     35945,10048,        2051188856,0.0,0.0
1,     35947,10049,        2051388860,0.0,0.0
0,     35949,0,        2051475442,0.0,5369
1,     35951,10050,        2051588860,0.0,0.0
1,     35953,10051,        2051788860,0.0,0.0
0,     35955,0,        2051965693,0.0,6135
1,     35957,10052,        2051988864,0.0,0.0
0,     35959,0,        2052087102,0.0,5654
1,     35961,10053,        2052188864,0.0,0.0
0,     35963,0,        2052245779,0.0,6044
1,     35965,10054,        2052388864,0.0,0.0
1,     35967,10055,        2052588864,0.0,0.0
0,     35969,0,        2052784088,0.0,5893
1,     35971,10056,        2052788868,0.0,0.0
0,     35973,0,        2052816145,0.0,3041
1,     35975,10057,        2052988868,0.0,0.0
0,     35977,0,        2052998513,0.0,3241
1,     35979,10058,        2053188868,0.0,0.0
0,     35981,0,        2053362169,0.0,4345
1,     35983,10059,        2053388872,0.0,0.0
0,     35985,0,        2053417650,0.0,5417
0,     35987,0,        2053570943,0.0,3363
1,     35989,10060,        2053588872,0.0,0.0
1,     35991,10061,        2053788872,0.0,0.0
0,     35993,0,        2053887475,0.0,442
0,     35995,0,        2053915621,0.0,2719
1,     35997,10062,        2053988876,0.0,0.0
0,     35999,0,        2054133431,0.0,1695
1,     36001,10063,        2054188876,0.0,0.0
0,     36003,0,        2054367348,0.0,4930
1,     36005,10064,        2054388876,0.0,0.0
1,     36007,10065,        2054588876,0.0,0.0
0,     36009,0,        2054654532,0.0,4747
0,     36011,0,        2054747335,0.0,3537
1,     36013,10066,        2054788880,0.0,0.0
1,     36015,10067,        2054988880,0.0,0.0
1,     36017,10068,        2055188880,0.0,0.0
1,     36019,10069,        2055388884,0.0,0.0
1,     36021,10070,        2055588884,0.0,0.0
0,     36023,0,        2055611522,0.0,1487
1,     36025,10071,        2055788884,0.0,0.0
1,     36027,10072,        2055988888,0.0,0.0
1,     36029,10073,        2056188888,0.0,0.0
1,     36031,10074,        2056388888,0.0,0.0
1,     36033,10075,        2056588888,0.0,0.0
1,     36035,10076,        2056788892,0.0,0.0
1,     36037,10077,        2056988892,0.0,0.0
0,     36039,0,        2057126961,0.0,2968
1,     36041,10078,        2057188892,0.0,0.0
0,     36043,0,        2057227042,0.0,1702
0,     36045,0,        2057371584,0.0,5924
1,     36047,10079,        2057388896,0.0,0.0
0,     36049,0,        2057404191,0.0,4155
1,     36051,10080,        2057588896,0.0,0.0
1,     36053,10081,        2057788896,0.0,0.0
1,     36055,10082,        2057988896,0.0,0.0
0,     36057,0,        2058094871,0.0,5294
1,     36059,10083,        2058188900,0.0,0.0
1,     36061,10084,        2058388900,0.0,0.0
1,     36063,10085,        2058588900,0.0,0.0
1,     36065,10086,        2058788904,0.0,0.0
1,     36067,10087,        2058988904,0.0,0.0
0,     36069,0,        2059124811,0.0,4083
1,     36071,10088,        2059188904,0.0,0.0
1,     36073,10089,        2059388908,0.0,0.0
1,     36075,10090,        2059588908,0.0,0.0
0,     36077,0,        2059784043,0.0,396
1,     36079,10091,        2059788908,0.0,0.0
0,     36081,0,        2059921301,0.0,4965
0,     36083,0,        2059932961,0.0,5154
1,     36085,10092,        2059988908,0.0,0.0
1,     36087,10093,        2060188912,0.0,0.0
1,     36089,10094,        2060388912,0.0,0.0
0,     36091,0,        2060519674,0.0,5212
0,     36093,0,        2060564803,0.0,3347
1,     36095,10095,        2060588912,0.0,0.0
1,     36097,10096,        2060788916,0.0,0.0
0,     36099,0,        2060900494,0.0,5116
1,     36101,10097,        2060988916,0.0,0.0
1,     36103,10098,        2061188916,0.0,0.0
0,     36105,0,        2061251382,0.0,5574
0,     36107,0,        2061254559,0.0,1819
1,     36109,10099,        2061388920,0.0,0.0
1,     36111,10100,        2061588920,0.0,0.0
0,     36113,0,        2061652538,0.0,1594
1,     36115,10101,        2061788920,0.0,0.0
0,     36117,0,        2061801476,0.0,3862
0,     36119,0,        2061970710,0.0,1195
1,     36121,10102,        2061988920,0.0,0.0
1,     36123,10103,        2062188924,0.0,0.0
1,     36125,10104,        2062388924,0.0,0.0
0,     36127,0,        2062452914,0.0,3306
1,     36129,10105,        2062588924,0.0,0.0
0,     36131,0,        2062594979,0.0,3313
0,     36133,0,        2062598308,0.0,3322
0,     36135,0,        2062615128,0.0,3366
0,     36137,0,        2062624649,0.0,3312
0,     36139,0,        2062626439,0.0,3325
0,     36141,0,        2062637067,0.0,3320
0,     36143,0,        2062642760,0.0,3312
0,     36145,0,        2062651036,0.0,3348
0,     36147,0,        2062669296,0.0,3362
0,     36149,0,        2062681616,0.0,3355
0,     36151,0,        2062685180,0.0,3311
0,     36153,0,        2062687539,0.0,3310
0,     36155,0,        2062688546,0.0,3311
0,     36157,0,        2062689858,0.0,3314
0,     36159,0,        2062699043,0.0,3412
0,     36161,0,        2062714913,0.0,3323
0,     36163,0,        2062718654,0.0,3323
0,     36165,0,        2062723428,0.0,3874
0,     36167,0,        2062733769,0.0,3344
0,     36169,0,        2062739968,0.0,3339
0,     36171,0,        2062745566,0.0,1391
0,     36173,0,        2062748967,0.0,3321
0,     36175,0,        2062751908,0.0,3327
0,     36177,0,        2062756735,0.0,3326
0,     36179,0,        2062758148,0.0,3314
0,     36181,0,        2062768203,0.0,3436
0,     36182,0,        2062768208,0.0,3301
0,     36184,0,        2062770424,0.0,3315
0,     36186,0,        2062781270,0.0,3309
0,     36188,0,        2062781644,0.0,3305
0,     36190,0,        2062784802,0.0,3333
1,     36192,10106,        2062788928,0.0,0.0
1,     36194,10107,        2062988928,0.0,0.0
0,     36196,0,        2063088029,0.0,1115
0,     36198,0,        2063088759,0.0,5727
1,     36200,10108,        2063188928,0.0,0.0
0,     36202,0,        2063338781,0.0,1406
1,     36204,10109,        2063388932,0.0,0.0
0,     36206,0,        2063486026,0.0,2083
1,     36208,10110,        2063588932,0.0,0.0
0,     36210,0,        2063647427,0.0,789
1,     36212,10111,        2063788932,0.0,0.0
1,     36214,10112,        2063988932,0.0,0.0
1,     36216,10113,        2064188936,0.0,0.0
1,     36218,10114,        2064388936,0.0,0.0
1,     36220,10115,        2064588936,0.0,0.0
0,     36222,0,        2064616224,0.0,2501
1,     36224,10116,        2064788940,0.0,0.0
1,     36226,10117,        2064988940,0.0,0.0
0,     36228,0,        2065005804,0.0,3823
0,     36230,0,        2065023048,0.0,3320
1,     36232,10118,        2065188940,0.0,0.0
1,     36234,10119,        2065388944,0.0,0.0
1,     36236,10120,        2065588944,0.0,0.0
1,     36238,10121,        2065788944,0.0,0.0
0,     36240,0,        2065839201,0.0,1206
0,     36242,0,        2065946684,0.0,1308
0,     36244,0,        2065986720,0.0,5586
1,     36246,10122,        2065988944,0.0,0.0
1,     36248,10123,        2066188948,0.0,0.0
0,     36250,0,        2066258690,0.0,3761
1,     36252,10124,        2066388948,0.0,0.0
0,     36254,0,        2066544936,0.0,2964
0,     36256,0,        2066568830,0.0,2471
0,     36258,0,        2066577140,0.0,4524
0,     36259,0,        2066577174,0.0,4160
1,     36261,10125,        2066588948,0.0,0.0
0,     36263,0,        2066618126,0.0,3319
1,     36265,10126,        2066788952,0.0,0.0
1,     36267,10127,        2066988952,0.0,0.0
0,     36269,0,        2067062632,0.0,262
0,     36271,0,        2067075428,0.0,4113
1,     36273,10128,        2067188952,0.0,0.0
1,     36275,10129,        2067388952,0.0,0.0
0,     36277,0,        2067511603,0.0,3900
0,     36278,0,        2067511868,0.0,4679
1,     36280,10130,        2067588956,0.0,0.0
1,     36282,10131,        2067788956,0.0,0.0
1,     36284,10132,        2067988956,0.0,0.0
0,     36286,0,        2068118593,0.0,737
1,     36288,10133,        2068188960,0.0,0.0
0,     36290,0,        2068224509,0.0,1782
1,     36292,10134,        2068388960,0.0,0.0
0,     36294,0,        2068557490,0.0,1391
1,     36296,10135,        2068588960,0.0,0.0
1,     36298,10136,        2068788964,0.0,0.0
1,     36300,10137,        2068988964,0.0,0.0
0,     36302,0,        2069053364,0.0,2239
1,     36304,10138,        2069188964,0.0,0.0
0,     36306,0,        2069231324,0.0,5724
1,     36308,10139,        2069388964,0.0,0.0
0,     36310,0,        2069460830,0.0,308
0,     36312,0,        2069506078,0.0,3960
0,     36314,0,        2069513492,0.0,3090
0,     36316,0,        2069547408,0.0,2075
1,     36318,10140,        2069588968,0.0,0.0
1,     36320,10141,        2069788968,0.0,0.0
0,     36322,0,        2069947030,0.0,778
1,     36324,10142,        2069988968,0.0,0.0
1,     36326,10143,        2070188972,0.0,0.0
0,     36328,0,        2070278445,0.0,1442
0,     36330,0,        2070343745,0.0,4698
0,     36332,0,        2070365726,0.0,2154
0,     36334,0,        2070376192,0.0,779
1,     36336,10144,        2070388972,0.0,0.0
1,     36338,10145,        2070588972,0.0,0.0
1,     36340,10146,        2070788976,0.0,0.0
0,     36342,0,        2070986051,0.0,6035
1,     36344,10147,        2070988976,0.0,0.0
1,     36346,10148,        2071188976,0.0,0.0
1,     36348,10149,        2071388976,0.0,0.0
0,     36350,0,        2071404689,0.0,3025
0,     36351,0,        2071405125,0.0,3317
1,     36353,10150,        2071588980,0.0,0.0
0,     36355,0,        2071722346,0.0,1937
1,     36357,10151,        2071788980,0.0,0.0
1,     36359,10152,        2071988980,0.0,0.0
1,     36361,10153,        2072188984,0.0,0.0
0,     36363,0,        2072225733,0.0,3718
0,     36365,0,        2072268756,0.0,4503
1,     36367,10154,        2072388984,0.0,0.0
0,     36369,0,        2072409781,0.0,4970
1,     36371,10155,        2072588984,0.0,0.0
0,     36373,0,        2072612203,0.0,1589
0,     36375,0,        2072695661,0.0,3032
1,     36377,10156,        2072788988,0.0,0.0
0,     36379,0,        2072891444,0.0,5310
1,     36381,10157,        2072988988,0.0,0.0
1,     36383,10158,        2073188988,0.0,0.0
0,     36385,0,        2073300212,0.0,3938
0,     36387,0,        2073338497,0.0,477
1,     36389,10159,        2073388988,0.0,0.0
0,     36391,0,        2073493646,0.0,4159
1,     36393,10160,        2073588992,0.0,0.0
0,     36395,0,        2073622020,0.0,855
1,     36397,10161,        2073788992,0.0,0.0
0,     36399,0,        2073798943,0.0,4038
1,     36401,10162,        2073988992,0.0,0.0
0,     36403,0,        2074034133,0.0,296
0,     36405,0,        2074068356,0.0,1067
0,     36406,0,        2074068388,0.0,64
0,     36408,0,        2074073179,0.0,5409
0,     36410,0,        2074141502,0.0,3961
1,     36412,10163,        2074188996,0.0,0.0
1,     36414,10164,        2074388996,0.0,0.0
1,     36416,10165,        2074588996,0.0,0.0
1,     36418,10166,        2074789000,0.0,0.0
1,     36420,10167,        2074989000,0.0,0.0
0,     36422,0,        2075026567,0.0,799
1,     36424,10168,        2075189000,0.0,0.0
0,     36426,0,        2075352495,0.0,5655
1,     36428,10169,        2075389000,0.0,0.0
0,     36430,0,        2075437097,0.0,6170
1,     36432,10170,        2075589004,0.0,0.0
1,     36434,10171,        2075789004,0.0,0.0
1,     36436,10172,        2075989004,0.0,0.0
1,     36438,10173,        2076189008,0.0,0.0
1,     36440,10174,        2076389008,0.0,0.0
1,     36442,10175,        2076589008,0.0,0.0
1,     36444,10176,        2076789008,0.0,0.0
1,     36446,10177,        2076989012,0.0,0.0
1,     36448,10178,        2077189012,0.0,0.0
0,     36450,0,        2077214684,0.0,2103
0,     36452,0,        2077365710,0.0,2473
1,     36454,10179,        2077389012,0.0,0.0
0,     36456,0,        2077496263,0.0,5863
1,     36458,10180,        2077589016,0.0,0.0
0,     36460,0,        2077619591,0.0,4012
1,     36462,10181,        2077789016,0.0,0.0
1,     36464,10182,        2077989016,0.0,0.0
1,     36466,10183,        2078189020,0.0,0.0
0,     36468,0,        2078383471,0.0,3557
1,     36470,10184,        2078389020,0.0,0.0
0,     36472,0,        2078497608,0.0,2229
1,     36474,10185,        2078589020,0.0,0.0
0,     36476,0,        2078613894,0.0,809
1,     36478,10186,        2078789020,0.0,0.0
1,     36480,10187,        2078989024,0.0,0.0
0,     36482,0,        2079063918,0.0,848
1,     36484,10188,        2079189024,0.0,0.0
1,     36486,10189,        2079389024,0.0,0.0
0,     36488,0,        2079449822,0.0,3368
1,     36490,10190,        2079589028,0.0,0.0
0,     36492,0,        2079656849,0.0,3362
1,     36494,10191,        2079789028,0.0,0.0
1,     36496,10192,        2079989028,0.0,0.0
1,     36498,10193,        2080189032,0.0,0.0
1,     36500,10194,        2080389032,0.0,0.0
1,     36502,10195,        2080589032,0.0,0.0
1,     36504,10196,        2080789032,0.0,0.0
0,     36506,0,        2080848227,0.0,3757
1,     36508,10197,        2080989036,0.0,0.0
0,     36510,0,        2081147739,0.0,2613
1,     36512,10198,        2081189036,0.0,0.0
1,     36514,10199,        2081389036,0.0,0.0
0,     36516,0,        2081426367,0.0,3341
1,     36518,10200,        2081589040,0.0,0.0
0,     36520,0,        2081786497,0.0,3127
1,     36522,10201,        2081789040,0.0,0.0
1,     36524,10202,        2081989040,0.0,0.0
1,     36526,10203,        2082189040,0.0,0.0
0,     36528,0,        2082200673,0.0,6038
0,     36530,0,        2082245172,0.0,6153
1,     36532,10204,        2082389044,0.0,0.0
1,     36534,10205,        2082589044,0.0,0.0
0,     36536,0,        2082592343,0.0,5130
1,     36538,10206,        2082789044,0.0,0.0
1,     36540,10207,        2082989048,0.0,0.0
1,     36542,10208,        2083189048,0.0,0.0
0,     36544,0,        2083328879,0.0,3992
1,     36546,10209,        2083389048,0.0,0.0
0,     36548,0,        2083462087,0.0,1641
0,     36550,0,        2083516490,0.0,3316
1,     36552,10210,        2083589052,0.0,0.0
1,     36554,10211,        2083789052,0.0,0.0
0,     36556,0,        2083973912,0.0,3265
1,     36558,10212,        2083989052,0.0,0.0
1,     36560,10213,        2084189052,0.0,0.0
1,     36562,10214,        2084389056,0.0,0.0
1,     36564,10215,        2084589056,0.0,0.0
0,     36566,0,        2084653974,0.0,5751
1,     36568,10216,        2084789056,0.0,0.0
0,     36570,0,        2084842609,0.0,5772
0,     36572,0,        2084946227,0.0,2809
0,     36574,0,        2084955474,0.0,1845
1,     36576,10217,        2084989060,0.0,0.0
1,     36578,10218,        2085189060,0.0,0.0
1,     36580,10219,        2085389060,0.0,0.0
1,     36582,10220,        2085589064,0.0,0.0
1,     36584,10221,        2085789064,0.0,0.0
1,     36586,10222,        2085989064,0.0,0.0
0,     36588,0,        2086037068,0.0,4191
1,     36590,10223,        2086189064,0.0,0.0
0,     36592,0,        2086210300,0.0,655
0,     36594,0,        2086289290,0.0,3302
1,     36596,10224,        2086389068,0.0,0.0
1,     36598,10225,        2086589068,0.0,0.0
0,     36600,0,        2086622070,0.0,5353
0,     36602,0,        2086705703,0.0,5111
0,     36603,0,        2086705773,0.0,2341
1,     36605,10226,        2086789068,0.0,0.0
1,     36607,10227,        2086989072,0.0,0.0
0,     36609,0,        2087120856,0.0,2265
1,     36611,10228,        2087189072,0.0,0.0
1,     36613,10229,        2087389072,0.0,0.0
1,     36615,10230,        2087589076,0.0,0.0
0,     36617,0,        2087609607,0.0,1582
1,     36619,10231,        2087789076,0.0,0.0
0,     36621,0,        2087852429,0.0,5302
1,     36623,10232,        2087989076,0.0,0.0
1,     36625,10233,        2088189076,0.0,0.0
1,     36627,10234,        2088389080,0.0,0.0
0,     36629,0,        2088518550,0.0,58
1,     36631,10235,        2088589080,0.0,0.0
1,     36633,10236,        2088789080,0.0,0.0
1,     36635,10237,        2088989084,0.0,0.0
1,     36637,10238,        2089189084,0.0,0.0
1,     36639,10239,        2089389084,0.0,0.0
1,     36641,10240,        2089589088,0.0,0.0
1,     36643,10241,        2089789088,0.0,0.0
1,     36645,10242,        2089989088,0.0,0.0
0,     36647,0,        2090057982,0.0,4242
0,     36649,0,        2090066286,0.0,523
1,     36651,10243,        2090189088,0.0,0.0
0,     36653,0,        2090249181,0.0,6028
1,     36655,10244,        2090389092,0.0,0.0
0,     36657,0,        2090493166,0.0,3548
1,     36659,10245,        2090589092,0.0,0.0
1,     36661,10246,        2090789092,0.0,0.0
0,     36663,0,        2090965450,0.0,729
1,     36665,10247,        2090989096,0.0,0.0
1,     36667,10248,        2091189096,0.0,0.0
1,     36669,10249,        2091389096,0.0,0.0
0,     36671,0,        2091391571,0.0,5562
1,     36673,10250,        2091589096,0.0,0.0
0,     36675,0,        2091604445,0.0,3677
0,     36676,0,        2091604538,0.0,5231
1,     36678,10251,        2091789100,0.0,0.0
0,     36680,0,        2091826688,0.0,4362
1,     36682,10252,        2091989100,0.0,0.0
0,     36684,0,        2092178095,0.0,823
1,     36686,10253,        2092189100,0.0,0.0
1,     36688,10254,        2092389104,0.0,0.0
0,     36690,0,        2092420202,0.0,2560
0,     36692,0,        2092526295,0.0,5830
1,     36694,10255,        2092589104,0.0,0.0
1,     36696,10256,        2092789104,0.0,0.0
1,     36698,10257,        2092989108,0.0,0.0
1,     36700,10258,        2093189108,0.0,0.0
1,     36702,10259,        2093389108,0.0,0.0
0,     36704,0,        2093484079,0.0,4993
0,     36706,0,        2093581607,0.0,376
1,     36708,10260,        2093589108,0.0,0.0
0,     36710,0,        2093595762,0.0,2780
0,     36712,0,        2093643349,0.0,6002
1,     36714,10261,        2093789112,0.0,0.0
0,     36716,0,        2093967700,0.0,724
1,     36718,10262,        2093989112,0.0,0.0
0,     36720,0,        2094164162,0.0,1019
1,     36722,10263,        2094189112,0.0,0.0
1,     36724,10264,        2094389116,0.0,0.0
1,     36726,10265,        2094589116,0.0,0.0
1,     36728,10266,        2094789116,0.0,0.0
0,     36730,0,        2094885823,0.0,4523
1,     36732,10267,        2094989120,0.0,0.0
1,     36734,10268,        2095189120,0.0,0.0
0,     36736,0,        2095290029,0.0,4506
0,     36738,0,        2095298631,0.0,2606
1,     36740,10269,        2095389120,0.0,0.0
1,     36742,10270,        2095589120,0.0,0.0
1,     36744,10271,        2095789124,0.0,0.0
1,     36746,10272,        2095989124,0.0,0.0
0,     36748,0,        2096004931,0.0,271
0,     36750,0,        2096164135,0.0,3759
1,     36752,10273,        2096189124,0.0,0.0
1,     36754,10274,        2096389128,0.0,0.0
1,     36756,10275,        2096589128,0.0,0.0
1,     36758,10276,        2096789128,0.0,0.0
1,     36760,10277,        2096989132,0.0,0.0
1,     36762,10278,        2097189132,0.0,0.0
0,     36764,0,        2097215918,0.0,3881
1,     36766,10279,        2097389132,0.0,0.0
0,     36768,0,        2097458708,0.0,1105
1,     36770,10280,        2097589132,0.0,0.0
0,     36772,0,        2097643080,0.0,4599
1,     36774,10281,        2097789136,0.0,0.0
1,     36776,10282,        2097989136,0.0,0.0
0,     36778,0,        2098037456,0.0,4294
1,     36780,10283,        2098189136,0.0,0.0
1,     36782,10284,        2098389140,0.0,0.0
1,     36784,10285,        2098589140,0.0,0.0
1,     36786,10286,        2098789140,0.0,0.0
1,     36788,10287,        2098989144,0.0,0.0
0,     36790,0,        2099003024,0.0,2395
1,     36792,10288,        2099189144,0.0,0.0
1,     36794,10289,        2099389144,0.0,0.0
1,     36796,10290,        2099589144,0.0,0.0
1,     36798,10291,        2099789148,0.0,0.0
0,     36800,0,        2099967597,0.0,1956
1,     36802,10292,        2099989148,0.0,0.0
1,     36804,10293,        2100189148,0.0,0.0
0,     36806,0,        2100349465,0.0,4148
1,     36808,10294,        2100389152,0.0,0.0
1,     36810,10295,        2100589152,0.0,0.0
0,     36812,0,        2100644827,0.0,1373
0,     36814,0,        2100748373,0.0,1359
1,     36816,10296,        2100789152,0.0,0.0
0,     36818,0,        2100881303,0.0,3551
1,     36820,10297,        2100989152,0.0,0.0
0,     36822,0,        2101054363,0.0,5674
1,     36824,10298,        2101189156,0.0,0.0
0,     36826,0,        2101378382,0.0,2201
1,     36828,10299,        2101389156,0.0,0.0
1,     36830,10300,        2101589156,0.0,0.0
0,     36832,0,        2101621230,0.0,2178
1,     36834,10301,        2101789160,0.0,0.0
0,     36836,0,        2101861733,0.0,2865
0,     36838,0,        2101903454,0.0,3252
0,     36840,0,        2101906039,0.0,912
0,     36842,0,        2101970512,0.0,5225
1,     36844,10302,        2101989160,0.0,0.0
0,     36846,0,        2102003009,0.0,1610
0,     36848,0,        2102080395,0.0,4532
0,     36850,0,        2102124806,0.0,581
0,     36852,0,        2102149207,0.0,2993
1,     36854,10303,        2102189160,0.0,0.0
1,     36856,10304,        2102389164,0.0,0.0
0,     36858,0,        2102465025,0.0,820
0,     36860,0,        2102477616,0.0,4878
0,     36862,0,        2102536310,0.0,2310
1,     36864,10305,        2102589164,0.0,0.0
0,     36866,0,        2102590342,0.0,4080
0,     36868,0,        2102780112,0.0,3256
1,     36870,10306,        2102789164,0.0,0.0
0,     36872,0,        2102798957,0.0,3289
0,     36874,0,        2102833217,0.0,1405
0,     36876,0,        2102897990,0.0,3261
1,     36878,10307,        2102989164,0.0,0.0
0,     36880,0,        2103103754,0.0,5396
1,     36882,10308,        2103189168,0.0,0.0
0,     36884,0,        2103205693,0.0,678
1,     36886,10309,        2103389168,0.0,0.0
0,     36888,0,        2103461860,0.0,3275
0,     36890,0,        2103466156,0.0,2815
0,     36892,0,        2103471881,0.0,4017
0,     36894,0,        2103548510,0.0,3354
1,     36896,10310,        2103589168,0.0,0.0
0,     36898,0,        2103665041,0.0,3280
1,     36900,10311,        2103789172,0.0,0.0
0,     36902,0,        2103868411,0.0,5331
0,     36904,0,        2103892271,0.0,406
1,     36906,10312,        2103989172,0.0,0.0
1,     36908,10313,        2104189172,0.0,0.0
1,     36910,10314,        2104389176,0.0,0.0
1,     36912,10315,        2104589176,0.0,0.0
1,     36914,10316,        2104789176,0.0,0.0
0,     36916,0,        2104874081,0.0,3216
0,     36918,0,        2104916215,0.0,5196
1,     36920,10317,        2104989176,0.0,0.0
1,     36922,10318,        2105189180,0.0,0.0
1,     36924,10319,        2105389180,0.0,0.0
1,     36926,10320,        2105589180,0.0,0.0
0,     36928,0,        2105716429,0.0,3322
1,     36930,10321,        2105789184,0.0,0.0
1,     36932,10322,        2105989184,0.0,0.0
1,     36934,10323,        2106189184,0.0,0.0
0,     36936,0,        2106326718,0.0,888
1,     36938,10324,        2106389188,0.0,0.0
0,     36940,0,        2106511223,0.0,4851
0,     36942,0,        2106533128,0.0,3320
1,     36944,10325,        2106589188,0.0,0.0
1,     36946,10326,        2106789188,0.0,0.0
1,     36948,10327,        2106989188,0.0,0.0
1,     36950,10328,        2107189192,0.0,0.0
1,     36952,10329,        2107389192,0.0,0.0
1,     36954,10330,        2107589192,0.0,0.0
0,     36956,0,        2107673368,0.0,3353
1,     36958,10331,        2107789196,0.0,0.0
0,     36960,0,        2107848124,0.0,5982
1,     36962,10332,        2107989196,0.0,0.0
1,     36964,10333,        2108189196,0.0,0.0
1,     36966,10334,        2108389200,0.0,0.0
0,     36968,0,        2108465328,0.0,1835
1,     36970,10335,        2108589200,0.0,0.0
0,     36972,0,        2108695684,0.0,3378
1,     36974,10336,        2108789200,0.0,0.0
0,     36976,0,        2108965224,0.0,5756
1,     36978,10337,        2108989200,0.0,0.0
1,     36980,10338,        2109189204,0.0,0.0
0,     36982,0,        2109242720,0.0,3084
0,     36984,0,        2109324651,0.0,1175
0,     36986,0,        2109378511,0.0,4489
1,     36988,10339,        2109389204,0.0,0.0
0,     36990,0,        2109554992,0.0,2209
0,     36992,0,        2109578062,0.0,3570
1,     36994,10340,        2109589204,0.0,0.0
1,     36996,10341,        2109789208,0.0,0.0
1,     36998,10342,        2109989208,0.0,0.0
1,     37000,10343,        2110189208,0.0,0.0
1,     37002,10344,        2110389208,0.0,0.0
1,     37004,10345,        2110589212,0.0,0.0
0,     37006,0,        2110775595,0.0,3421
1,     37008,10346,        2110789212,0.0,0.0
0,     37010,0,        2110819744,0.0,4108
1,     37012,10347,        2110989212,0.0,0.0
0,     37014,0,        2111043586,0.0,2528
0,     37016,0,        2111174813,0.0,2568
1,     37018,10348,        2111189216,0.0,0.0
0,     37020,0,        2111213173,0.0,3690
0,     37022,0,        2111236784,0.0,675
1,     37024,10349,        2111389216,0.0,0.0
0,     37026,0,        2111460321,0.0,4792
0,     37028,0,        2111522936,0.0,4737
1,     37030,10350,        2111589216,0.0,0.0
1,     37032,10351,        2111789220,0.0,0.0
0,     37034,0,        2111849861,0.0,4637
0,     37036,0,        2111985493,0.0,2508
1,     37038,10352,        2111989220,0.0,0.0
0,     37040,0,        2112053517,0.0,4703
1,     37042,10353,        2112189220,0.0,0.0
0,     37044,0,        2112321723,0.0,2729
1,     37046,10354,        2112389220,0.0,0.0
0,     37048,0,        2112566245,0.0,2539
1,     37050,10355,        2112589224,0.0,0.0
0,     37052,0,        2112721005,0.0,3142
1,     37054,10356,        2112789224,0.0,0.0
1,     37056,10357,        2112989224,0.0,0.0
0,     37058,0,        2113105084,0.0,1916
0,     37060,0,        2113136137,0.0,2720
0,     37062,0,        2113142188,0.0,1420
1,     37064,10358,        2113189228,0.0,0.0
0,     37066,0,        2113200794,0.0,4061
1,     37068,10359,        2113389228,0.0,0.0
1,     37070,10360,        2113589228,0.0,0.0
0,     37072,0,        2113700966,0.0,2906
0,     37073,0,        2113701871,0.0,4091
1,     37075,10361,        2113789232,0.0,0.0
1,     37077,10362,        2113989232,0.0,0.0
1,     37079,10363,        2114189232,0.0,0.0
1,     37081,10364,        2114389232,0.0,0.0
0,     37083,0,        2114402825,0.0,3563
1,     37085,10365,        2114589236,0.0,0.0
1,     37087,10366,        2114789236,0.0,0.0
0,     37089,0,        2114928652,0.0,2010
1,     37091,10367,        2114989236,0.0,0.0
0,     37093,0,        2114994178,0.0,2250
1,     37095,10368,        2115189240,0.0,0.0
1,     37097,10369,        2115389240,0.0,0.0
0,     37099,0,        2115458943,0.0,4366
1,     37101,10370,        2115589240,0.0,0.0
1,     37103,10371,        2115789240,0.0,0.0
0,     37105,0,        2115811561,0.0,2434
0,     37107,0,        2115873704,0.0,3111
1,     37109,10372,        2115989244,0.0,0.0
1,     37111,10373,        2116189244,0.0,0.0
1,     37113,10374,        2116389244,0.0,0.0
0,     37115,0,        2116585498,0.0,3304
0,     37116,0,        2116585631,0.0,3229
1,     37118,10375,        2116589248,0.0,0.0
1,     37120,10376,        2116789248,0.0,0.0
0,     37122,0,        2116913399,0.0,3880
1,     37124,10377,        2116989248,0.0,0.0
1,     37126,10378,        2117189252,0.0,0.0
1,     37128,10379,        2117389252,0.0,0.0
1,     37130,10380,        2117589252,0.0,0.0
0,     37132,0,        2117659893,0.0,1771
1,     37134,10381,        2117789252,0.0,0.0
0,     37136,0,        2117868100,0.0,5137
1,     37138,10382,        2117989256,0.0,0.0
1,     37140,10383,        2118189256,0.0,0.0
0,     37142,0,        2118239086,0.0,4987
0,     37144,0,        2118251142,0.0,272
1,     37146,10384,        2118389256,0.0,0.0
1,     37148,10385,        2118589260,0.0,0.0
1,     37150,10386,        2118789260,0.0,0.0
1,     37152,10387,        2118989260,0.0,0.0
0,     37154,0,        2118994315,0.0,5042
1,     37156,10388,        2119189264,0.0,0.0
1,     37158,10389,        2119389264,0.0,0.0
0,     37159,0,        2119390147,0.0,2922
0,     37161,0,        2119457186,0.0,1327
1,     37163,10390,        2119589264,0.0,0.0
1,     37165,10391,        2119789264,0.0,0.0
1,     37167,10392,        2119989268,0.0,0.0
1,     37169,10393,        2120189268,0.0,0.0
1,     37171,10394,        2120389268,0.0,0.0
0,     37173,0,        2120559257,0.0,1800
1,     37175,10395,        2120589272,0.0,0.0
1,     37177,10396,        2120789272,0.0,0.0
0,     37179,0,        2120888647,0.0,259
0,     37181,0,        2120977317,0.0,1185
1,     37183,10397,        2120989272,0.0,0.0
0,     37185,0,        2121133643,0.0,785
1,     37187,10398,        2121189276,0.0,0.0
0,     37189,0,        2121220116,0.0,1216
1,     37191,10399,        2121389276,0.0,0.0
1,     37193,10400,        2121589276,0.0,0.0
1,     37195,10401,        2121789276,0.0,0.0
0,     37197,0,        2121807355,0.0,1682
1,     37199,10402,        2121989280,0.0,0.0
0,     37201,0,        2122147795,0.0,5757
1,     37203,10403,        2122189280,0.0,0.0
0,     37205,0,        2122385909,0.0,4543
1,     37207,10404,        2122389280,0.0,0.0
1,     37209,10405,        2122589284,0.0,0.0
1,     37211,10406,        2122789284,0.0,0.0
1,     37213,10407,        2122989284,0.0,0.0
0,     37215,0,        2123023332,0.0,1550
1,     37217,10408,        2123189288,0.0,0.0
0,     37219,0,        2123312719,0.0,4106
1,     37221,10409,        2123389288,0.0,0.0
0,     37223,0,        2123578969,0.0,861
1,     37225,10410,        2123589288,0.0,0.0
0,     37227,0,        2123692973,0.0,5188
0,     37229,0,        2123743049,0.0,3418
0,     37231,0,        2123781950,0.0,593
1,     37233,10411,        2123789288,0.0,0.0
0,     37235,0,        2123961717,0.0,4272
0,     37237,0,        2123973340,0.0,5239
1,     37239,10412,        2123989292,0.0,0.0
0,     37241,0,        2124051821,0.0,1637
1,     37243,10413,        2124189292,0.0,0.0
1,     37245,10414,        2124389292,0.0,0.0
1,     37247,10415,        2124589296,0.0,0.0
1,     37249,10416,        2124789296,0.0,0.0
1,     37251,10417,        2124989296,0.0,0.0
0,     37253,0,        2125072006,0.0,3318
1,     37255,10418,        2125189296,0.0,0.0
1,     37257,10419,        2125389300,0.0,0.0
1,     37259,10420,        2125589300,0.0,0.0
1,     37261,10421,        2125789300,0.0,0.0
1,     37263,10422,        2125989304,0.0,0.0
0,     37265,0,        2126014887,0.0,3329
0,     37267,0,        2126064274,0.0,5075
0,     37268,0,        2126064414,0.0,528
1,     37270,10423,        2126189304,0.0,0.0
1,     37272,10424,        2126389304,0.0,0.0
0,     37274,0,        2126522713,0.0,3792
1,     37276,10425,        2126589308,0.0,0.0
1,     37278,10426,        2126789308,0.0,0.0
1,     37280,10427,        2126989308,0.0,0.0
0,     37282,0,        2127000168,0.0,5694
0,     37284,0,        2127057731,0.0,4062
0,     37286,0,        2127074074,0.0,3558
1,     37288,10428,        2127189308,0.0,0.0
1,     37290,10429,        2127389312,0.0,0.0
0,     37292,0,        2127506876,0.0,2491
1,     37294,10430,        2127589312,0.0,0.0
0,     37296,0,        2127729528,0.0,5754
1,     37298,10431,        2127789312,0.0,0.0
0,     37300,0,        2127872431,0.0,713
1,     37302,10432,        2127989316,0.0,0.0
1,     37304,10433,        2128189316,0.0,0.0
1,     37306,10434,        2128389316,0.0,0.0
1,     37308,10435,        2128589320,0.0,0.0
0,     37310,0,        2128764155,0.0,1791
1,     37312,10436,        2128789320,0.0,0.0
0,     37314,0,        2128911135,0.0,5940
0,     37316,0,        2128927392,0.0,4848
1,     37318,10437,        2128989320,0.0,0.0
0,     37320,0,        2129079203,0.0,4242
1,     37322,10438,        2129189320,0.0,0.0
1,     37324,10439,        2129389324,0.0,0.0
1,     37326,10440,        2129589324,0.0,0.0
1,     37328,10441,        2129789324,0.0,0.0
1,     37330,10442,        2129989328,0.0,0.0
0,     37332,0,        2130011684,0.0,4348
1,     37334,10443,        2130189328,0.0,0.0
1,     37336,10444,        2130389328,0.0,0.0
1,     37338,10445,        2130589332,0.0,0.0
1,     37340,10446,        2130789332,0.0,0.0
1,     37342,10447,        2130989332,0.0,0.0
0,     37344,0,        2131126614,0.0,2997
1,     37346,10448,        2131189332,0.0,0.0
0,     37348,0,        2131270911,0.0,186
0,     37350,0,        2131348703,0.0,4494
1,     37352,10449,        2131389336,0.0,0.0
1,     37354,10450,        2131589336,0.0,0.0
1,     37356,10451,        2131789336,0.0,0.0
1,     37358,10452,        2131989340,0.0,0.0
0,     37360,0,        2132013666,0.0,541
1,     37362,10453,        2132189340,0.0,0.0
1,     37364,10454,        2132389340,0.0,0.0
1,     37366,10455,        2132589344,0.0,0.0
0,     37368,0,        2132770832,0.0,300
1,     37370,10456,        2132789344,0.0,0.0
0,     37372,0,        2132900052,0.0,615
0,     37374,0,        2132923278,0.0,3157
1,     37376,10457,        2132989344,0.0,0.0
1,     37378,10458,        2133189344,0.0,0.0
0,     37380,0,        2133343195,0.0,4281
0,     37382,0,        2133353414,0.0,677
1,     37384,10459,        2133389348,0.0,0.0
0,     37386,0,        2133572868,0.0,5452
1,     37388,10460,        2133589348,0.0,0.0
1,     37390,10461,        2133789348,0.0,0.0
0,     37392,0,        2133838089,0.0,1236
1,     37394,10462,        2133989352,0.0,0.0
0,     37396,0,        2134151594,0.0,3296
1,     37398,10463,        2134189352,0.0,0.0
1,     37400,10464,        2134389352,0.0,0.0
0,     37402,0,        2134416307,0.0,5571
1,     37404,10465,        2134589352,0.0,0.0
1,     37406,10466,        2134789356,0.0,0.0
0,     37408,0,        2134796936,0.0,4571
0,     37410,0,        2134798034,0.0,5004
0,     37411,0,        2134798037,0.0,4541
1,     37413,10467,        2134989356,0.0,0.0
1,     37415,10468,        2135189356,0.0,0.0
1,     37417,10469,        2135389360,0.0,0.0
0,     37419,0,        2135435455,0.0,3308
0,     37421,0,        2135440615,0.0,2396
1,     37423,10470,        2135589360,0.0,0.0
1,     37425,10471,        2135789360,0.0,0.0
1,     37427,10472,        2135989364,0.0,0.0
1,     37429,10473,        2136189364,0.0,0.0
1,     37431,10474,        2136389364,0.0,0.0
1,     37433,10475,        2136589364,0.0,0.0
1,     37435,10476,        2136789368,0.0,0.0
0,     37437,0,        2136824163,0.0,3196
0,     37439,0,        2136860864,0.0,4826
1,     37441,10477,        2136989368,0.0,0.0
1,     37443,10478,        2137189368,0.0,0.0
1,     37445,10479,        2137389372,0.0,0.0
0,     37447,0,        2137491295,0.0,1790
1,     37449,10480,        2137589372,0.0,0.0
1,     37451,10481,        2137789372,0.0,0.0
0,     37453,0,        2137967966,0.0,5129
1,     37455,10482,        2137989376,0.0,0.0
0,     37457,0,        2138065927,0.0,5387
1,     37459,10483,        2138189376,0.0,0.0
1,     37461,10484,        2138389376,0.0,0.0
1,     37463,10485,        2138589376,0.0,0.0
1,     37465,10486,        2138789380,0.0,0.0
1,     37467,10487,        2138989380,0.0,0.0
1,     37469,10488,        2139189380,0.0,0.0
0,     37471,0,        2139276474,0.0,6027
0,     37473,0,        2139313802,0.0,86
1,     37475,10489,        2139389384,0.0,0.0
1,     37477,10490,        2139589384,0.0,0.0
1,     37479,10491,        2139789384,0.0,0.0
1,     37481,10492,        2139989384,0.0,0.0
1,     37483,10493,        2140189388,0.0,0.0
1,     37485,10494,        2140389388,0.0,0.0
1,     37487,10495,        2140589388,0.0,0.0
1,     37489,10496,        2140789392,0.0,0.0
0,     37491,0,        2140892399,0.0,753
1,     37493,10497,        2140989392,0.0,0.0
1,     37495,10498,        2141189392,0.0,0.0
1,     37497,10499,        2141389396,0.0,0.0
1,     37499,10500,        2141589396,0.0,0.0
1,     37501,10501,        2141789396,0.0,0.0
0,     37503,0,        2141804348,0.0,1502
1,     37505,10502,        2141989400,0.0,0.0
1,     37507,10503,        2142189400,0.0,0.0
1,     37509,10504,        2142389400,0.0,0.0
1,     37511,10505,        2142589400,0.0,0.0
0,     37513,0,        2142631609,0.0,4725
0,     37515,0,        2142724598,0.0,1701
0,     37516,0,        2142724665,0.0,5841
0,     37518,0,        2142775669,0.0,1641
1,     37520,10506,        2142789404,0.0,0.0
0,     37522,0,        2142809204,0.0,4659
1,     37524,10507,        2142989404,0.0,0.0
0,     37526,0,        2143025805,0.0,4669
1,     37528,10508,        2143189404,0.0,0.0
1,     37530,10509,        2143389408,0.0,0.0
0,     37532,0,        2143539607,0.0,5899
1,     37534,10510,        2143589408,0.0,0.0
1,     37536,10511,        2143789408,0.0,0.0
0,     37538,0,        2143987748,0.0,1472
1,     37540,10512,        2143989408,0.0,0.0
1,     37542,10513,        2144189412,0.0,0.0
1,     37544,10514,        2144389412,0.0,0.0
0,     37546,0,        2144474316,0.0,5991
1,     37548,10515,        2144589412,0.0,0.0
1,     37550,10516,        2144789416,0.0,0.0
0,     37552,0,        2144792041,0.0,2312
0,     37553,0,        2144792115,0.0,2202
0,     37555,0,        2144912553,0.0,3698
1,     37557,10517,        2144989416,0.0,0.0
1,     37559,10518,        2145189416,0.0,0.0
0,     37561,0,        2145225273,0.0,607
1,     37563,10519,        2145389420,0.0,0.0
0,     37565,0,        2145413754,0.0,3592
1,     37567,10520,        2145589420,0.0,0.0
0,     37569,0,        2145769478,0.0,1308
1,     37571,10521,        2145789420,0.0,0.0
0,     37573,0,        2145817983,0.0,1154
1,     37575,10522,        2145989420,0.0,0.0
0,     37577,0,        2146174944,0.0,5642
1,     37579,10523,        2146189424,0.0,0.0
1,     37581,10524,        2146389424,0.0,0.0
0,     37583,0,        2146455447,0.0,4094
1,     37585,10525,        2146589424,0.0,0.0
1,     37587,10526,        2146789428,0.0,0.0
1,     37589,10527,        2146989428,0.0,0.0
0,     37591,0,        2147165722,0.0,193
1,     37593,10528,        2147189428,0.0,0.0
1,     37595,10529,        2147389432,0.0,0.0
1,     37597,10530,        2147589432,0.0,0.0
1,     37599,10531,        2147789432,0.0,0.0
0,     37601,0,        2147829044,0.0,5577
1,     37603,10532,        2147989432,0.0,0.0
0,     37605,0,        2148108526,0.0,6045
0,     37607,0,        2148152272,0.0,1825
1,     37609,10533,        2148189436,0.0,0.0
1,     37611,10534,        2148389436,0.0,0.0
0,     37613,0,        2148429049,0.0,5171
1,     37615,10535,        2148589436,0.0,0.0
1,     37617,10536,        2148789440,0.0,0.0
0,     37619,0,        2148917228,0.0,3580
1,     37621,10537,        2148989440,0.0,0.0
1,     37623,10538,        2149189440,0.0,0.0
1,     37625,10539,        2149389440,0.0,0.0
0,     37627,0,        2149425839,0.0,1065
1,     37629,10540,        2149589444,0.0,0.0
1,     37631,10541,        2149789444,0.0,0.0
0,     37633,0,        2149823024,0.0,5959
1,     37635,10542,        2149989444,0.0,0.0
1,     37637,10543,        2150189448,0.0,0.0
1,     37639,10544,        2150389448,0.0,0.0
1,     37641,10545,        2150589448,0.0,0.0
1,     37643,10546,        2150789452,0.0,0.0
0,     37645,0,        2150966555,0.0,470
1,     37647,10547,        2150989452,0.0,0.0
1,     37649,10548,        2151189452,0.0,0.0
1,     37651,10549,        2151389452,0.0,0.0
1,     37653,10550,        2151589456,0.0,0.0
0,     37655,0,        2151693258,0.0,5320
1,     37657,10551,        2151789456,0.0,0.0
1,     37659,10552,        2151989456,0.0,0.0
1,     37661,10553,        2152189460,0.0,0.0
1,     37663,10554,        2152389460,0.0,0.0
0,     37665,0,        2152391595,0.0,4627
0,     37667,0,        2152507160,0.0,3732
1,     37669,10555,        2152589460,0.0,0.0
1,     37671,10556,        2152789464,0.0,0.0
1,     37673,10557,        2152989464,0.0,0.0
1,     37675,10558,        2153189464,0.0,0.0
0,     37677,0,        2153246803,0.0,3455
1,     37679,10559,        2153389464,0.0,0.0
0,     37681,0,        2153511255,0.0,4801
0,     37683,0,        2153513652,0.0,4258
1,     37685,10560,        2153589468,0.0,0.0
1,     37687,10561,        2153789468,0.0,0.0
1,     37689,10562,        2153989468,0.0,0.0
0,     37691,0,        2154125852,0.0,3740
1,     37693,10563,        2154189472,0.0,0.0
0,     37695,0,        2154363351,0.0,5581
1,     37697,10564,        2154389472,0.0,0.0
0,     37699,0,        2154525217,0.0,3344
1,     37701,10565,        2154589472,0.0,0.0
0,     37703,0,        2154662080,0.0,3083
1,     37705,10566,        2154789476,0.0,0.0
1,     37707,10567,        2154989476,0.0,0.0
1,     37709,10568,        2155189476,0.0,0.0
0,     37711,0,        2155350379,0.0,40
1,     37713,10569,        2155389476,0.0,0.0
0,     37715,0,        2155517760,0.0,2530
1,     37717,10570,        2155589480,0.0,0.0
1,     37719,10571,        2155789480,0.0,0.0
0,     37721,0,        2155860828,0.0,1533
1,     37723,10572,        2155989480,0.0,0.0
0,     37725,0,        2156079159,0.0,2778
0,     37727,0,        2156081978,0.0,412
0,     37729,0,        2156094942,0.0,3829
1,     37731,10573,        2156189484,0.0,0.0
0,     37733,0,        2156377561,0.0,5503
1,     37735,10574,        2156389484,0.0,0.0
0,     37737,0,        2156398917,0.0,4019
1,     37739,10575,        2156589484,0.0,0.0
0,     37741,0,        2156606210,0.0,4295
1,     37743,10576,        2156789488,0.0,0.0
1,     37745,10577,        2156989488,0.0,0.0
0,     37747,0,        2157115669,0.0,2175
1,     37749,10578,        2157189488,0.0,0.0
0,     37751,0,        2157240420,0.0,2761
0,     37753,0,        2157355366,0.0,3460
1,     37755,10579,        2157389488,0.0,0.0
0,     37757,0,        2157517002,0.0,1079
1,     37759,10580,        2157589492,0.0,0.0
1,     37761,10581,        2157789492,0.0,0.0
0,     37763,0,        2157923162,0.0,3314
1,     37765,10582,        2157989492,0.0,0.0
1,     37767,10583,        2158189496,0.0,0.0
0,     37769,0,        2158261745,0.0,3467
0,     37771,0,        2158323707,0.0,2249
1,     37773,10584,        2158389496,0.0,0.0
1,     37775,10585,        2158589496,0.0,0.0
0,     37777,0,        2158612765,0.0,1135
0,     37779,0,        2158710159,0.0,3274
1,     37781,10586,        2158789496,0.0,0.0
0,     37783,0,        2158867252,0.0,4879
1,     37785,10587,        2158989500,0.0,0.0
1,     37787,10588,        2159189500,0.0,0.0
0,     37789,0,        2159244389,0.0,3394
1,     37791,10589,        2159389500,0.0,0.0
0,     37793,0,        2159415142,0.0,4542
1,     37795,10590,        2159589504,0.0,0.0
1,     37797,10591,        2159789504,0.0,0.0
0,     37799,0,        2159902545,0.0,3274
0,     37801,0,        2159939250,0.0,3279
1,     37803,10592,        2159989504,0.0,0.0
0,     37805,0,        2160099045,0.0,2759
0,     37807,0,        2160179300,0.0,3276
1,     37809,10593,        2160189508,0.0,0.0
1,     37811,10594,        2160389508,0.0,0.0
1,     37813,10595,        2160589508,0.0,0.0
0,     37815,0,        2160779348,0.0,3462
0,     37816,0,        2160779350,0.0,1432
1,     37818,10596,        2160789508,0.0,0.0
0,     37820,0,        2160975253,0.0,3317
1,     37822,10597,        2160989512,0.0,0.0
0,     37824,0,        2161091592,0.0,5327
1,     37826,10598,        2161189512,0.0,0.0
1,     37828,10599,        2161389512,0.0,0.0
1,     37830,10600,        2161589516,0.0,0.0
1,     37832,10601,        2161789516,0.0,0.0
0,     37834,0,        2161936043,0.0,3787
1,     37836,10602,        2161989516,0.0,0.0
0,     37838,0,        2162164359,0.0,874
0,     37839,0,        2162164458,0.0,1944
1,     37841,10603,        2162189520,0.0,0.0
0,     37843,0,        2162355052,0.0,1264
1,     37845,10604,        2162389520,0.0,0.0
1,     37847,10605,        2162589520,0.0,0.0
0,     37849,0,        2162743746,0.0,4016
1,     37851,10606,        2162789520,0.0,0.0
1,     37853,10607,        2162989524,0.0,0.0
1,     37855,10608,        2163189524,0.0,0.0
0,     37857,0,        2163381805,0.0,6153
1,     37859,10609,        2163389524,0.0,0.0
0,     37861,0,        2163439601,0.0,659
0,     37863,0,        2163442594,0.0,4364
0,     37865,0,        2163466980,0.0,3751
1,     37867,10610,        2163589528,0.0,0.0
1,     37869,10611,        2163789528,0.0,0.0
1,     37871,10612,        2163989528,0.0,0.0
0,     37873,0,        2164055894,0.0,6114
0,     37875,0,        2164132350,0.0,2675
1,     37877,10613,        2164189532,0.0,0.0
1,     37879,10614,        2164389532,0.0,0.0
1,     37881,10615,        2164589532,0.0,0.0
1,     37883,10616,        2164789532,0.0,0.0
1,     37885,10617,        2164989536,0.0,0.0
0,     37887,0,        2165100804,0.0,2605
1,     37889,10618,        2165189536,0.0,0.0
1,     37891,10619,        2165389536,0.0,0.0
1,     37893,10620,        2165589540,0.0,0.0
1,     37895,10621,        2165789540,0.0,0.0
0,     37897,0,        2165972969,0.0,647
1,     37899,10622,        2165989540,0.0,0.0
1,     37901,10623,        2166189540,0.0,0.0
0,     37903,0,        2166360892,0.0,314
0,     37905,0,        2166367158,0.0,2895
1,     37907,10624,        2166389544,0.0,0.0
1,     37909,10625,        2166589544,0.0,0.0
0,     37911,0,        2166667175,0.0,5136
0,     37913,0,        2166668337,0.0,2246
1,     37915,10626,        2166789544,0.0,0.0
0,     37917,0,        2166794899,0.0,3306
0,     37919,0,        2166809218,0.0,4176
0,     37920,0,        2166809433,0.0,4332
0,     37922,0,        2166942902,0.0,5270
1,     37924,10627,        2166989548,0.0,0.0
0,     37926,0,        2167116112,0.0,664
1,     37928,10628,        2167189548,0.0,0.0
0,     37930,0,        2167377825,0.0,4802
1,     37932,10629,        2167389548,0.0,0.0
0,     37934,0,        2167466549,0.0,6195
1,     37936,10630,        2167589552,0.0,0.0
1,     37938,10631,        2167789552,0.0,0.0
0,     37940,0,        2167833479,0.0,1758
0,     37942,0,        2167943132,0.0,11
1,     37944,10632,        2167989552,0.0,0.0
0,     37946,0,        2168127973,0.0,1563
1,     37948,10633,        2168189552,0.0,0.0
1,     37950,10634,        2168389556,0.0,0.0
1,     37952,10635,        2168589556,0.0,0.0
0,     37954,0,        2168592134,0.0,5339
0,     37956,0,        2168657645,0.0,206
0,     37958,0,        2168671210,0.0,1655
1,     37960,10636,        2168789556,0.0,0.0
1,     37962,10637,        2168989560,0.0,0.0
0,     37964,0,        2169112910,0.0,5239
1,     37966,10638,        2169189560,0.0,0.0
0,     37968,0,        2169271838,0.0,1701
1,     37970,10639,        2169389560,0.0,0.0
1,     37972,10640,        2169589564,0.0,0.0
0,     37974,0,        2169707200,0.0,4045
1,     37976,10641,        2169789564,0.0,0.0
1,     37978,10642,        2169989564,0.0,0.0
0,     37980,0,        2170187880,0.0,4659
1,     37982,10643,        2170189564,0.0,0.0
1,     37984,10644,        2170389568,0.0,0.0
0,     37986,0,        2170417442,0.0,4903
1,     37988,10645,        2170589568,0.0,0.0
0,     37990,0,        2170729842,0.0,1355
0,     37992,0,        2170741876,0.0,5928
1,     37994,10646,        2170789568,0.0,0.0
0,     37996,0,        2170855724,0.0,6170
0,     37998,0,        2170932057,0.0,5659
0,     38000,0,        2170974405,0.0,5727
0,     38002,0,        2170988483,0.0,3076
1,     38004,10647,        2170989572,0.0,0.0
1,     38006,10648,        2171189572,0.0,0.0
1,     38008,10649,        2171389572,0.0,0.0
1,     38010,10650,        2171589576,0.0,0.0
0,     38012,0,        2171610452,0.0,5871
0,     38014,0,        2171624631,0.0,1274
0,     38016,0,        2171761839,0.0,5284
1,     38018,10651,        2171789576,0.0,0.0
1,     38020,10652,        2171989576,0.0,0.0
1,     38022,10653,        2172189576,0.0,0.0
0,     38024,0,        2172240015,0.0,3225
0,     38025,0,        2172240632,0.0,4001
0,     38027,0,        2172304168,0.0,2539
1,     38029,10654,        2172389580,0.0,0.0
0,     38031,0,        2172584837,0.0,5626
1,     38033,10655,        2172589580,0.0,0.0
0,     38035,0,        2172756670,0.0,4378
1,     38037,10656,        2172789580,0.0,0.0
1,     38039,10657,        2172989584,0.0,0.0
0,     38041,0,        2173052633,0.0,1000
1,     38043,10658,        2173189584,0.0,0.0
0,     38045,0,        2173336402,0.0,269
1,     38047,10659,        2173389584,0.0,0.0
1,     38049,10660,        2173589584,0.0,0.0
0,     38051,0,        2173603392,0.0,3762
0,     38053,0,        2173786102,0.0,2788
1,     38055,10661,        2173789588,0.0,0.0
1,     38057,10662,        2173989588,0.0,0.0
0,     38059,0,        2174006573,0.0,1757
0,     38061,0,        2174154265,0.0,3366
1,     38063,10663,        2174189588,0.0,0.0
0,     38065,0,        2174222729,0.0,26
1,     38067,10664,        2174389592,0.0,0.0
1,     38069,10665,        2174589592,0.0,0.0
0,     38071,0,        2174664069,0.0,3488
0,     38073,0,        2174730421,0.0,41
1,     38075,10666,        2174789592,0.0,0.0
0,     38077,0,        2174793453,0.0,1961
0,     38079,0,        2174958291,0.0,2211
1,     38081,10667,        2174989596,0.0,0.0
0,     38083,0,        2175181721,0.0,5905
1,     38085,10668,        2175189596,0.0,0.0
0,     38087,0,        2175204416,0.0,446
1,     38089,10669,        2175389596,0.0,0.0
1,     38091,10670,        2175589596,0.0,0.0
1,     38093,10671,        2175789600,0.0,0.0
0,     38095,0,        2175850637,0.0,4836
1,     38097,10672,        2175989600,0.0,0.0
1,     38099,10673,        2176189600,0.0,0.0
0,     38101,0,        2176210754,0.0,5307
0,     38103,0,        2176240137,0.0,4137
1,     38105,10674,        2176389604,0.0,0.0
0,     38107,0,        2176587516,0.0,2106
1,     38109,10675,        2176589604,0.0,0.0
1,     38111,10676,        2176789604,0.0,0.0
1,     38113,10677,        2176989608,0.0,0.0
0,     38115,0,        2177182895,0.0,3252
1,     38117,10678,        2177189608,0.0,0.0
0,     38119,0,        2177208688,0.0,5345
0,     38121,0,        2177247554,0.0,4930
0,     38123,0,        2177330579,0.0,4339
1,     38125,10679,        2177389608,0.0,0.0
1,     38127,10680,        2177589608,0.0,0.0
0,     38129,0,        2177618204,0.0,5603
0,     38130,0,        2177618397,0.0,3886
0,     38132,0,        2177622337,0.0,1255
0,     38134,0,        2177666111,0.0,1407
0,     38136,0,        2177756797,0.0,2550
1,     38138,10681,        2177789612,0.0,0.0
0,     38140,0,        2177942945,0.0,6236
0,     38142,0,        2177944829,0.0,1023
0,     38143,0,        2177944939,0.0,5126
0,     38145,0,        2177988519,0.0,976
1,     38147,10682,        2177989612,0.0,0.0
0,     38149,0,        2178022358,0.0,3698
0,     38151,0,        2178108386,0.0,3287
1,     38153,10683,        2178189612,0.0,0.0
0,     38155,0,        2178371823,0.0,2064
1,     38157,10684,        2178389616,0.0,0.0
0,     38159,0,        2178571086,0.0,2755
1,     38161,10685,        2178589616,0.0,0.0
0,     38163,0,        2178734972,0.0,5695
0,     38165,0,        2178740875,0.0,3182
1,     38167,10686,        2178789616,0.0,0.0
1,     38169,10687,        2178989620,0.0,0.0
1,     38171,10688,        2179189620,0.0,0.0
0,     38173,0,        2179248822,0.0,3277
1,     38175,10689,        2179389620,0.0,0.0
1,     38177,10690,        2179589620,0.0,0.0
0,     38179,0,        2179610158,0.0,3313
0,     38181,0,        2179707360,0.0,1290
0,     38183,0,        2179776589,0.0,5300
0,     38184,0,        2179776688,0.0,4396
1,     38186,10691,        2179789624,0.0,0.0
0,     38188,0,        2179909771,0.0,824
1,     38190,10692,        2179989624,0.0,0.0
1,     38192,10693,        2180189624,0.0,0.0
1,     38194,10694,        2180389628,0.0,0.0
0,     38196,0,        2180399287,0.0,4337
1,     38198,10695,        2180589628,0.0,0.0
0,     38200,0,        2180782494,0.0,3650
1,     38202,10696,        2180789628,0.0,0.0
0,     38204,0,        2180822938,0.0,3169
0,     38205,0,        2180823021,0.0,325
0,     38207,0,        2180840975,0.0,1980
0,     38209,0,        2180850429,0.0,5764
1,     38211,10697,        2180989628,0.0,0.0
0,     38213,0,        2181032213,0.0,3296
0,     38215,0,        2181052460,0.0,3305
0,     38217,0,        2181147711,0.0,1899
1,     38219,10698,        2181189632,0.0,0.0
0,     38221,0,        2181339657,0.0,3389
1,     38223,10699,        2181389632,0.0,0.0
0,     38225,0,        2181403966,0.0,1658
0,     38227,0,        2181440329,0.0,3299
0,     38229,0,        2181469547,0.0,1785
1,     38231,10700,        2181589632,0.0,0.0
1,     38233,10701,        2181789636,0.0,0.0
1,     38235,10702,        2181989636,0.0,0.0
0,     38237,0,        2182088150,0.0,3307
1,     38239,10703,        2182189636,0.0,0.0
1,     38241,10704,        2182389640,0.0,0.0
0,     38243,0,        2182508066,0.0,5195
0,     38245,0,        2182558359,0.0,1316
0,     38247,0,        2182566252,0.0,5577
1,     38249,10705,        2182589640,0.0,0.0
1,     38251,10706,        2182789640,0.0,0.0
0,     38253,0,        2182932158,0.0,2209
1,     38255,10707,        2182989640,0.0,0.0
0,     38257,0,        2182996293,0.0,307
1,     38259,10708,        2183189644,0.0,0.0
0,     38261,0,        2183298602,0.0,1484
1,     38263,10709,        2183389644,0.0,0.0
1,     38265,10710,        2183589644,0.0,0.0
0,     38267,0,        2183742301,0.0,3301
1,     38269,10711,        2183789648,0.0,0.0
1,     38271,10712,        2183989648,0.0,0.0
1,     38273,10713,        2184189648,0.0,0.0
0,     38275,0,        2184266355,0.0,3362
0,     38277,0,        2184278199,0.0,1857
0,     38279,0,        2184322619,0.0,5903
1,     38281,10714,        2184389652,0.0,0.0
0,     38283,0,        2184578813,0.0,4403
1,     38285,10715,        2184589652,0.0,0.0
1,     38287,10716,        2184789652,0.0,0.0
1,     38289,10717,        2184989652,0.0,0.0
1,     38291,10718,        2185189656,0.0,0.0
0,     38293,0,        2185305636,0.0,2797
0,     38295,0,        2185369339,0.0,2152
1,     38297,10719,        2185389656,0.0,0.0
1,     38299,10720,        2185589656,0.0,0.0
0,     38301,0,        2185693057,0.0,6162
0,     38303,0,        2185693185,0.0,5757
1,     38305,10721,        2185789660,0.0,0.0
0,     38307,0,        2185876667,0.0,654
0,     38309,0,        2185947783,0.0,3489
1,     38311,10722,        2185989660,0.0,0.0
1,     38313,10723,        2186189660,0.0,0.0
1,     38315,10724,        2186389664,0.0,0.0
0,     38317,0,        2186492662,0.0,5916
0,     38319,0,        2186550793,0.0,3821
1,     38321,10725,        2186589664,0.0,0.0
1,     38323,10726,        2186789664,0.0,0.0
1,     38325,10727,        2186989664,0.0,0.0
0,     38327,0,        2187127909,0.0,5194
1,     38329,10728,        2187189668,0.0,0.0
1,     38331,10729,        2187389668,0.0,0.0
0,     38333,0,        2187479591,0.0,816
1,     38335,10730,        2187589668,0.0,0.0
1,     38337,10731,        2187789672,0.0,0.0
1,     38339,10732,        2187989672,0.0,0.0
0,     38341,0,        2188069049,0.0,3203
0,     38343,0,        2188083659,0.0,5792
1,     38345,10733,        2188189672,0.0,0.0
0,     38347,0,        2188307776,0.0,2667
1,     38349,10734,        2188389676,0.0,0.0
0,     38351,0,        2188480647,0.0,2313
0,     38352,0,        2188481300,0.0,4730
1,     38354,10735,        2188589676,0.0,0.0
1,     38356,10736,        2188789676,0.0,0.0
0,     38358,0,        2188810098,0.0,784
0,     38360,0,        2188810440,0.0,6045
1,     38362,10737,        2188989676,0.0,0.0
0,     38364,0,        2189184565,0.0,5717
1,     38366,10738,        2189189680,0.0,0.0
1,     38368,10739,        2189389680,0.0,0.0
1,     38370,10740,        2189589680,0.0,0.0
1,     38372,10741,        2189789684,0.0,0.0
1,     38374,10742,        2189989684,0.0,0.0
0,     38376,0,        2190009844,0.0,3859
0,     38378,0,        2190051491,0.0,3389
1,     38380,10743,        2190189684,0.0,0.0
0,     38382,0,        2190200144,0.0,3835
1,     38384,10744,        2190389684,0.0,0.0
1,     38386,10745,        2190589688,0.0,0.0
1,     38388,10746,        2190789688,0.0,0.0
1,     38390,10747,        2190989688,0.0,0.0
1,     38392,10748,        2191189692,0.0,0.0
0,     38394,0,        2191244702,0.0,4445
1,     38396,10749,        2191389692,0.0,0.0
1,     38398,10750,        2191589692,0.0,0.0
0,     38400,0,        2191764878,0.0,6117
1,     38402,10751,        2191789696,0.0,0.0
1,     38404,10752,        2191989696,0.0,0.0
1,     38406,10753,        2192189696,0.0,0.0
0,     38408,0,        2192256582,0.0,2429
1,     38410,10754,        2192389696,0.0,0.0
0,     38412,0,        2192547696,0.0,4666
1,     38414,10755,        2192589700,0.0,0.0
1,     38416,10756,        2192789700,0.0,0.0
0,     38418,0,        2192836813,0.0,6176
1,     38420,10757,        2192989700,0.0,0.0
0,     38422,0,        2193126959,0.0,4275
0,     38423,0,        2193126978,0.0,80
1,     38425,10758,        2193189704,0.0,0.0
0,     38427,0,        2193253015,0.0,4621
1,     38429,10759,        2193389704,0.0,0.0
1,     38431,10760,        2193589704,0.0,0.0
0,     38433,0,        2193714891,0.0,2721
1,     38435,10761,        2193789708,0.0,0.0
1,     38437,10762,        2193989708,0.0,0.0
0,     38439,0,        2194023712,0.0,5651
1,     38441,10763,        2194189708,0.0,0.0
1,     38443,10764,        2194389708,0.0,0.0
0,     38445,0,        2194469303,0.0,4625
1,     38447,10765,        2194589712,0.0,0.0
0,     38449,0,        2194640114,0.0,1573
1,     38451,10766,        2194789712,0.0,0.0
1,     38453,10767,        2194989712,0.0,0.0
0,     38455,0,        2195033508,0.0,1637
0,     38457,0,        2195136254,0.0,5322
0,     38459,0,        2195136898,0.0,2464
0,     38461,0,        2195140999,0.0,4091
1,     38463,10768,        2195189716,0.0,0.0
0,     38465,0,        2195303381,0.0,3491
1,     38467,10769,        2195389716,0.0,0.0
0,     38469,0,        2195568298,0.0,4514
1,     38471,10770,        2195589716,0.0,0.0
1,     38473,10771,        2195789720,0.0,0.0
1,     38475,10772,        2195989720,0.0,0.0
1,     38477,10773,        2196189720,0.0,0.0
0,     38479,0,        2196283732,0.0,3948
0,     38481,0,        2196300001,0.0,5857
1,     38483,10774,        2196389720,0.0,0.0
0,     38485,0,        2196406966,0.0,5192
0,     38487,0,        2196462383,0.0,425
1,     38489,10775,        2196589724,0.0,0.0
1,     38491,10776,        2196789724,0.0,0.0
1,     38493,10777,        2196989724,0.0,0.0
0,     38495,0,        2197064191,0.0,5442
1,     38497,10778,        2197189728,0.0,0.0
1,     38499,10779,        2197389728,0.0,0.0
0,     38501,0,        2197454106,0.0,3293
1,     38503,10780,        2197589728,0.0,0.0
0,     38505,0,        2197694666,0.0,3592
1,     38507,10781,        2197789732,0.0,0.0
0,     38509,0,        2197816550,0.0,4256
0,     38511,0,        2197822032,0.0,5300
0,     38513,0,        2197984141,0.0,3313
1,     38515,10782,        2197989732,0.0,0.0
1,     38517,10783,        2198189732,0.0,0.0
1,     38519,10784,        2198389732,0.0,0.0
0,     38521,0,        2198472198,0.0,2289
0,     38523,0,        2198472767,0.0,1946
0,     38525,0,        2198480993,0.0,2313
1,     38527,10785,        2198589736,0.0,0.0
0,     38529,0,        2198761739,0.0,5817
1,     38531,10786,        2198789736,0.0,0.0
0,     38533,0,        2198797042,0.0,2456
1,     38535,10787,        2198989736,0.0,0.0
0,     38537,0,        2198992487,0.0,3799
0,     38538,0,        2198992649,0.0,1399
0,     38540,0,        2199187816,0.0,754
1,     38542,10788,        2199189740,0.0,0.0
0,     38544,0,        2199306135,0.0,5181
1,     38546,10789,        2199389740,0.0,0.0
1,     38548,10790,        2199589740,0.0,0.0
0,     38550,0,        2199787677,0.0,2007
1,     38552,10791,        2199789740,0.0,0.0
1,     38554,10792,        2199989744,0.0,0.0
0,     38556,0,        2200088229,0.0,864
0,     38558,0,        2200107391,0.0,6167
0,     38560,0,        2200129975,0.0,478
1,     38562,10793,        2200189744,0.0,0.0
0,     38564,0,        2200225455,0.0,3819
0,     38566,0,        2200272316,0.0,2939
0,     38567,0,        2200272319,0.0,5722
1,     38569,10794,        2200389744,0.0,0.0
0,     38571,0,        2200431014,0.0,3953
0,     38573,0,        2200471375,0.0,3845
1,     38575,10795,        2200589748,0.0,0.0
0,     38577,0,        2200735399,0.0,2172
1,     38579,10796,        2200789748,0.0,0.0
0,     38581,0,        2200866355,0.0,355
1,     38583,10797,        2200989748,0.0,0.0
0,     38585,0,        2201050496,0.0,6223
0,     38587,0,        2201128965,0.0,3238
1,     38589,10798,        2201189752,0.0,0.0
1,     38591,10799,        2201389752,0.0,0.0
1,     38593,10800,        2201589752,0.0,0.0
1,     38595,10801,        2201789752,0.0,0.0
0,     38597,0,        2201980072,0.0,1317
1,     38599,10802,        2201989756,0.0,0.0
0,     38601,0,        2202029390,0.0,938
1,     38603,10803,        2202189756,0.0,0.0
0,     38605,0,        2202225238,0.0,364
0,     38606,0,        2202225401,0.0,1509
1,     38608,10804,        2202389756,0.0,0.0
1,     38610,10805,        2202589760,0.0,0.0
1,     38612,10806,        2202789760,0.0,0.0
1,     38614,10807,        2202989760,0.0,0.0
0,     38616,0,        2203125254,0.0,5227
1,     38618,10808,        2203189764,0.0,0.0
0,     38620,0,        2203377202,0.0,2994
1,     38622,10809,        2203389764,0.0,0.0
1,     38624,10810,        2203589764,0.0,0.0
0,     38626,0,        2203675426,0.0,5108
1,     38628,10811,        2203789764,0.0,0.0
0,     38630,0,        2203909311,0.0,500
1,     38632,10812,        2203989768,0.0,0.0
1,     38634,10813,        2204189768,0.0,0.0
1,     38636,10814,        2204389768,0.0,0.0
0,     38638,0,        2204438020,0.0,3476
1,     38640,10815,        2204589772,0.0,0.0
0,     38642,0,        2204741802,0.0,2580
1,     38644,10816,        2204789772,0.0,0.0
1,     38646,10817,        2204989772,0.0,0.0
1,     38648,10818,        2205189772,0.0,0.0
1,     38650,10819,        2205389776,0.0,0.0
1,     38652,10820,        2205589776,0.0,0.0
0,     38654,0,        2205660998,0.0,5040
0,     38656,0,        2205725162,0.0,919
1,     38658,10821,        2205789776,0.0,0.0
0,     38660,0,        2205917378,0.0,1273
1,     38662,10822,        2205989780,0.0,0.0
1,     38664,10823,        2206189780,0.0,0.0
0,     38666,0,        2206225600,0.0,301
0,     38668,0,        2206319070,0.0,5489
1,     38670,10824,        2206389780,0.0,0.0
0,     38672,0,        2206555161,0.0,5902
1,     38674,10825,        2206589784,0.0,0.0
0,     38676,0,        2206598715,0.0,3367
1,     38678,10826,        2206789784,0.0,0.0
1,     38680,10827,        2206989784,0.0,0.0
0,     38682,0,        2207101521,0.0,3068
0,     38684,0,        2207117799,0.0,3804
1,     38686,10828,        2207189784,0.0,0.0
0,     38688,0,        2207302058,0.0,3954
0,     38690,0,        2207337481,0.0,797
1,     38692,10829,        2207389788,0.0,0.0
0,     38694,0,        2207550253,0.0,6025
1,     38696,10830,        2207589788,0.0,0.0
0,     38698,0,        2207699491,0.0,4280
1,     38700,10831,        2207789788,0.0,0.0
1,     38702,10832,        2207989792,0.0,0.0
0,     38704,0,        2208034711,0.0,318
1,     38706,10833,        2208189792,0.0,0.0
1,     38708,10834,        2208389792,0.0,0.0
1,     38710,10835,        2208589796,0.0,0.0
1,     38712,10836,        2208789796,0.0,0.0
0,     38714,0,        2208912919,0.0,1129
1,     38716,10837,        2208989796,0.0,0.0
0,     38718,0,        2209168196,0.0,5550
1,     38720,10838,        2209189796,0.0,0.0
1,     38722,10839,        2209389800,0.0,0.0
0,     38724,0,        2209566638,0.0,4270
1,     38726,10840,        2209589800,0.0,0.0
0,     38728,0,        2209618099,0.0,3973
0,     38730,0,        2209770404,0.0,1340
1,     38732,10841,        2209789800,0.0,0.0
0,     38734,0,        2209809241,0.0,3593
1,     38736,10842,        2209989804,0.0,0.0
0,     38738,0,        2210028668,0.0,4122
1,     38740,10843,        2210189804,0.0,0.0
0,     38742,0,        2210341808,0.0,2796
1,     38744,10844,        2210389804,0.0,0.0
1,     38746,10845,        2210589808,0.0,0.0
1,     38748,10846,        2210789808,0.0,0.0
1,     38750,10847,        2210989808,0.0,0.0
0,     38752,0,        2211092846,0.0,880
0,     38754,0,        2211177240,0.0,3940
1,     38756,10848,        2211189808,0.0,0.0
1,     38758,10849,        2211389812,0.0,0.0
0,     38760,0,        2211535695,0.0,3908
1,     38762,10850,        2211589812,0.0,0.0
1,     38764,10851,        2211789812,0.0,0.0
0,     38766,0,        2211818573,0.0,6006
0,     38768,0,        2211855376,0.0,1741
1,     38770,10852,        2211989816,0.0,0.0
1,     38772,10853,        2212189816,0.0,0.0
0,     38774,0,        2212286922,0.0,384
0,     38776,0,        2212376786,0.0,5044
1,     38778,10854,        2212389816,0.0,0.0
1,     38780,10855,        2212589820,0.0,0.0
0,     38782,0,        2212747677,0.0,3172
1,     38784,10856,        2212789820,0.0,0.0
0,     38786,0,        2212849150,0.0,4317
0,     38788,0,        2212969932,0.0,3080
1,     38790,10857,        2212989820,0.0,0.0
1,     38792,10858,        2213189820,0.0,0.0
0,     38794,0,        2213218699,0.0,5878
0,     38796,0,        2213290198,0.0,6135
1,     38798,10859,        2213389824,0.0,0.0
0,     38800,0,        2213461812,0.0,6150
1,     38802,10860,        2213589824,0.0,0.0
0,     38804,0,        2213608735,0.0,1755
0,     38806,0,        2213711361,0.0,4962
1,     38808,10861,        2213789824,0.0,0.0
1,     38810,10862,        2213989828,0.0,0.0
1,     38812,10863,        2214189828,0.0,0.0
0,     38814,0,        2214291266,0.0,2006
0,     38816,0,        2214346721,0.0,4816
1,     38818,10864,        2214389828,0.0,0.0
0,     38820,0,        2214443253,0.0,585
1,     38822,10865,        2214589828,0.0,0.0
0,     38824,0,        2214764544,0.0,3956
1,     38826,10866,        2214789832,0.0,0.0
0,     38828,0,        2214901075,0.0,2978
1,     38830,10867,        2214989832,0.0,0.0
1,     38832,10868,        2215189832,0.0,0.0
0,     38834,0,        2215329955,0.0,5860
1,     38836,10869,        2215389836,0.0,0.0
1,     38838,10870,        2215589836,0.0,0.0
1,     38840,10871,        2215789836,0.0,0.0
0,     38842,0,        2215849914,0.0,2628
1,     38844,10872,        2215989840,0.0,0.0
1,     38846,10873,        2216189840,0.0,0.0
0,     38848,0,        2216245074,0.0,3610
1,     38850,10874,        2216389840,0.0,0.0
1,     38852,10875,        2216589840,0.0,0.0
1,     38854,10876,        2216789844,0.0,0.0
0,     38856,0,        2216983064,0.0,2962
1,     38858,10877,        2216989844,0.0,0.0
1,     38860,10878,        2217189844,0.0,0.0
0,     38862,0,        2217245471,0.0,5469
1,     38864,10879,        2217389848,0.0,0.0
1,     38866,10880,        2217589848,0.0,0.0
0,     38868,0,        2217675692,0.0,4864
1,     38870,10881,        2217789848,0.0,0.0
1,     38872,10882,        2217989852,0.0,0.0
0,     38874,0,        2218138841,0.0,5787
0,     38876,0,        2218139968,0.0,5244
1,     38878,10883,        2218189852,0.0,0.0
1,     38880,10884,        2218389852,0.0,0.0
0,     38882,0,        2218397883,0.0,673
0,     38884,0,        2218468222,0.0,4728
0,     38886,0,        2218563495,0.0,5990
1,     38888,10885,        2218589852,0.0,0.0
0,     38890,0,        2218775520,0.0,414
1,     38892,10886,        2218789856,0.0,0.0
0,     38894,0,        2218919750,0.0,3440
1,     38896,10887,        2218989856,0.0,0.0
0,     38898,0,        2219125926,0.0,265
0,     38899,0,        2219126130,0.0,1494
0,     38901,0,        2219168262,0.0,3133
1,     38903,10888,        2219189856,0.0,0.0
1,     38905,10889,        2219389860,0.0,0.0
1,     38907,10890,        2219589860,0.0,0.0
1,     38909,10891,        2219789860,0.0,0.0
1,     38911,10892,        2219989864,0.0,0.0
0,     38913,0,        2220043685,0.0,5595
0,     38915,0,        2220148289,0.0,4461
1,     38917,10893,        2220189864,0.0,0.0
0,     38919,0,        2220376761,0.0,2197
1,     38921,10894,        2220389864,0.0,0.0
1,     38923,10895,        2220589864,0.0,0.0
1,     38925,10896,        2220789868,0.0,0.0
1,     38927,10897,        2220989868,0.0,0.0
0,     38929,0,        2221093323,0.0,4594
1,     38931,10898,        2221189868,0.0,0.0
1,     38933,10899,        2221389872,0.0,0.0
1,     38935,10900,        2221589872,0.0,0.0
0,     38937,0,        2221683653,0.0,5774
1,     38939,10901,        2221789872,0.0,0.0
0,     38941,0,        2221940974,0.0,2874
0,     38943,0,        2221961011,0.0,2035
1,     38945,10902,        2221989876,0.0,0.0
1,     38947,10903,        2222189876,0.0,0.0
1,     38949,10904,        2222389876,0.0,0.0
1,     38951,10905,        2222589876,0.0,0.0
1,     38953,10906,        2222789880,0.0,0.0
1,     38955,10907,        2222989880,0.0,0.0
1,     38957,10908,        2223189880,0.0,0.0
1,     38959,10909,        2223389884,0.0,0.0
0,     38961,0,        2223563517,0.0,5599
1,     38963,10910,        2223589884,0.0,0.0
1,     38965,10911,        2223789884,0.0,0.0
0,     38967,0,        2223985252,0.0,271
1,     38969,10912,        2223989884,0.0,0.0
0,     38971,0,        2224094606,0.0,3360
1,     38973,10913,        2224189888,0.0,0.0
1,     38975,10914,        2224389888,0.0,0.0
1,     38977,10915,        2224589888,0.0,0.0
0,     38979,0,        2224663786,0.0,2902
1,     38981,10916,        2224789892,0.0,0.0
0,     38983,0,        2224804190,0.0,613
1,     38985,10917,        2224989892,0.0,0.0
0,     38987,0,        2225083288,0.0,182
1,     38989,10918,        2225189892,0.0,0.0
1,     38991,10919,        2225389896,0.0,0.0
0,     38993,0,        2225550760,0.0,4017
1,     38995,10920,        2225589896,0.0,0.0
1,     38997,10921,        2225789896,0.0,0.0
0,     38999,0,        2225853759,0.0,3001
1,     39001,10922,        2225989896,0.0,0.0
1,     39003,10923,        2226189900,0.0,0.0
1,     39005,10924,        2226389900,0.0,0.0
0,     39007,0,        2226492210,0.0,164
1,     39009,10925,        2226589900,0.0,0.0
0,     39011,0,        2226590847,0.0,2349
0,     39012,0,        2226590849,0.0,432
0,     39014,0,        2226642744,0.0,4480
1,     39016,10926,        2226789904,0.0,0.0
1,     39018,10927,        2226989904,0.0,0.0
1,     39020,10928,        2227189904,0.0,0.0
1,     39022,10929,        2227389908,0.0,0.0
1,     39024,10930,        2227589908,0.0,0.0
1,     39026,10931,        2227789908,0.0,0.0
1,     39028,10932,        2227989908,0.0,0.0
1,     39030,10933,        2228189912,0.0,0.0
1,     39032,10934,        2228389912,0.0,0.0
0,     39034,0,        2228460655,0.0,183
1,     39036,10935,        2228589912,0.0,0.0
0,     39038,0,        2228616642,0.0,5647
0,     39040,0,        2228726911,0.0,5279
1,     39042,10936,        2228789916,0.0,0.0
0,     39044,0,        2228874741,0.0,4379
1,     39046,10937,        2228989916,0.0,0.0
0,     39048,0,        2229021699,0.0,4762
1,     39050,10938,        2229189916,0.0,0.0
1,     39052,10939,        2229389916,0.0,0.0
0,     39054,0,        2229580329,0.0,1537
1,     39056,10940,        2229589920,0.0,0.0
1,     39058,10941,        2229789920,0.0,0.0
1,     39060,10942,        2229989920,0.0,0.0
0,     39062,0,        2230056479,0.0,1593
0,     39064,0,        2230109744,0.0,3265
1,     39066,10943,        2230189924,0.0,0.0
1,     39068,10944,        2230389924,0.0,0.0
0,     39070,0,        2230407492,0.0,3417
1,     39072,10945,        2230589924,0.0,0.0
0,     39074,0,        2230693505,0.0,4000
0,     39075,0,        2230693507,0.0,3462
1,     39077,10946,        2230789928,0.0,0.0
0,     39079,0,        2230904724,0.0,3701
1,     39081,10947,        2230989928,0.0,0.0
1,     39083,10948,        2231189928,0.0,0.0
1,     39085,10949,        2231389928,0.0,0.0
1,     39087,10950,        2231589932,0.0,0.0
0,     39089,0,        2231616597,0.0,335
0,     39091,0,        2231719786,0.0,5050
1,     39093,10951,        2231789932,0.0,0.0
0,     39095,0,        2231956520,0.0,1831
1,     39097,10952,        2231989932,0.0,0.0
0,     39099,0,        2232088469,0.0,5167
0,     39101,0,        2232148685,0.0,5357
1,     39103,10953,        2232189936,0.0,0.0
0,     39105,0,        2232331038,0.0,3340
1,     39107,10954,        2232389936,0.0,0.0
1,     39109,10955,        2232589936,0.0,0.0
1,     39111,10956,        2232789940,0.0,0.0
0,     39113,0,        2232883446,0.0,3315
0,     39115,0,        2232912346,0.0,3409
1,     39117,10957,        2232989940,0.0,0.0
1,     39119,10958,        2233189940,0.0,0.0
1,     39121,10959,        2233389940,0.0,0.0
1,     39123,10960,        2233589944,0.0,0.0
1,     39125,10961,        2233789944,0.0,0.0
1,     39127,10962,        2233989944,0.0,0.0
0,     39129,0,        2233998412,0.0,740
0,     39131,0,        2234134173,0.0,3988
0,     39133,0,        2234146389,0.0,6210
1,     39135,10963,        2234189948,0.0,0.0
0,     39137,0,        2234229435,0.0,3984
0,     39139,0,        2234230316,0.0,4465
0,     39141,0,        2234261463,0.0,986
1,     39143,10964,        2234389948,0.0,0.0
0,     39145,0,        2234509268,0.0,3424
1,     39147,10965,        2234589948,0.0,0.0
0,     39149,0,        2234606040,0.0,1197
1,     39151,10966,        2234789952,0.0,0.0
1,     39153,10967,        2234989952,0.0,0.0
1,     39155,10968,        2235189952,0.0,0.0
0,     39157,0,        2235277797,0.0,3280
1,     39159,10969,        2235389952,0.0,0.0
0,     39161,0,        2235568041,0.0,3925
1,     39163,10970,        2235589956,0.0,0.0
0,     39165,0,        2235594092,0.0,5775
1,     39167,10971,        2235789956,0.0,0.0
0,     39169,0,        2235847464,0.0,3271
1,     39171,10972,        2235989956,0.0,0.0
0,     39173,0,        2236063996,0.0,2298
0,     39175,0,        2236123395,0.0,3406
1,     39177,10973,        2236189960,0.0,0.0
1,     39179,10974,        2236389960,0.0,0.0
0,     39181,0,        2236419052,0.0,5069
1,     39183,10975,        2236589960,0.0,0.0
1,     39185,10976,        2236789964,0.0,0.0
1,     39187,10977,        2236989964,0.0,0.0
0,     39189,0,        2236991255,0.0,2079
1,     39191,10978,        2237189964,0.0,0.0
1,     39193,10979,        2237389964,0.0,0.0
1,     39195,10980,        2237589968,0.0,0.0
0,     39197,0,        2237734076,0.0,3283
1,     39199,10981,        2237789968,0.0,0.0
1,     39201,10982,        2237989968,0.0,0.0
1,     39203,10983,        2238189972,0.0,0.0
1,     39205,10984,        2238389972,0.0,0.0
0,     39207,0,        2238515313,0.0,6060
1,     39209,10985,        2238589972,0.0,0.0
1,     39211,10986,        2238789972,0.0,0.0
0,     39213,0,        2238964237,0.0,437
0,     39215,0,        2238975883,0.0,649
1,     39217,10987,        2238989976,0.0,0.0
0,     39219,0,        2239015951,0.0,3247
0,     39221,0,        2239189098,0.0,2613
0,     39222,0,        2239189198,0.0,2594
1,     39223,10988,        2239189976,0.0,0.0
0,     39225,0,        2239337670,0.0,2983
1,     39227,10989,        2239389976,0.0,0.0
0,     39229,0,        2239409632,0.0,3455
0,     39231,0,        2239539432,0.0,3424
1,     39233,10990,        2239589980,0.0,0.0
0,     39235,0,        2239774307,0.0,3273
1,     39237,10991,        2239789980,0.0,0.0
0,     39239,0,        2239864013,0.0,2985
0,     39241,0,        2239929495,0.0,3573
1,     39243,10992,        2239989980,0.0,0.0
1,     39245,10993,        2240189984,0.0,0.0
1,     39247,10994,        2240389984,0.0,0.0
1,     39249,10995,        2240589984,0.0,0.0
0,     39251,0,        2240695227,0.0,3258
1,     39253,10996,        2240789984,0.0,0.0
0,     39255,0,        2240805048,0.0,3930
1,     39257,10997,        2240989988,0.0,0.0
1,     39259,10998,        2241189988,0.0,0.0
0,     39261,0,        2241289741,0.0,2287
0,     39263,0,        2241342518,0.0,2125
1,     39265,10999,        2241389988,0.0,0.0
0,     39267,0,        2241573619,0.0,1136
1,     39269,11000,        2241589992,0.0,0.0
0,     39271,0,        2241651265,0.0,2139
1,     39273,11001,        2241789992,0.0,0.0
0,     39275,0,        2241932445,0.0,2424
1,     39277,11002,        2241989992,0.0,0.0
0,     39279,0,        2242010534,0.0,4759
1,     39281,11003,        2242189996,0.0,0.0
0,     39283,0,        2242240159,0.0,117
0,     39285,0,        2242255095,0.0,3085
1,     39287,11004,        2242389996,0.0,0.0
0,     39289,0,        2242479315,0.0,1802
0,     39291,0,        2242575881,0.0,5820
1,     39293,11005,        2242589996,0.0,0.0
1,     39295,11006,        2242789996,0.0,0.0
1,     39297,11007,        2242990000,0.0,0.0
0,     39299,0,        2243081874,0.0,3019
0,     39300,0,        2243081980,0.0,2033
1,     39302,11008,        2243190000,0.0,0.0
1,     39304,11009,        2243390000,0.0,0.0
1,     39306,11010,        2243590004,0.0,0.0
1,     39308,11011,        2243790004,0.0,0.0
0,     39310,0,        2243900026,0.0,3637
1,     39312,11012,        2243990004,0.0,0.0
0,     39314,0,        2244024578,0.0,1492
0,     39316,0,        2244163006,0.0,4439
1,     39318,11013,        2244190008,0.0,0.0
1,     39320,11014,        2244390008,0.0,0.0
1,     39322,11015,        2244590008,0.0,0.0
1,     39324,11016,        2244790008,0.0,0.0
0,     39326,0,        2244929114,0.0,304
0,     39328,0,        2244965034,0.0,2198
1,     39330,11017,        2244990012,0.0,0.0
1,     39332,11018,        2245190012,0.0,0.0
1,     39334,11019,        2245390012,0.0,0.0
0,     39336,0,        2245411900,0.0,3765
0,     39338,0,        2245428465,0.0,746
0,     39340,0,        2245440791,0.0,4903
0,     39341,0,        2245440838,0.0,1866
1,     39343,11020,        2245590016,0.0,0.0
1,     39345,11021,        2245790016,0.0,0.0
1,     39347,11022,        2245990016,0.0,0.0
1,     39349,11023,        2246190016,0.0,0.0
1,     39351,11024,        2246390020,0.0,0.0
1,     39353,11025,        2246590020,0.0,0.0
1,     39355,11026,        2246790020,0.0,0.0
1,     39357,11027,        2246990024,0.0,0.0
0,     39359,0,        2247106892,0.0,4189
1,     39361,11028,        2247190024,0.0,0.0
1,     39363,11029,        2247390024,0.0,0.0
0,     39365,0,        2247490285,0.0,4617
1,     39367,11030,        2247590028,0.0,0.0
1,     39369,11031,        2247790028,0.0,0.0
1,     39371,11032,        2247990028,0.0,0.0
1,     39373,11033,        2248190028,0.0,0.0
1,     39375,11034,        2248390032,0.0,0.0
0,     39377,0,        2248565661,0.0,2857
1,     39379,11035,        2248590032,0.0,0.0
1,     39381,11036,        2248790032,0.0,0.0
1,     39383,11037,        2248990036,0.0,0.0
0,     39385,0,        2249084492,0.0,5788
1,     39387,11038,        2249190036,0.0,0.0
1,     39389,11039,        2249390036,0.0,0.0
1,     39391,11040,        2249590040,0.0,0.0
1,     39393,11041,        2249790040,0.0,0.0
0,     39395,0,        2249813569,0.0,30
0,     39397,0,        2249855748,0.0,1387
0,     39399,0,        2249909968,0.0,5338
1,     39401,11042,        2249990040,0.0,0.0
1,     39403,11043,        2250190040,0.0,0.0
0,     39405,0,        2250273045,0.0,4615
1,     39407,11044,        2250390044,0.0,0.0
0,     39409,0,        2250577868,0.0,3279
1,     39411,11045,        2250590044,0.0,0.0
0,     39413,0,        2250755536,0.0,262
1,     39415,11046,        2250790044,0.0,0.0
1,     39417,11047,        2250990048,0.0,0.0
0,     39419,0,        2251175784,0.0,3070
1,     39421,11048,        2251190048,0.0,0.0
0,     39423,0,        2251244265,0.0,6110
0,     39425,0,        2251279394,0.0,2977
1,     39427,11049,        2251390048,0.0,0.0
0,     39429,0,        2251560374,0.0,1382
1,     39431,11050,        2251590052,0.0,0.0
1,     39433,11051,        2251790052,0.0,0.0
0,     39435,0,        2251950667,0.0,2422
1,     39437,11052,        2251990052,0.0,0.0
1,     39439,11053,        2252190052,0.0,0.0
0,     39441,0,        2252273298,0.0,1616
1,     39443,11054,        2252390056,0.0,0.0
0,     39445,0,        2252577450,0.0,2117
1,     39447,11055,        2252590056,0.0,0.0
0,     39449,0,        2252653645,0.0,5290
1,     39451,11056,        2252790056,0.0,0.0
1,     39453,11057,        2252990060,0.0,0.0
0,     39455,0,        2253072531,0.0,3256
1,     39457,11058,        2253190060,0.0,0.0
0,     39459,0,        2253287800,0.0,1776
1,     39461,11059,        2253390060,0.0,0.0
0,     39463,0,        2253549690,0.0,4514
0,     39464,0,        2253549943,0.0,856
1,     39466,11060,        2253590064,0.0,0.0
1,     39468,11061,        2253790064,0.0,0.0
0,     39470,0,        2253893977,0.0,4394
1,     39472,11062,        2253990064,0.0,0.0
1,     39474,11063,        2254190064,0.0,0.0
0,     39476,0,        2254233687,0.0,3294
1,     39478,11064,        2254390068,0.0,0.0
0,     39480,0,        2254440756,0.0,5311
1,     39482,11065,        2254590068,0.0,0.0
0,     39484,0,        2254715626,0.0,4884
1,     39486,11066,        2254790068,0.0,0.0
0,     39488,0,        2254853462,0.0,2725
0,     39490,0,        2254979206,0.0,3797
1,     39492,11067,        2254990072,0.0,0.0
0,     39494,0,        2255016243,0.0,3001
1,     39496,11068,        2255190072,0.0,0.0
0,     39498,0,        2255208409,0.0,2540
1,     39500,11069,        2255390072,0.0,0.0
0,     39502,0,        2255468327,0.0,3361
1,     39504,11070,        2255590072,0.0,0.0
1,     39506,11071,        2255790076,0.0,0.0
1,     39508,11072,        2255990076,0.0,0.0
0,     39510,0,        2256143744,0.0,4094
1,     39512,11073,        2256190076,0.0,0.0
1,     39514,11074,        2256390080,0.0,0.0
0,     39516,0,        2256466181,0.0,3281
0,     39518,0,        2256482564,0.0,2067
0,     39520,0,        2256560380,0.0,3292
1,     39522,11075,        2256590080,0.0,0.0
1,     39524,11076,        2256790080,0.0,0.0
1,     39526,11077,        2256990084,0.0,0.0
1,     39528,11078,        2257190084,0.0,0.0
0,     39530,0,        2257375223,0.0,3295
0,     39532,0,        2257385761,0.0,5565
1,     39534,11079,        2257390084,0.0,0.0
1,     39536,11080,        2257590084,0.0,0.0
1,     39538,11081,        2257790088,0.0,0.0
0,     39540,0,        2257814873,0.0,211
1,     39542,11082,        2257990088,0.0,0.0
0,     39544,0,        2258044445,0.0,1295
1,     39546,11083,        2258190088,0.0,0.0
0,     39548,0,        2258197558,0.0,3317
0,     39550,0,        2258348464,0.0,3316
0,     39552,0,        2258364089,0.0,2805
1,     39554,11084,        2258390092,0.0,0.0
1,     39556,11085,        2258590092,0.0,0.0
0,     39558,0,        2258774583,0.0,4168
1,     39560,11086,        2258790092,0.0,0.0
0,     39562,0,        2258944220,0.0,2927
1,     39564,11087,        2258990096,0.0,0.0
1,     39566,11088,        2259190096,0.0,0.0
0,     39568,0,        2259384550,0.0,3342
1,     39570,11089,        2259390096,0.0,0.0
0,     39572,0,        2259472555,0.0,3823
0,     39574,0,        2259501260,0.0,251
0,     39576,0,        2259523889,0.0,1265
1,     39578,11090,        2259590096,0.0,0.0
0,     39580,0,        2259668324,0.0,1983
0,     39582,0,        2259686397,0.0,4224
1,     39584,11091,        2259790100,0.0,0.0
1,     39586,11092,        2259990100,0.0,0.0
1,     39588,11093,        2260190100,0.0,0.0
0,     39590,0,        2260323538,0.0,3432
1,     39592,11094,        2260390104,0.0,0.0
1,     39594,11095,        2260590104,0.0,0.0
0,     39596,0,        2260607610,0.0,2814
1,     39598,11096,        2260790104,0.0,0.0
1,     39600,11097,        2260990104,0.0,0.0
1,     39602,11098,        2261190108,0.0,0.0
0,     39604,0,        2261309852,0.0,913
0,     39606,0,        2261310674,0.0,2003
0,     39608,0,        2261318502,0.0,2842
0,     39610,0,        2261387885,0.0,162
1,     39612,11099,        2261390108,0.0,0.0
0,     39614,0,        2261470923,0.0,1810
1,     39616,11100,        2261590108,0.0,0.0
1,     39618,11101,        2261790112,0.0,0.0
0,     39620,0,        2261982429,0.0,2476
1,     39622,11102,        2261990112,0.0,0.0
0,     39624,0,        2262041500,0.0,3217
0,     39626,0,        2262137108,0.0,2730
1,     39628,11103,        2262190112,0.0,0.0
0,     39630,0,        2262257553,0.0,2731
0,     39632,0,        2262270424,0.0,4414
1,     39634,11104,        2262390116,0.0,0.0
1,     39636,11105,        2262590116,0.0,0.0
1,     39638,11106,        2262790116,0.0,0.0
1,     39640,11107,        2262990116,0.0,0.0
0,     39642,0,        2263129173,0.0,5774
1,     39644,11108,        2263190120,0.0,0.0
0,     39646,0,        2263240361,0.0,2282
1,     39648,11109,        2263390120,0.0,0.0
0,     39650,0,        2263519899,0.0,1687
0,     39652,0,        2263548241,0.0,2984
0,     39654,0,        2263562336,0.0,3786
1,     39656,11110,        2263590120,0.0,0.0
1,     39658,11111,        2263790124,0.0,0.0
1,     39660,11112,        2263990124,0.0,0.0
1,     39662,11113,        2264190124,0.0,0.0
0,     39664,0,        2264218264,0.0,1428
1,     39666,11114,        2264390128,0.0,0.0
1,     39668,11115,        2264590128,0.0,0.0
1,     39670,11116,        2264790128,0.0,0.0
1,     39672,11117,        2264990128,0.0,0.0
0,     39674,0,        2265117938,0.0,6138
1,     39676,11118,        2265190132,0.0,0.0
1,     39678,11119,        2265390132,0.0,0.0
0,     39680,0,        2265406273,0.0,3897
1,     39682,11120,        2265590132,0.0,0.0
0,     39684,0,        2265743644,0.0,80
1,     39686,11121,        2265790136,0.0,0.0
0,     39688,0,        2265801288,0.0,3580
1,     39690,11122,        2265990136,0.0,0.0
0,     39692,0,        2266074129,0.0,3576
0,     39693,0,        2266074133,0.0,5386
0,     39695,0,        2266172314,0.0,4860
1,     39697,11123,        2266190136,0.0,0.0
1,     39699,11124,        2266390140,0.0,0.0
0,     39701,0,        2266494013,0.0,782
1,     39703,11125,        2266590140,0.0,0.0
0,     39705,0,        2266758729,0.0,2831
1,     39707,11126,        2266790140,0.0,0.0
0,     39709,0,        2266860316,0.0,963
1,     39711,11127,        2266990140,0.0,0.0
0,     39713,0,        2267057951,0.0,4133
0,     39715,0,        2267135453,0.0,2301
1,     39717,11128,        2267190144,0.0,0.0
0,     39719,0,        2267250151,0.0,1637
1,     39721,11129,        2267390144,0.0,0.0
0,     39723,0,        2267581370,0.0,3125
1,     39725,11130,        2267590144,0.0,0.0
1,     39727,11131,        2267790148,0.0,0.0
1,     39729,11132,        2267990148,0.0,0.0
1,     39731,11133,        2268190148,0.0,0.0
1,     39733,11134,        2268390152,0.0,0.0
0,     39735,0,        2268546185,0.0,6050
1,     39737,11135,        2268590152,0.0,0.0
1,     39739,11136,        2268790152,0.0,0.0
1,     39741,11137,        2268990152,0.0,0.0
1,     39743,11138,        2269190156,0.0,0.0
1,     39745,11139,        2269390156,0.0,0.0
0,     39747,0,        2269559424,0.0,2932
1,     39749,11140,        2269590156,0.0,0.0
1,     39751,11141,        2269790160,0.0,0.0
0,     39753,0,        2269985128,0.0,1420
1,     39755,11142,        2269990160,0.0,0.0
0,     39757,0,        2270040918,0.0,4725
1,     39759,11143,        2270190160,0.0,0.0
0,     39761,0,        2270373557,0.0,3475
1,     39763,11144,        2270390160,0.0,0.0
0,     39765,0,        2270429688,0.0,2939
1,     39767,11145,        2270590164,0.0,0.0
1,     39769,11146,        2270790164,0.0,0.0
0,     39771,0,        2270795740,0.0,3172
0,     39773,0,        2270833930,0.0,4895
1,     39775,11147,        2270990164,0.0,0.0
0,     39777,0,        2271088770,0.0,3816
0,     39779,0,        2271096583,0.0,3788
0,     39781,0,        2271150845,0.0,3497
1,     39783,11148,        2271190168,0.0,0.0
1,     39785,11149,        2271390168,0.0,0.0
1,     39787,11150,        2271590168,0.0,0.0
1,     39789,11151,        2271790172,0.0,0.0
1,     39791,11152,        2271990172,0.0,0.0
0,     39793,0,        2272087375,0.0,275
1,     39795,11153,        2272190172,0.0,0.0
1,     39797,11154,        2272390172,0.0,0.0
1,     39799,11155,        2272590176,0.0,0.0
1,     39801,11156,        2272790176,0.0,0.0
0,     39803,0,        2272964807,0.0,5998
0,     39805,0,        2272978019,0.0,3270
1,     39807,11157,        2272990176,0.0,0.0
1,     39809,11158,        2273190180,0.0,0.0
1,     39811,11159,        2273390180,0.0,0.0
0,     39813,0,        2273481155,0.0,1872
1,     39815,11160,        2273590180,0.0,0.0
1,     39817,11161,        2273790184,0.0,0.0
1,     39819,11162,        2273990184,0.0,0.0
0,     39821,0,        2274019384,0.0,5683
0,     39823,0,        2274127022,0.0,5666
1,     39825,11163,        2274190184,0.0,0.0
1,     39827,11164,        2274390184,0.0,0.0
0,     39829,0,        2274461585,0.0,3249
0,     39831,0,        2274540147,0.0,4898
1,     39833,11165,        2274590188,0.0,0.0
1,     39835,11166,        2274790188,0.0,0.0
1,     39837,11167,        2274990188,0.0,0.0
0,     39839,0,        2275051251,0.0,1620
1,     39841,11168,        2275190192,0.0,0.0
0,     39843,0,        2275223753,0.0,1306
0,     39845,0,        2275242630,0.0,5633
1,     39847,11169,        2275390192,0.0,0.0
0,     39849,0,        2275413270,0.0,5166
0,     39851,0,        2275476161,0.0,1555
0,     39853,0,        2275479026,0.0,4821
1,     39855,11170,        2275590192,0.0,0.0
0,     39857,0,        2275595229,0.0,26
0,     39859,0,        2275665389,0.0,4478
0,     39861,0,        2275691632,0.0,6231
1,     39863,11171,        2275790196,0.0,0.0
1,     39865,11172,        2275990196,0.0,0.0
1,     39867,11173,        2276190196,0.0,0.0
1,     39869,11174,        2276390196,0.0,0.0
1,     39871,11175,        2276590200,0.0,0.0
1,     39873,11176,        2276790200,0.0,0.0
0,     39875,0,        2276871894,0.0,4807
0,     39876,0,        2276872176,0.0,627
0,     39878,0,        2276922924,0.0,6097
1,     39880,11177,        2276990200,0.0,0.0
1,     39882,11178,        2277190204,0.0,0.0
1,     39884,11179,        2277390204,0.0,0.0
0,     39886,0,        2277535452,0.0,2043
1,     39888,11180,        2277590204,0.0,0.0
0,     39890,0,        2277769935,0.0,4950
1,     39892,11181,        2277790208,0.0,0.0
1,     39894,11182,        2277990208,0.0,0.0
0,     39896,0,        2278021670,0.0,6214
0,     39898,0,        2278172756,0.0,2360
0,     39900,0,        2278176232,0.0,5395
1,     39902,11183,        2278190208,0.0,0.0
1,     39904,11184,        2278390208,0.0,0.0
1,     39906,11185,        2278590212,0.0,0.0
1,     39908,11186,        2278790212,0.0,0.0
0,     39910,0,        2278836095,0.0,5498
1,     39912,11187,        2278990212,0.0,0.0
0,     39914,0,        2279183396,0.0,842
1,     39916,11188,        2279190216,0.0,0.0
0,     39918,0,        2279205714,0.0,984
0,     39920,0,        2279301733,0.0,605
1,     39922,11189,        2279390216,0.0,0.0
1,     39924,11190,        2279590216,0.0,0.0
0,     39926,0,        2279680726,0.0,820
1,     39928,11191,        2279790216,0.0,0.0
1,     39930,11192,        2279990220,0.0,0.0
0,     39932,0,        2280035699,0.0,2042
1,     39934,11193,        2280190220,0.0,0.0
1,     39936,11194,        2280390220,0.0,0.0
1,     39938,11195,        2280590224,0.0,0.0
1,     39940,11196,        2280790224,0.0,0.0
1,     39942,11197,        2280990224,0.0,0.0
1,     39944,11198,        2281190228,0.0,0.0
0,     39946,0,        2281337571,0.0,4778
1,     39948,11199,        2281390228,0.0,0.0
0,     39950,0,        2281525333,0.0,1328
1,     39952,11200,        2281590228,0.0,0.0
0,     39954,0,        2281633143,0.0,4741
1,     39956,11201,        2281790228,0.0,0.0
0,     39958,0,        2281877888,0.0,2598
1,     39960,11202,        2281990232,0.0,0.0
1,     39962,11203,        2282190232,0.0,0.0
1,     39964,11204,        2282390232,0.0,0.0
0,     39966,0,        2282447481,0.0,3868
1,     39968,11205,        2282590236,0.0,0.0
0,     39970,0,        2282685692,0.0,350
0,     39972,0,        2282754668,0.0,5619
1,     39974,11206,        2282790236,0.0,0.0
1,     39976,11207,        2282990236,0.0,0.0
0,     39978,0,        2282995319,0.0,5045
1,     39980,11208,        2283190240,0.0,0.0
0,     39982,0,        2283267965,0.0,534
1,     39984,11209,        2283390240,0.0,0.0
1,     39986,11210,        2283590240,0.0,0.0
1,     39988,11211,        2283790240,0.0,0.0
0,     39990,0,        2283989748,0.0,5872
1,     39992,11212,        2283990244,0.0,0.0
1,     39994,11213,        2284190244,0.0,0.0
0,     39996,0,        2284257435,0.0,3912
0,     39998,0,        2284361328,0.0,1917
1,     40000,11214,        2284390244,0.0,0.0
1,     40002,11215,        2284590248,0.0,0.0
0,     40004,0,        2284598494,0.0,5158
1,     40006,11216,        2284790248,0.0,0.0
1,     40008,11217,        2284990248,0.0,0.0
1,     40010,11218,        2285190248,0.0,0.0
1,     40012,11219,        2285390252,0.0,0.0
1,     40014,11220,        2285590252,0.0,0.0
1,     40016,11221,        2285790252,0.0,0.0
0,     40018,0,        2285913287,0.0,663
1,     40020,11222,        2285990256,0.0,0.0
1,     40022,11223,        2286190256,0.0,0.0
0,     40024,0,        2286358891,0.0,676
1,     40026,11224,        2286390256,0.0,0.0
1,     40028,11225,        2286590260,0.0,0.0
0,     40030,0,        2286642742,0.0,5919
1,     40032,11226,        2286790260,0.0,0.0
1,     40034,11227,        2286990260,0.0,0.0
1,     40036,11228,        2287190260,0.0,0.0
1,     40038,11229,        2287390264,0.0,0.0
0,     40040,0,        2287406016,0.0,298
1,     40042,11230,        2287590264,0.0,0.0
1,     40044,11231,        2287790264,0.0,0.0
1,     40046,11232,        2287990268,0.0,0.0
1,     40048,11233,        2288190268,0.0,0.0
0,     40050,0,        2288331949,0.0,2444
1,     40052,11234,        2288390268,0.0,0.0
0,     40054,0,        2288427670,0.0,4055
0,     40056,0,        2288510175,0.0,3085
1,     40058,11235,        2288590272,0.0,0.0
1,     40060,11236,        2288790272,0.0,0.0
1,     40062,11237,        2288990272,0.0,0.0
0,     40064,0,        2289133053,0.0,2780
1,     40066,11238,        2289190272,0.0,0.0
1,     40068,11239,        2289390276,0.0,0.0
0,     40070,0,        2289494880,0.0,587
0,     40072,0,        2289551436,0.0,1909
1,     40074,11240,        2289590276,0.0,0.0
1,     40076,11241,        2289790276,0.0,0.0
0,     40078,0,        2289951332,0.0,4107
1,     40080,11242,        2289990280,0.0,0.0
1,     40082,11243,        2290190280,0.0,0.0
1,     40084,11244,        2290390280,0.0,0.0
1,     40086,11245,        2290590284,0.0,0.0
1,     40088,11246,        2290790284,0.0,0.0
1,     40090,11247,        2290990284,0.0,0.0
1,     40092,11248,        2291190284,0.0,0.0
1,     40094,11249,        2291390288,0.0,0.0
1,     40096,11250,        2291590288,0.0,0.0
0,     40098,0,        2291737161,0.0,3207
1,     40100,11251,        2291790288,0.0,0.0
1,     40102,11252,        2291990292,0.0,0.0
1,     40104,11253,        2292190292,0.0,0.0
0,     40106,0,        2292277736,0.0,3232
1,     40108,11254,        2292390292,0.0,0.0
1,     40110,11255,        2292590296,0.0,0.0
0,     40112,0,        2292717778,0.0,4029
0,     40114,0,        2292730644,0.0,1240
1,     40116,11256,        2292790296,0.0,0.0
1,     40118,11257,        2292990296,0.0,0.0
1,     40120,11258,        2293190296,0.0,0.0
1,     40122,11259,        2293390300,0.0,0.0
0,     40124,0,        2293458840,0.0,3805
1,     40126,11260,        2293590300,0.0,0.0
0,     40128,0,        2293728172,0.0,4705
0,     40130,0,        2293780570,0.0,2470
1,     40132,11261,        2293790300,0.0,0.0
1,     40134,11262,        2293990304,0.0,0.0
0,     40136,0,        2294136498,0.0,3673
1,     40138,11263,        2294190304,0.0,0.0
0,     40140,0,        2294277140,0.0,6191
1,     40142,11264,        2294390304,0.0,0.0
1,     40144,11265,        2294590304,0.0,0.0
0,     40146,0,        2294666872,0.0,5366
0,     40148,0,        2294724692,0.0,5269
0,     40149,0,        2294724935,0.0,4372
0,     40151,0,        2294788808,0.0,3804
1,     40153,11266,        2294790308,0.0,0.0
1,     40155,11267,        2294990308,0.0,0.0
1,     40157,11268,        2295190308,0.0,0.0
0,     40159,0,        2295294334,0.0,464
1,     40161,11269,        2295390312,0.0,0.0
0,     40163,0,        2295483726,0.0,4314
1,     40165,11270,        2295590312,0.0,0.0
0,     40167,0,        2295740046,0.0,2832
1,     40169,11271,        2295790312,0.0,0.0
1,     40171,11272,        2295990316,0.0,0.0
1,     40173,11273,        2296190316,0.0,0.0
1,     40175,11274,        2296390316,0.0,0.0
1,     40177,11275,        2296590316,0.0,0.0
1,     40179,11276,        2296790320,0.0,0.0
1,     40181,11277,        2296990320,0.0,0.0
0,     40183,0,        2297145778,0.0,753
1,     40185,11278,        2297190320,0.0,0.0
0,     40187,0,        2297314310,0.0,2256
1,     40189,11279,        2297390324,0.0,0.0
0,     40191,0,        2297533867,0.0,5442
0,     40193,0,        2297588230,0.0,5605
1,     40195,11280,        2297590324,0.0,0.0
0,     40197,0,        2297712272,0.0,2189
0,     40199,0,        2297717642,0.0,4127
1,     40201,11281,        2297790324,0.0,0.0
0,     40203,0,        2297851035,0.0,5391
0,     40205,0,        2297977222,0.0,5579
1,     40207,11282,        2297990328,0.0,0.0
0,     40209,0,        2298068062,0.0,4015
1,     40211,11283,        2298190328,0.0,0.0
1,     40213,11284,        2298390328,0.0,0.0
0,     40215,0,        2298429551,0.0,4661
0,     40217,0,        2298497298,0.0,3715
1,     40219,11285,        2298590328,0.0,0.0
1,     40221,11286,        2298790332,0.0,0.0
0,     40223,0,        2298798786,0.0,2507
1,     40225,11287,        2298990332,0.0,0.0
0,     40227,0,        2299042765,0.0,3084
1,     40229,11288,        2299190332,0.0,0.0
0,     40231,0,        2299242069,0.0,3254
1,     40233,11289,        2299390336,0.0,0.0
0,     40235,0,        2299477578,0.0,1085
1,     40237,11290,        2299590336,0.0,0.0
1,     40239,11291,        2299790336,0.0,0.0
1,     40241,11292,        2299990340,0.0,0.0
1,     40243,11293,        2300190340,0.0,0.0
1,     40245,11294,        2300390340,0.0,0.0
1,     40247,11295,        2300590340,0.0,0.0
0,     40249,0,        2300611691,0.0,5169
1,     40251,11296,        2300790344,0.0,0.0
0,     40253,0,        2300914938,0.0,1917
1,     40255,11297,        2300990344,0.0,0.0
1,     40257,11298,        2301190344,0.0,0.0
1,     40259,11299,        2301390348,0.0,0.0
0,     40261,0,        2301466500,0.0,5884
0,     40263,0,        2301485009,0.0,903
1,     40265,11300,        2301590348,0.0,0.0
0,     40267,0,        2301625464,0.0,3512
1,     40269,11301,        2301790348,0.0,0.0
1,     40271,11302,        2301990348,0.0,0.0
0,     40273,0,        2302083187,0.0,3527
1,     40275,11303,        2302190352,0.0,0.0
1,     40277,11304,        2302390352,0.0,0.0
0,     40279,0,        2302452808,0.0,3400
0,     40281,0,        2302504929,0.0,3079
1,     40283,11305,        2302590352,0.0,0.0
1,     40285,11306,        2302790356,0.0,0.0
0,     40287,0,        2302853774,0.0,4230
0,     40288,0,        2302853818,0.0,5603
1,     40290,11307,        2302990356,0.0,0.0
0,     40292,0,        2303148890,0.0,2422
1,     40294,11308,        2303190356,0.0,0.0
1,     40296,11309,        2303390360,0.0,0.0
1,     40298,11310,        2303590360,0.0,0.0
0,     40300,0,        2303690280,0.0,2225
1,     40302,11311,        2303790360,0.0,0.0
0,     40304,0,        2303972510,0.0,597
1,     40306,11312,        2303990360,0.0,0.0
1,     40308,11313,        2304190364,0.0,0.0
1,     40310,11314,        2304390364,0.0,0.0
1,     40312,11315,        2304590364,0.0,0.0
1,     40314,11316,        2304790368,0.0,0.0
0,     40316,0,        2304939850,0.0,2290
1,     40318,11317,        2304990368,0.0,0.0
1,     40320,11318,        2305190368,0.0,0.0
0,     40322,0,        2305221974,0.0,1853
0,     40324,0,        2305278867,0.0,25
1,     40326,11319,        2305390372,0.0,0.0
1,     40328,11320,        2305590372,0.0,0.0
1,     40330,11321,        2305790372,0.0,0.0
0,     40332,0,        2305906715,0.0,3958
1,     40334,11322,        2305990372,0.0,0.0
0,     40336,0,        2306096147,0.0,191
1,     40338,11323,        2306190376,0.0,0.0
1,     40340,11324,        2306390376,0.0,0.0
0,     40342,0,        2306479743,0.0,3409
0,     40344,0,        2306494022,0.0,5554
0,     40346,0,        2306502997,0.0,2726
0,     40348,0,        2306548788,0.0,4567
1,     40350,11325,        2306590376,0.0,0.0
0,     40352,0,        2306597317,0.0,4012
0,     40354,0,        2306690305,0.0,6019
1,     40356,11326,        2306790380,0.0,0.0
0,     40358,0,        2306908376,0.0,4684
0,     40360,0,        2306977873,0.0,5650
1,     40362,11327,        2306990380,0.0,0.0
1,     40364,11328,        2307190380,0.0,0.0
1,     40366,11329,        2307390384,0.0,0.0
1,     40368,11330,        2307590384,0.0,0.0
1,     40370,11331,        2307790384,0.0,0.0
0,     40372,0,        2307820043,0.0,3362
0,     40374,0,        2307891435,0.0,3352
1,     40376,11332,        2307990384,0.0,0.0
0,     40378,0,        2308094450,0.0,3049
0,     40380,0,        2308117660,0.0,255
0,     40382,0,        2308185557,0.0,1809
1,     40384,11333,        2308190388,0.0,0.0
0,     40386,0,        2308253199,0.0,144
0,     40388,0,        2308253697,0.0,4086
0,     40390,0,        2308326616,0.0,3391
1,     40392,11334,        2308390388,0.0,0.0
1,     40394,11335,        2308590388,0.0,0.0
1,     40396,11336,        2308790392,0.0,0.0
1,     40398,11337,        2308990392,0.0,0.0
0,     40400,0,        2309023416,0.0,3162
0,     40402,0,        2309044276,0.0,115
1,     40404,11338,        2309190392,0.0,0.0
0,     40406,0,        2309365941,0.0,3352
1,     40408,11339,        2309390396,0.0,0.0
1,     40410,11340,        2309590396,0.0,0.0
1,     40412,11341,        2309790396,0.0,0.0
0,     40414,0,        2309886246,0.0,5098
0,     40416,0,        2309944746,0.0,3305
0,     40417,0,        2309945310,0.0,5582
1,     40419,11342,        2309990396,0.0,0.0
0,     40421,0,        2310118258,0.0,4812
1,     40423,11343,        2310190400,0.0,0.0
1,     40425,11344,        2310390400,0.0,0.0
0,     40427,0,        2310420362,0.0,6235
0,     40429,0,        2310560634,0.0,3318
0,     40431,0,        2310590385,0.0,4982
1,     40432,11345,        2310590400,0.0,0.0
1,     40434,11346,        2310790404,0.0,0.0
1,     40436,11347,        2310990404,0.0,0.0
0,     40438,0,        2311136096,0.0,485
1,     40440,11348,        2311190404,0.0,0.0
0,     40442,0,        2311318981,0.0,5769
1,     40444,11349,        2311390404,0.0,0.0
0,     40446,0,        2311418921,0.0,1686
0,     40448,0,        2311589171,0.0,3281
1,     40450,11350,        2311590408,0.0,0.0
0,     40452,0,        2311714434,0.0,1119
1,     40454,11351,        2311790408,0.0,0.0
1,     40456,11352,        2311990408,0.0,0.0
1,     40458,11353,        2312190412,0.0,0.0
0,     40460,0,        2312377131,0.0,78
1,     40462,11354,        2312390412,0.0,0.0
0,     40464,0,        2312576605,0.0,3254
1,     40466,11355,        2312590412,0.0,0.0
1,     40468,11356,        2312790416,0.0,0.0
0,     40470,0,        2312864970,0.0,265
1,     40472,11357,        2312990416,0.0,0.0
0,     40474,0,        2313174130,0.0,3438
1,     40476,11358,        2313190416,0.0,0.0
0,     40478,0,        2313291030,0.0,5624
1,     40480,11359,        2313390416,0.0,0.0
1,     40482,11360,        2313590420,0.0,0.0
0,     40484,0,        2313692654,0.0,1741
1,     40486,11361,        2313790420,0.0,0.0
1,     40488,11362,        2313990420,0.0,0.0
0,     40490,0,        2314143459,0.0,3272
0,     40492,0,        2314189239,0.0,1549
1,     40494,11363,        2314190424,0.0,0.0
0,     40496,0,        2314230896,0.0,286
1,     40498,11364,        2314390424,0.0,0.0
1,     40500,11365,        2314590424,0.0,0.0
0,     40502,0,        2314639622,0.0,5796
0,     40504,0,        2314659338,0.0,3258
1,     40506,11366,        2314790428,0.0,0.0
0,     40508,0,        2314929303,0.0,82
0,     40510,0,        2314971099,0.0,4030
1,     40512,11367,        2314990428,0.0,0.0
0,     40514,0,        2315016223,0.0,3524
0,     40516,0,        2315147699,0.0,5202
0,     40518,0,        2315167033,0.0,3750
1,     40520,11368,        2315190428,0.0,0.0
0,     40522,0,        2315317566,0.0,2583
0,     40524,0,        2315370080,0.0,543
0,     40526,0,        2315370648,0.0,1131
1,     40528,11369,        2315390428,0.0,0.0
1,     40530,11370,        2315590432,0.0,0.0
1,     40532,11371,        2315790432,0.0,0.0
1,     40534,11372,        2315990432,0.0,0.0
0,     40536,0,        2316034242,0.0,5404
0,     40537,0,        2316034245,0.0,3909
0,     40539,0,        2316179474,0.0,1661
1,     40541,11373,        2316190436,0.0,0.0
1,     40543,11374,        2316390436,0.0,0.0
1,     40545,11375,        2316590436,0.0,0.0
0,     40547,0,        2316777423,0.0,1974
1,     40549,11376,        2316790436,0.0,0.0
0,     40551,0,        2316840201,0.0,3501
0,     40553,0,        2316913572,0.0,3568
1,     40555,11377,        2316990440,0.0,0.0
1,     40557,11378,        2317190440,0.0,0.0
0,     40559,0,        2317204321,0.0,3285
0,     40561,0,        2317294783,0.0,3227
1,     40563,11379,        2317390440,0.0,0.0
0,     40565,0,        2317576954,0.0,1315
1,     40567,11380,        2317590444,0.0,0.0
0,     40569,0,        2317676363,0.0,1764
0,     40571,0,        2317787423,0.0,738
1,     40573,11381,        2317790444,0.0,0.0
0,     40575,0,        2317856700,0.0,3247
1,     40577,11382,        2317990444,0.0,0.0
1,     40579,11383,        2318190448,0.0,0.0
0,     40581,0,        2318199430,0.0,5576
0,     40583,0,        2318381420,0.0,737
0,     40585,0,        2318386417,0.0,815
1,     40587,11384,        2318390448,0.0,0.0
1,     40589,11385,        2318590448,0.0,0.0
1,     40591,11386,        2318790448,0.0,0.0
1,     40593,11387,        2318990452,0.0,0.0
1,     40595,11388,        2319190452,0.0,0.0
1,     40597,11389,        2319390452,0.0,0.0
1,     40599,11390,        2319590456,0.0,0.0
1,     40601,11391,        2319790456,0.0,0.0
1,     40603,11392,        2319990456,0.0,0.0
1,     40605,11393,        2320190460,0.0,0.0
1,     40607,11394,        2320390460,0.0,0.0
0,     40609,0,        2320555434,0.0,1548
1,     40611,11395,        2320590460,0.0,0.0
1,     40613,11396,        2320790460,0.0,0.0
1,     40615,11397,        2320990464,0.0,0.0
0,     40617,0,        2321043797,0.0,214
0,     40619,0,        2321124095,0.0,57
0,     40621,0,        2321157731,0.0,1252
1,     40623,11398,        2321190464,0.0,0.0
0,     40625,0,        2321203173,0.0,4552
1,     40627,11399,        2321390464,0.0,0.0
1,     40629,11400,        2321590468,0.0,0.0
0,     40631,0,        2321646108,0.0,6221
1,     40633,11401,        2321790468,0.0,0.0
1,     40635,11402,        2321990468,0.0,0.0
1,     40637,11403,        2322190472,0.0,0.0
1,     40639,11404,        2322390472,0.0,0.0
1,     40641,11405,        2322590472,0.0,0.0
0,     40643,0,        2322749630,0.0,3112
1,     40645,11406,        2322790472,0.0,0.0
1,     40647,11407,        2322990476,0.0,0.0
1,     40649,11408,        2323190476,0.0,0.0
1,     40651,11409,        2323390476,0.0,0.0
1,     40653,11410,        2323590480,0.0,0.0
0,     40655,0,        2323748608,0.0,27
1,     40657,11411,        2323790480,0.0,0.0
1,     40659,11412,        2323990480,0.0,0.0
0,     40661,0,        2324079930,0.0,5510
0,     40663,0,        2324154487,0.0,1918
1,     40665,11413,        2324190484,0.0,0.0
0,     40667,0,        2324317295,0.0,6143
1,     40669,11414,        2324390484,0.0,0.0
0,     40671,0,        2324409289,0.0,858
1,     40673,11415,        2324590484,0.0,0.0
0,     40675,0,        2324613834,0.0,3119
1,     40677,11416,        2324790484,0.0,0.0
1,     40679,11417,        2324990488,0.0,0.0
0,     40681,0,        2325122954,0.0,3200
1,     40683,11418,        2325190488,0.0,0.0
0,     40685,0,        2325238053,0.0,5433
0,     40687,0,        2325332602,0.0,2164
1,     40689,11419,        2325390488,0.0,0.0
1,     40691,11420,        2325590492,0.0,0.0
1,     40693,11421,        2325790492,0.0,0.0
0,     40695,0,        2325913627,0.0,5517
1,     40697,11422,        2325990492,0.0,0.0
0,     40699,0,        2325999865,0.0,958
0,     40701,0,        2326156397,0.0,3896
1,     40703,11423,        2326190492,0.0,0.0
0,     40705,0,        2326196333,0.0,726
0,     40707,0,        2326267560,0.0,5203
1,     40709,11424,        2326390496,0.0,0.0
0,     40711,0,        2326425467,0.0,1606
1,     40713,11425,        2326590496,0.0,0.0
1,     40715,11426,        2326790496,0.0,0.0
1,     40717,11427,        2326990500,0.0,0.0
1,     40719,11428,        2327190500,0.0,0.0
1,     40721,11429,        2327390500,0.0,0.0
0,     40723,0,        2327495906,0.0,1821
0,     40725,0,        2327576233,0.0,230
1,     40727,11430,        2327590504,0.0,0.0
0,     40729,0,        2327664220,0.0,1968
1,     40731,11431,        2327790504,0.0,0.0
1,     40733,11432,        2327990504,0.0,0.0
1,     40735,11433,        2328190504,0.0,0.0
0,     40737,0,        2328337865,0.0,2185
0,     40739,0,        2328338603,0.0,5274
1,     40741,11434,        2328390508,0.0,0.0
0,     40743,0,        2328442099,0.0,3286
1,     40745,11435,        2328590508,0.0,0.0
1,     40747,11436,        2328790508,0.0,0.0
0,     40749,0,        2328835951,0.0,2079
1,     40751,11437,        2328990512,0.0,0.0
0,     40753,0,        2329005940,0.0,3973
0,     40755,0,        2329096101,0.0,3263
0,     40757,0,        2329108099,0.0,3408
0,     40759,0,        2329149834,0.0,3264
1,     40761,11438,        2329190512,0.0,0.0
0,     40763,0,        2329195277,0.0,4079
1,     40765,11439,        2329390512,0.0,0.0
1,     40767,11440,        2329590516,0.0,0.0
1,     40769,11441,        2329790516,0.0,0.0
0,     40771,0,        2329880082,0.0,3345
0,     40773,0,        2329919554,0.0,486
0,     40775,0,        2329954688,0.0,3177
1,     40777,11442,        2329990516,0.0,0.0
0,     40779,0,        2330004755,0.0,2480
0,     40781,0,        2330189718,0.0,3276
1,     40783,11443,        2330190516,0.0,0.0
0,     40785,0,        2330254884,0.0,4811
1,     40787,11444,        2330390520,0.0,0.0
0,     40789,0,        2330467910,0.0,3320
0,     40791,0,        2330499331,0.0,2757
0,     40793,0,        2330500941,0.0,4106
0,     40795,0,        2330589705,0.0,143
1,     40797,11445,        2330590520,0.0,0.0
0,     40799,0,        2330667839,0.0,59
1,     40801,11446,        2330790520,0.0,0.0
0,     40803,0,        2330840692,0.0,5113
1,     40805,11447,        2330990524,0.0,0.0
1,     40807,11448,        2331190524,0.0,0.0
1,     40809,11449,        2331390524,0.0,0.0
0,     40811,0,        2331442366,0.0,3300
0,     40813,0,        2331464015,0.0,1553
1,     40815,11450,        2331590528,0.0,0.0
0,     40817,0,        2331747228,0.0,2924
1,     40819,11451,        2331790528,0.0,0.0
0,     40821,0,        2331860379,0.0,6223
1,     40823,11452,        2331990528,0.0,0.0
1,     40825,11453,        2332190528,0.0,0.0
0,     40827,0,        2332310838,0.0,3285
1,     40829,11454,        2332390532,0.0,0.0
1,     40831,11455,        2332590532,0.0,0.0
0,     40833,0,        2332592275,0.0,3333
1,     40835,11456,        2332790532,0.0,0.0
1,     40837,11457,        2332990536,0.0,0.0
0,     40839,0,        2333078773,0.0,5535
0,     40841,0,        2333128884,0.0,3875
1,     40843,11458,        2333190536,0.0,0.0
1,     40845,11459,        2333390536,0.0,0.0
1,     40847,11460,        2333590536,0.0,0.0
0,     40849,0,        2333744419,0.0,2458
1,     40851,11461,        2333790540,0.0,0.0
1,     40853,11462,        2333990540,0.0,0.0
1,     40855,11463,        2334190540,0.0,0.0
1,     40857,11464,        2334390544,0.0,0.0
1,     40859,11465,        2334590544,0.0,0.0
1,     40861,11466,        2334790544,0.0,0.0
1,     40863,11467,        2334990548,0.0,0.0
0,     40865,0,        2335033109,0.0,3807
0,     40867,0,        2335157193,0.0,6046
0,     40869,0,        2335157687,0.0,3010
1,     40871,11468,        2335190548,0.0,0.0
0,     40873,0,        2335345395,0.0,3350
1,     40875,11469,        2335390548,0.0,0.0
0,     40877,0,        2335407835,0.0,5577
1,     40879,11470,        2335590548,0.0,0.0
0,     40881,0,        2335744510,0.0,5354
1,     40883,11471,        2335790552,0.0,0.0
0,     40885,0,        2335929456,0.0,394
1,     40887,11472,        2335990552,0.0,0.0
0,     40889,0,        2336011307,0.0,4637
1,     40891,11473,        2336190552,0.0,0.0
1,     40893,11474,        2336390556,0.0,0.0
1,     40895,11475,        2336590556,0.0,0.0
1,     40897,11476,        2336790556,0.0,0.0
0,     40899,0,        2336827093,0.0,3397
0,     40901,0,        2336888344,0.0,3396
1,     40903,11477,        2336990560,0.0,0.0
0,     40905,0,        2337153216,0.0,2978
1,     40907,11478,        2337190560,0.0,0.0
0,     40909,0,        2337250560,0.0,1833
1,     40911,11479,        2337390560,0.0,0.0
1,     40913,11480,        2337590560,0.0,0.0
1,     40915,11481,        2337790564,0.0,0.0
0,     40917,0,        2337794955,0.0,6177
1,     40919,11482,        2337990564,0.0,0.0
1,     40921,11483,        2338190564,0.0,0.0
0,     40923,0,        2338233481,0.0,2792
1,     40925,11484,        2338390568,0.0,0.0
1,     40927,11485,        2338590568,0.0,0.0
0,     40929,0,        2338607895,0.0,4786
0,     40931,0,        2338729957,0.0,2041
1,     40933,11486,        2338790568,0.0,0.0
0,     40935,0,        2338819198,0.0,4389
1,     40937,11487,        2338990572,0.0,0.0
0,     40939,0,        2339048190,0.0,1859
1,     40941,11488,        2339190572,0.0,0.0
0,     40943,0,        2339300181,0.0,6187
0,     40944,0,        2339300205,0.0,3334
1,     40946,11489,        2339390572,0.0,0.0
0,     40948,0,        2339474580,0.0,6051
1,     40950,11490,        2339590572,0.0,0.0
0,     40952,0,        2339715299,0.0,3753
1,     40954,11491,        2339790576,0.0,0.0
1,     40956,11492,        2339990576,0.0,0.0
0,     40958,0,        2340177175,0.0,1549
1,     40960,11493,        2340190576,0.0,0.0
1,     40962,11494,        2340390580,0.0,0.0
1,     40964,11495,        2340590580,0.0,0.0
1,     40966,11496,        2340790580,0.0,0.0
1,     40968,11497,        2340990584,0.0,0.0
0,     40970,0,        2341081932,0.0,4961
0,     40972,0,        2341182001,0.0,4688
1,     40974,11498,        2341190584,0.0,0.0
1,     40976,11499,        2341390584,0.0,0.0
1,     40978,11500,        2341590584,0.0,0.0
0,     40980,0,        2341620452,0.0,3629
1,     40982,11501,        2341790588,0.0,0.0
0,     40984,0,        2341845929,0.0,3632
1,     40986,11502,        2341990588,0.0,0.0
1,     40988,11503,        2342190588,0.0,0.0
0,     40990,0,        2342248259,0.0,3047
0,     40992,0,        2342266554,0.0,5446
1,     40994,11504,        2342390592,0.0,0.0
1,     40996,11505,        2342590592,0.0,0.0
0,     40998,0,        2342634620,0.0,400
1,     41000,11506,        2342790592,0.0,0.0
1,     41002,11507,        2342990592,0.0,0.0
1,     41004,11508,        2343190596,0.0,0.0
0,     41006,0,        2343227478,0.0,5527
0,     41008,0,        2343247359,0.0,4436
0,     41010,0,        2343255215,0.0,4225
1,     41012,11509,        2343390596,0.0,0.0
1,     41014,11510,        2343590596,0.0,0.0
1,     41016,11511,        2343790600,0.0,0.0
0,     41018,0,        2343869208,0.0,3124
0,     41020,0,        2343891251,0.0,1297
0,     41021,0,        2343891451,0.0,1041
0,     41023,0,        2343963186,0.0,1318
1,     41025,11512,        2343990600,0.0,0.0
0,     41027,0,        2344070162,0.0,338
1,     41029,11513,        2344190600,0.0,0.0
0,     41031,0,        2344378212,0.0,4390
1,     41033,11514,        2344390604,0.0,0.0
1,     41035,11515,        2344590604,0.0,0.0
0,     41037,0,        2344659631,0.0,2536
0,     41039,0,        2344742880,0.0,5325
1,     41041,11516,        2344790604,0.0,0.0
1,     41043,11517,        2344990604,0.0,0.0
0,     41045,0,        2345054025,0.0,346
0,     41047,0,        2345077205,0.0,4638
1,     41049,11518,        2345190608,0.0,0.0
0,     41051,0,        2345289348,0.0,4364
1,     41053,11519,        2345390608,0.0,0.0
0,     41055,0,        2345580970,0.0,416
1,     41057,11520,        2345590608,0.0,0.0
0,     41059,0,        2345718204,0.0,4959
1,     41061,11521,        2345790612,0.0,0.0
0,     41063,0,        2345849871,0.0,874
1,     41065,11522,        2345990612,0.0,0.0
0,     41067,0,        2346034146,0.0,1036
1,     41069,11523,        2346190612,0.0,0.0
0,     41071,0,        2346308293,0.0,1904
1,     41073,11524,        2346390616,0.0,0.0
1,     41075,11525,        2346590616,0.0,0.0
1,     41077,11526,        2346790616,0.0,0.0
1,     41079,11527,        2346990616,0.0,0.0
1,     41081,11528,        2347190620,0.0,0.0
0,     41083,0,        2347287910,0.0,5743
1,     41085,11529,        2347390620,0.0,0.0
0,     41087,0,        2347451744,0.0,742
1,     41089,11530,        2347590620,0.0,0.0
1,     41091,11531,        2347790624,0.0,0.0
1,     41093,11532,        2347990624,0.0,0.0
1,     41095,11533,        2348190624,0.0,0.0
1,     41097,11534,        2348390628,0.0,0.0
0,     41099,0,        2348438787,0.0,2919
0,     41101,0,        2348552515,0.0,911
0,     41103,0,        2348571761,0.0,6085
0,     41105,0,        2348581469,0.0,5920
1,     41107,11535,        2348590628,0.0,0.0
1,     41109,11536,        2348790628,0.0,0.0
1,     41111,11537,        2348990628,0.0,0.0
0,     41113,0,        2349092792,0.0,179
1,     41115,11538,        2349190632,0.0,0.0
0,     41117,0,        2349252021,0.0,44
1,     41119,11539,        2349390632,0.0,0.0
0,     41121,0,        2349404511,0.0,3302
1,     41123,11540,        2349590632,0.0,0.0
0,     41125,0,        2349627383,0.0,6052
0,     41127,0,        2349705127,0.0,4527
1,     41129,11541,        2349790636,0.0,0.0
1,     41131,11542,        2349990636,0.0,0.0
1,     41133,11543,        2350190636,0.0,0.0
1,     41135,11544,        2350390640,0.0,0.0
1,     41137,11545,        2350590640,0.0,0.0
1,     41139,11546,        2350790640,0.0,0.0
0,     41141,0,        2350948210,0.0,5820
1,     41143,11547,        2350990640,0.0,0.0
1,     41145,11548,        2351190644,0.0,0.0
0,     41147,0,        2351326622,0.0,5973
1,     41149,11549,        2351390644,0.0,0.0
1,     41151,11550,        2351590644,0.0,0.0
1,     41153,11551,        2351790648,0.0,0.0
0,     41155,0,        2351970629,0.0,4880
0,     41156,0,        2351970636,0.0,249
1,     41158,11552,        2351990648,0.0,0.0
0,     41160,0,        2352032614,0.0,4284
1,     41162,11553,        2352190648,0.0,0.0
1,     41164,11554,        2352390648,0.0,0.0
0,     41166,0,        2352524787,0.0,126
1,     41168,11555,        2352590652,0.0,0.0
1,     41170,11556,        2352790652,0.0,0.0
1,     41172,11557,        2352990652,0.0,0.0
0,     41174,0,        2353026664,0.0,3320
1,     41176,11558,        2353190656,0.0,0.0
0,     41178,0,        2353241878,0.0,513
0,     41180,0,        2353366970,0.0,4138
1,     41182,11559,        2353390656,0.0,0.0
0,     41184,0,        2353523931,0.0,5798
0,     41186,0,        2353578642,0.0,978
1,     41188,11560,        2353590656,0.0,0.0
0,     41190,0,        2353622219,0.0,5057
0,     41192,0,        2353648237,0.0,3677
1,     41194,11561,        2353790660,0.0,0.0
0,     41196,0,        2353803977,0.0,5136
0,     41198,0,        2353990084,0.0,5795
1,     41200,11562,        2353990660,0.0,0.0
1,     41202,11563,        2354190660,0.0,0.0
0,     41204,0,        2354270221,0.0,5893
1,     41206,11564,        2354390660,0.0,0.0
1,     41208,11565,        2354590664,0.0,0.0
1,     41210,11566,        2354790664,0.0,0.0
0,     41212,0,        2354989436,0.0,5689
1,     41214,11567,        2354990664,0.0,0.0
1,     41216,11568,        2355190668,0.0,0.0
1,     41218,11569,        2355390668,0.0,0.0
0,     41220,0,        2355537816,0.0,6142
1,     41222,11570,        2355590668,0.0,0.0
0,     41224,0,        2355733103,0.0,4182
1,     41226,11571,        2355790672,0.0,0.0
0,     41228,0,        2355814086,0.0,4699
1,     41230,11572,        2355990672,0.0,0.0
0,     41232,0,        2356080437,0.0,5429
0,     41234,0,        2356138615,0.0,4956
1,     41236,11573,        2356190672,0.0,0.0
1,     41238,11574,        2356390672,0.0,0.0
1,     41240,11575,        2356590676,0.0,0.0
0,     41242,0,        2356786937,0.0,443
1,     41244,11576,        2356790676,0.0,0.0
1,     41246,11577,        2356990676,0.0,0.0
1,     41248,11578,        2357190680,0.0,0.0
0,     41250,0,        2357241767,0.0,1527
1,     41252,11579,        2357390680,0.0,0.0
0,     41254,0,        2357416219,0.0,6137
0,     41256,0,        2357449996,0.0,1693
0,     41258,0,        2357496369,0.0,486
1,     41260,11580,        2357590680,0.0,0.0
1,     41262,11581,        2357790680,0.0,0.0
1,     41264,11582,        2357990684,0.0,0.0
0,     41266,0,        2358024915,0.0,5234
0,     41268,0,        2358110417,0.0,1122
0,     41270,0,        2358163761,0.0,1485
1,     41272,11583,        2358190684,0.0,0.0
0,     41274,0,        2358314255,0.0,2900
1,     41276,11584,        2358390684,0.0,0.0
0,     41278,0,        2358392928,0.0,1539
0,     41280,0,        2358538944,0.0,1437
1,     41282,11585,        2358590688,0.0,0.0
1,     41284,11586,        2358790688,0.0,0.0
0,     41286,0,        2358820558,0.0,5163
1,     41288,11587,        2358990688,0.0,0.0
1,     41290,11588,        2359190692,0.0,0.0
0,     41292,0,        2359206716,0.0,2393
1,     41294,11589,        2359390692,0.0,0.0
0,     41296,0,        2359464626,0.0,477
1,     41298,11590,        2359590692,0.0,0.0
1,     41300,11591,        2359790692,0.0,0.0
0,     41302,0,        2359918656,0.0,4474
1,     41304,11592,        2359990696,0.0,0.0
1,     41306,11593,        2360190696,0.0,0.0
1,     41308,11594,        2360390696,0.0,0.0
1,     41310,11595,        2360590700,0.0,0.0
0,     41312,0,        2360706487,0.0,3285
0,     41314,0,        2360763218,0.0,3507
1,     41316,11596,        2360790700,0.0,0.0
0,     41318,0,        2360805877,0.0,4596
1,     41320,11597,        2360990700,0.0,0.0
0,     41322,0,        2361022559,0.0,2404
1,     41324,11598,        2361190704,0.0,0.0
1,     41326,11599,        2361390704,0.0,0.0
0,     41328,0,        2361479512,0.0,3414
0,     41330,0,        2361486007,0.0,2554
0,     41331,0,        2361486056,0.0,2311
1,     41333,11600,        2361590704,0.0,0.0
1,     41335,11601,        2361790704,0.0,0.0
1,     41337,11602,        2361990708,0.0,0.0
1,     41339,11603,        2362190708,0.0,0.0
0,     41341,0,        2362389435,0.0,4560
1,     41343,11604,        2362390708,0.0,0.0
0,     41345,0,        2362408582,0.0,6214
1,     41347,11605,        2362590712,0.0,0.0
0,     41349,0,        2362639233,0.0,2717
1,     41351,11606,        2362790712,0.0,0.0
0,     41353,0,        2362805114,0.0,2081
1,     41355,11607,        2362990712,0.0,0.0
1,     41357,11608,        2363190716,0.0,0.0
0,     41359,0,        2363252603,0.0,1475
0,     41360,0,        2363252623,0.0,5381
1,     41362,11609,        2363390716,0.0,0.0
0,     41364,0,        2363418648,0.0,4170
0,     41366,0,        2363445020,0.0,4725
1,     41368,11610,        2363590716,0.0,0.0
1,     41370,11611,        2363790716,0.0,0.0
1,     41372,11612,        2363990720,0.0,0.0
1,     41374,11613,        2364190720,0.0,0.0
1,     41376,11614,        2364390720,0.0,0.0
0,     41378,0,        2364467064,0.0,5811
0,     41380,0,        2364467428,0.0,975
1,     41382,11615,        2364590724,0.0,0.0
0,     41384,0,        2364614889,0.0,6124
0,     41386,0,        2364676623,0.0,4973
0,     41388,0,        2364763665,0.0,4251
1,     41390,11616,        2364790724,0.0,0.0
1,     41392,11617,        2364990724,0.0,0.0
0,     41394,0,        2365057250,0.0,4190
0,     41395,0,        2365057253,0.0,2052
1,     41397,11618,        2365190728,0.0,0.0
0,     41399,0,        2365200314,0.0,3451
1,     41401,11619,        2365390728,0.0,0.0
0,     41403,0,        2365521254,0.0,5032
0,     41405,0,        2365547574,0.0,4143
1,     41407,11620,        2365590728,0.0,0.0
1,     41409,11621,        2365790728,0.0,0.0
1,     41411,11622,        2365990732,0.0,0.0
0,     41413,0,        2366034387,0.0,4403
1,     41415,11623,        2366190732,0.0,0.0
0,     41417,0,        2366257361,0.0,5615
1,     41419,11624,        2366390732,0.0,0.0
0,     41421,0,        2366411088,0.0,388
0,     41423,0,        2366471568,0.0,1913
0,     41425,0,        2366553005,0.0,4081
1,     41427,11625,        2366590736,0.0,0.0
0,     41429,0,        2366738000,0.0,1613
1,     41431,11626,        2366790736,0.0,0.0
1,     41433,11627,        2366990736,0.0,0.0
0,     41435,0,        2367003685,0.0,6243
0,     41437,0,        2367035636,0.0,2659
1,     41439,11628,        2367190736,0.0,0.0
1,     41441,11629,        2367390740,0.0,0.0
0,     41443,0,        2367557240,0.0,4116
1,     41445,11630,        2367590740,0.0,0.0
0,     41447,0,        2367615183,0.0,1838
0,     41449,0,        2367744088,0.0,3323
1,     41451,11631,        2367790740,0.0,0.0
1,     41453,11632,        2367990744,0.0,0.0
0,     41455,0,        2368181971,0.0,1997
1,     41457,11633,        2368190744,0.0,0.0
0,     41459,0,        2368214810,0.0,5998
1,     41461,11634,        2368390744,0.0,0.0
1,     41463,11635,        2368590748,0.0,0.0
1,     41465,11636,        2368790748,0.0,0.0
1,     41467,11637,        2368990748,0.0,0.0
0,     41469,0,        2369027392,0.0,6155
1,     41471,11638,        2369190748,0.0,0.0
1,     41473,11639,        2369390752,0.0,0.0
1,     41475,11640,        2369590752,0.0,0.0
1,     41477,11641,        2369790752,0.0,0.0
1,     41479,11642,        2369990756,0.0,0.0
0,     41481,0,        2370160643,0.0,3642
1,     41483,11643,        2370190756,0.0,0.0
1,     41485,11644,        2370390756,0.0,0.0
0,     41487,0,        2370572460,0.0,3078
1,     41489,11645,        2370590760,0.0,0.0
0,     41491,0,        2370620746,0.0,4885
0,     41493,0,        2370675982,0.0,2270
0,     41494,0,        2370676240,0.0,2746
1,     41496,11646,        2370790760,0.0,0.0
1,     41498,11647,        2370990760,0.0,0.0
0,     41500,0,        2371105556,0.0,1405
0,     41502,0,        2371175708,0.0,5226
1,     41504,11648,        2371190760,0.0,0.0
0,     41506,0,        2371360812,0.0,1586
1,     41508,11649,        2371390764,0.0,0.0
0,     41510,0,        2371525841,0.0,2942
1,     41512,11650,        2371590764,0.0,0.0
0,     41514,0,        2371652374,0.0,1038
0,     41516,0,        2371787341,0.0,3526
1,     41518,11651,        2371790764,0.0,0.0
1,     41520,11652,        2371990768,0.0,0.0
1,     41522,11653,        2372190768,0.0,0.0
0,     41524,0,        2372316548,0.0,5427
0,     41526,0,        2372317341,0.0,2565
1,     41528,11654,        2372390768,0.0,0.0
0,     41530,0,        2372578554,0.0,3022
1,     41532,11655,        2372590768,0.0,0.0
0,     41534,0,        2372618199,0.0,3509
0,     41536,0,        2372713459,0.0,4980
0,     41538,0,        2372730299,0.0,1258
1,     41540,11656,        2372790772,0.0,0.0
0,     41542,0,        2372871056,0.0,3498
0,     41544,0,        2372889108,0.0,2409
1,     41546,11657,        2372990772,0.0,0.0
0,     41548,0,        2373135236,0.0,2323
1,     41550,11658,        2373190772,0.0,0.0
1,     41552,11659,        2373390776,0.0,0.0
0,     41554,0,        2373449417,0.0,1057
0,     41556,0,        2373452528,0.0,5231
1,     41558,11660,        2373590776,0.0,0.0
1,     41560,11661,        2373790776,0.0,0.0
0,     41562,0,        2373819393,0.0,580
0,     41564,0,        2373887678,0.0,4873
0,     41566,0,        2373957300,0.0,1073
1,     41568,11662,        2373990780,0.0,0.0
0,     41570,0,        2373993759,0.0,5839
1,     41572,11663,        2374190780,0.0,0.0
0,     41574,0,        2374327318,0.0,82
1,     41576,11664,        2374390780,0.0,0.0
0,     41578,0,        2374395553,0.0,4158
0,     41580,0,        2374449953,0.0,577
1,     41582,11665,        2374590780,0.0,0.0
1,     41584,11666,        2374790784,0.0,0.0
0,     41586,0,        2374842364,0.0,3072
1,     41588,11667,        2374990784,0.0,0.0
0,     41590,0,        2375111302,0.0,5968
1,     41592,11668,        2375190784,0.0,0.0
0,     41594,0,        2375320809,0.0,5796
1,     41596,11669,        2375390788,0.0,0.0
0,     41598,0,        2375560916,0.0,398
1,     41600,11670,        2375590788,0.0,0.0
0,     41602,0,        2375670919,0.0,1085
1,     41604,11671,        2375790788,0.0,0.0
0,     41606,0,        2375953360,0.0,270
1,     41608,11672,        2375990792,0.0,0.0
1,     41610,11673,        2376190792,0.0,0.0
1,     41612,11674,        2376390792,0.0,0.0
1,     41614,11675,        2376590792,0.0,0.0
0,     41616,0,        2376712418,0.0,22
1,     41618,11676,        2376790796,0.0,0.0
0,     41620,0,        2376911692,0.0,1728
1,     41622,11677,        2376990796,0.0,0.0
1,     41624,11678,        2377190796,0.0,0.0
0,     41626,0,        2377246396,0.0,528
0,     41628,0,        2377274226,0.0,6105
1,     41630,11679,        2377390800,0.0,0.0
1,     41632,11680,        2377590800,0.0,0.0
1,     41634,11681,        2377790800,0.0,0.0
0,     41636,0,        2377865724,0.0,2789
0,     41638,0,        2377881130,0.0,5835
1,     41640,11682,        2377990804,0.0,0.0
1,     41642,11683,        2378190804,0.0,0.0
1,     41644,11684,        2378390804,0.0,0.0
1,     41646,11685,        2378590804,0.0,0.0
0,     41648,0,        2378685850,0.0,195
0,     41650,0,        2378752340,0.0,2841
1,     41652,11686,        2378790808,0.0,0.0
0,     41654,0,        2378818986,0.0,3270
1,     41656,11687,        2378990808,0.0,0.0
1,     41658,11688,        2379190808,0.0,0.0
0,     41660,0,        2379349974,0.0,6039
1,     41662,11689,        2379390812,0.0,0.0
0,     41664,0,        2379425248,0.0,67
1,     41666,11690,        2379590812,0.0,0.0
1,     41668,11691,        2379790812,0.0,0.0
1,     41670,11692,        2379990816,0.0,0.0
1,     41672,11693,        2380190816,0.0,0.0
1,     41674,11694,        2380390816,0.0,0.0
1,     41676,11695,        2380590816,0.0,0.0
1,     41678,11696,        2380790820,0.0,0.0
0,     41680,0,        2380850852,0.0,344
1,     41682,11697,        2380990820,0.0,0.0
0,     41684,0,        2381143920,0.0,4829
1,     41686,11698,        2381190820,0.0,0.0
0,     41688,0,        2381241783,0.0,5153
0,     41690,0,        2381334084,0.0,5073
0,     41692,0,        2381354997,0.0,3555
1,     41694,11699,        2381390824,0.0,0.0
1,     41696,11700,        2381590824,0.0,0.0
0,     41698,0,        2381638737,0.0,2351
1,     41700,11701,        2381790824,0.0,0.0
1,     41702,11702,        2381990824,0.0,0.0
1,     41704,11703,        2382190828,0.0,0.0
0,     41706,0,        2382205805,0.0,1322
0,     41708,0,        2382262737,0.0,3188
1,     41710,11704,        2382390828,0.0,0.0
1,     41712,11705,        2382590828,0.0,0.0
0,     41714,0,        2382609549,0.0,3839
1,     41716,11706,        2382790832,0.0,0.0
1,     41718,11707,        2382990832,0.0,0.0
0,     41720,0,        2383185774,0.0,4966
1,     41722,11708,        2383190832,0.0,0.0
1,     41724,11709,        2383390836,0.0,0.0
0,     41726,0,        2383452258,0.0,6188
1,     41728,11710,        2383590836,0.0,0.0
0,     41730,0,        2383594494,0.0,6101
0,     41732,0,        2383617777,0.0,5672
0,     41734,0,        2383618093,0.0,2990
0,     41736,0,        2383665153,0.0,3569
1,     41738,11711,        2383790836,0.0,0.0
0,     41740,0,        2383814469,0.0,1308
1,     41742,11712,        2383990836,0.0,0.0
1,     41744,11713,        2384190840,0.0,0.0
1,     41746,11714,        2384390840,0.0,0.0
0,     41748,0,        2384529453,0.0,2321
1,     41750,11715,        2384590840,0.0,0.0
0,     41752,0,        2384697381,0.0,3344
1,     41754,11716,        2384790844,0.0,0.0
0,     41756,0,        2384796406,0.0,5193
0,     41758,0,        2384931011,0.0,513
0,     41760,0,        2384970878,0.0,2254
1,     41762,11717,        2384990844,0.0,0.0
0,     41764,0,        2384995100,0.0,5503
1,     41766,11718,        2385190844,0.0,0.0
0,     41768,0,        2385318799,0.0,2310
1,     41770,11719,        2385390848,0.0,0.0
1,     41772,11720,        2385590848,0.0,0.0
1,     41774,11721,        2385790848,0.0,0.0
1,     41776,11722,        2385990848,0.0,0.0
0,     41778,0,        2386095501,0.0,3440
0,     41780,0,        2386096568,0.0,5020
0,     41781,0,        2386096574,0.0,2990
1,     41783,11723,        2386190852,0.0,0.0
0,     41784,0,        2386191107,0.0,2637
0,     41786,0,        2386223987,0.0,3074
0,     41788,0,        2386343119,0.0,3328
0,     41790,0,        2386354246,0.0,402
1,     41792,11724,        2386390852,0.0,0.0
1,     41794,11725,        2386590852,0.0,0.0
1,     41796,11726,        2386790856,0.0,0.0
1,     41798,11727,        2386990856,0.0,0.0
1,     41800,11728,        2387190856,0.0,0.0
0,     41802,0,        2387290116,0.0,3284
0,     41804,0,        2387371657,0.0,4125
1,     41806,11729,        2387390860,0.0,0.0
0,     41808,0,        2387401013,0.0,3279
1,     41810,11730,        2387590860,0.0,0.0
0,     41812,0,        2387651299,0.0,4442
1,     41814,11731,        2387790860,0.0,0.0
0,     41816,0,        2387793705,0.0,3300
1,     41818,11732,        2387990860,0.0,0.0
0,     41820,0,        2388078224,0.0,3008
0,     41822,0,        2388149971,0.0,4624
1,     41824,11733,        2388190864,0.0,0.0
1,     41826,11734,        2388390864,0.0,0.0
1,     41828,11735,        2388590864,0.0,0.0
1,     41830,11736,        2388790868,0.0,0.0
0,     41832,0,        2388798639,0.0,910
1,     41834,11737,        2388990868,0.0,0.0
1,     41836,11738,        2389190868,0.0,0.0
0,     41838,0,        2389324889,0.0,2479
0,     41840,0,        2389364916,0.0,4177
1,     41842,11739,        2389390868,0.0,0.0
0,     41844,0,        2389504279,0.0,6066
1,     41846,11740,        2389590872,0.0,0.0
0,     41848,0,        2389764169,0.0,403
1,     41850,11741,        2389790872,0.0,0.0
0,     41852,0,        2389812795,0.0,3267
0,     41854,0,        2389823854,0.0,3522
0,     41856,0,        2389843195,0.0,2583
0,     41858,0,        2389867990,0.0,3098
1,     41860,11742,        2389990872,0.0,0.0
0,     41862,0,        2390098239,0.0,3269
1,     41864,11743,        2390190876,0.0,0.0
0,     41866,0,        2390326655,0.0,3021
1,     41868,11744,        2390390876,0.0,0.0
0,     41870,0,        2390522649,0.0,3045
1,     41872,11745,        2390590876,0.0,0.0
0,     41874,0,        2390729309,0.0,3255
1,     41876,11746,        2390790880,0.0,0.0
1,     41878,11747,        2390990880,0.0,0.0
1,     41880,11748,        2391190880,0.0,0.0
1,     41882,11749,        2391390880,0.0,0.0
0,     41884,0,        2391477542,0.0,2729
1,     41886,11750,        2391590884,0.0,0.0
0,     41888,0,        2391619293,0.0,4026
0,     41890,0,        2391648699,0.0,4664
1,     41892,11751,        2391790884,0.0,0.0
0,     41893,0,        2391791415,0.0,3254
1,     41895,11752,        2391990884,0.0,0.0
0,     41897,0,        2392028458,0.0,4335
1,     41899,11753,        2392190888,0.0,0.0
1,     41901,11754,        2392390888,0.0,0.0
1,     41903,11755,        2392590888,0.0,0.0
0,     41905,0,        2392593084,0.0,4863
1,     41907,11756,        2392790892,0.0,0.0
1,     41909,11757,        2392990892,0.0,0.0
0,     41911,0,        2393178361,0.0,1928
1,     41913,11758,        2393190892,0.0,0.0
0,     41915,0,        2393384189,0.0,2595
1,     41917,11759,        2393390892,0.0,0.0
1,     41919,11760,        2393590896,0.0,0.0
1,     41921,11761,        2393790896,0.0,0.0
0,     41923,0,        2393982084,0.0,1929
1,     41925,11762,        2393990896,0.0,0.0
0,     41927,0,        2394126392,0.0,503
0,     41929,0,        2394140125,0.0,5973
1,     41931,11763,        2394190900,0.0,0.0
0,     41933,0,        2394291859,0.0,1870
1,     41935,11764,        2394390900,0.0,0.0
1,     41937,11765,        2394590900,0.0,0.0
0,     41939,0,        2394754225,0.0,2661
0,     41941,0,        2394784960,0.0,1394
1,     41943,11766,        2394790904,0.0,0.0
1,     41945,11767,        2394990904,0.0,0.0
1,     41947,11768,        2395190904,0.0,0.0
0,     41949,0,        2395307697,0.0,1527
0,     41951,0,        2395324201,0.0,2903
1,     41953,11769,        2395390904,0.0,0.0
0,     41955,0,        2395486736,0.0,831
1,     41957,11770,        2395590908,0.0,0.0
1,     41959,11771,        2395790908,0.0,0.0
1,     41961,11772,        2395990908,0.0,0.0
1,     41963,11773,        2396190912,0.0,0.0
1,     41965,11774,        2396390912,0.0,0.0
0,     41967,0,        2396428731,0.0,250
1,     41969,11775,        2396590912,0.0,0.0
0,     41971,0,        2396758147,0.0,3253
1,     41973,11776,        2396790916,0.0,0.0
0,     41975,0,        2396823365,0.0,2565
0,     41977,0,        2396874304,0.0,0
1,     41979,11777,        2396990916,0.0,0.0
0,     41981,0,        2397072709,0.0,4919
0,     41983,0,        2397153727,0.0,5703
1,     41985,11778,        2397190916,0.0,0.0
1,     41987,11779,        2397390916,0.0,0.0
1,     41989,11780,        2397590920,0.0,0.0
0,     41991,0,        2397611776,0.0,4063
1,     41993,11781,        2397790920,0.0,0.0
1,     41995,11782,        2397990920,0.0,0.0
1,     41997,11783,        2398190924,0.0,0.0
0,     41999,0,        2398272302,0.0,5172
1,     42001,11784,        2398390924,0.0,0.0
0,     42003,0,        2398463638,0.0,1470
1,     42005,11785,        2398590924,0.0,0.0
1,     42007,11786,        2398790924,0.0,0.0
0,     42009,0,        2398810645,0.0,1831
0,     42011,0,        2398986666,0.0,1120
1,     42013,11787,        2398990928,0.0,0.0
0,     42015,0,        2399076544,0.0,2014
1,     42017,11788,        2399190928,0.0,0.0
1,     42019,11789,        2399390928,0.0,0.0
0,     42021,0,        2399404586,0.0,1316
0,     42023,0,        2399448915,0.0,371
0,     42025,0,        2399556441,0.0,3720
0,     42026,0,        2399556446,0.0,496
0,     42027,0,        2399556505,0.0,2273
1,     42029,11790,        2399590932,0.0,0.0
0,     42030,0,        2399591114,0.0,1152
0,     42032,0,        2399628807,0.0,1432
1,     42034,11791,        2399790932,0.0,0.0
1,     42036,11792,        2399990932,0.0,0.0
1,     42038,11793,        2400190936,0.0,0.0
0,     42040,0,        2400277029,0.0,5217
1,     42042,11794,        2400390936,0.0,0.0
0,     42044,0,        2400588347,0.0,3390
1,     42046,11795,        2400590936,0.0,0.0
0,     42048,0,        2400671460,0.0,732
1,     42050,11796,        2400790936,0.0,0.0
1,     42052,11797,        2400990940,0.0,0.0
1,     42054,11798,        2401190940,0.0,0.0
0,     42056,0,        2401302914,0.0,4753
0,     42058,0,        2401340799,0.0,469
1,     42060,11799,        2401390940,0.0,0.0
1,     42062,11800,        2401590944,0.0,0.0
0,     42064,0,        2401741588,0.0,4453
0,     42066,0,        2401748167,0.0,3254
1,     42068,11801,        2401790944,0.0,0.0
0,     42070,0,        2401834603,0.0,3586
1,     42072,11802,        2401990944,0.0,0.0
1,     42074,11803,        2402190948,0.0,0.0
1,     42076,11804,        2402390948,0.0,0.0
0,     42078,0,        2402433137,0.0,2218
0,     42080,0,        2402499240,0.0,2091
0,     42082,0,        2402553311,0.0,3491
1,     42084,11805,        2402590948,0.0,0.0
1,     42086,11806,        2402790948,0.0,0.0
0,     42088,0,        2402898298,0.0,3818
1,     42090,11807,        2402990952,0.0,0.0
1,     42092,11808,        2403190952,0.0,0.0
0,     42094,0,        2403215341,0.0,168
0,     42096,0,        2403384000,0.0,4319
1,     42098,11809,        2403390952,0.0,0.0
0,     42100,0,        2403495929,0.0,4353
1,     42102,11810,        2403590956,0.0,0.0
0,     42104,0,        2403687736,0.0,1841
1,     42106,11811,        2403790956,0.0,0.0
1,     42108,11812,        2403990956,0.0,0.0
1,     42110,11813,        2404190960,0.0,0.0
0,     42112,0,        2404325869,0.0,2479
1,     42114,11814,        2404390960,0.0,0.0
0,     42116,0,        2404579630,0.0,2122
1,     42118,11815,        2404590960,0.0,0.0
0,     42120,0,        2404757393,0.0,1545
1,     42122,11816,        2404790960,0.0,0.0
0,     42124,0,        2404965727,0.0,3268
1,     42126,11817,        2404990964,0.0,0.0
0,     42128,0,        2405082688,0.0,825
1,     42130,11818,        2405190964,0.0,0.0
0,     42132,0,        2405226488,0.0,740
0,     42134,0,        2405231235,0.0,2021
1,     42136,11819,        2405390964,0.0,0.0
0,     42138,0,        2405474174,0.0,5585
1,     42140,11820,        2405590968,0.0,0.0
0,     42142,0,        2405657061,0.0,3812
1,     42144,11821,        2405790968,0.0,0.0
1,     42146,11822,        2405990968,0.0,0.0
0,     42148,0,        2406101938,0.0,5907
1,     42150,11823,        2406190972,0.0,0.0
0,     42152,0,        2406310581,0.0,346
1,     42154,11824,        2406390972,0.0,0.0
0,     42156,0,        2406454780,0.0,4723
0,     42158,0,        2406550605,0.0,5779
1,     42160,11825,        2406590972,0.0,0.0
1,     42162,11826,        2406790972,0.0,0.0
1,     42164,11827,        2406990976,0.0,0.0
0,     42166,0,        2407083921,0.0,3291
0,     42168,0,        2407101133,0.0,2070
1,     42170,11828,        2407190976,0.0,0.0
0,     42172,0,        2407208597,0.0,5427
1,     42174,11829,        2407390976,0.0,0.0
0,     42176,0,        2407419595,0.0,1475
1,     42178,11830,        2407590980,0.0,0.0
1,     42180,11831,        2407790980,0.0,0.0
1,     42182,11832,        2407990980,0.0,0.0
0,     42184,0,        2408059980,0.0,5358
0,     42186,0,        2408105848,0.0,3301
0,     42187,0,        2408105850,0.0,4864
1,     42189,11833,        2408190980,0.0,0.0
0,     42191,0,        2408218994,0.0,3301
0,     42193,0,        2408349319,0.0,6097
0,     42194,0,        2408349423,0.0,2085
1,     42196,11834,        2408390984,0.0,0.0
0,     42198,0,        2408454587,0.0,492
0,     42200,0,        2408466722,0.0,3290
1,     42202,11835,        2408590984,0.0,0.0
1,     42204,11836,        2408790984,0.0,0.0
1,     42206,11837,        2408990988,0.0,0.0
1,     42208,11838,        2409190988,0.0,0.0
1,     42210,11839,        2409390988,0.0,0.0
0,     42212,0,        2409446662,0.0,1387
0,     42214,0,        2409473849,0.0,4670
1,     42216,11840,        2409590992,0.0,0.0
0,     42218,0,        2409644644,0.0,736
1,     42220,11841,        2409790992,0.0,0.0
0,     42222,0,        2409961801,0.0,2127
1,     42224,11842,        2409990992,0.0,0.0
0,     42226,0,        2410152475,0.0,5634
1,     42228,11843,        2410190992,0.0,0.0
0,     42230,0,        2410340526,0.0,316
1,     42232,11844,        2410390996,0.0,0.0
0,     42234,0,        2410402604,0.0,5359
0,     42236,0,        2410405595,0.0,3430
1,     42238,11845,        2410590996,0.0,0.0
0,     42240,0,        2410638856,0.0,3530
1,     42242,11846,        2410790996,0.0,0.0
0,     42244,0,        2410793515,0.0,6214
0,     42246,0,        2410822757,0.0,1083
1,     42248,11847,        2410991000,0.0,0.0
0,     42250,0,        2411010823,0.0,2316
1,     42252,11848,        2411191000,0.0,0.0
1,     42254,11849,        2411391000,0.0,0.0
0,     42256,0,        2411546531,0.0,5425
1,     42258,11850,        2411591004,0.0,0.0
0,     42260,0,        2411752997,0.0,3390
1,     42262,11851,        2411791004,0.0,0.0
1,     42264,11852,        2411991004,0.0,0.0
0,     42266,0,        2412166533,0.0,3416
1,     42268,11853,        2412191004,0.0,0.0
1,     42270,11854,        2412391008,0.0,0.0
0,     42272,0,        2412530291,0.0,3403
1,     42274,11855,        2412591008,0.0,0.0
0,     42276,0,        2412651913,0.0,5878
1,     42278,11856,        2412791008,0.0,0.0
1,     42280,11857,        2412991012,0.0,0.0
0,     42282,0,        2413101379,0.0,2027
0,     42284,0,        2413161638,0.0,1708
1,     42286,11858,        2413191012,0.0,0.0
0,     42288,0,        2413242635,0.0,4863
1,     42290,11859,        2413391012,0.0,0.0
1,     42292,11860,        2413591012,0.0,0.0
0,     42294,0,        2413618161,0.0,5509
1,     42296,11861,        2413791016,0.0,0.0
1,     42298,11862,        2413991016,0.0,0.0
0,     42300,0,        2414116984,0.0,316
1,     42302,11863,        2414191016,0.0,0.0
0,     42304,0,        2414323586,0.0,3476
1,     42306,11864,        2414391020,0.0,0.0
1,     42308,11865,        2414591020,0.0,0.0
0,     42310,0,        2414704897,0.0,3521
1,     42312,11866,        2414791020,0.0,0.0
1,     42314,11867,        2414991024,0.0,0.0
1,     42316,11868,        2415191024,0.0,0.0
1,     42318,11869,        2415391024,0.0,0.0
1,     42320,11870,        2415591024,0.0,0.0
0,     42322,0,        2415664970,0.0,3244
0,     42324,0,        2415677479,0.0,2924
0,     42326,0,        2415727843,0.0,3703
1,     42328,11871,        2415791028,0.0,0.0
0,     42330,0,        2415836044,0.0,4470
1,     42332,11872,        2415991028,0.0,0.0
1,     42334,11873,        2416191028,0.0,0.0
0,     42336,0,        2416371370,0.0,3424
1,     42338,11874,        2416391032,0.0,0.0
0,     42340,0,        2416444315,0.0,4965
0,     42342,0,        2416483600,0.0,5852
1,     42344,11875,        2416591032,0.0,0.0
0,     42346,0,        2416636767,0.0,4148
1,     42348,11876,        2416791032,0.0,0.0
1,     42350,11877,        2416991036,0.0,0.0
1,     42352,11878,        2417191036,0.0,0.0
1,     42354,11879,        2417391036,0.0,0.0
0,     42356,0,        2417532991,0.0,3187
1,     42358,11880,        2417591036,0.0,0.0
0,     42360,0,        2417721741,0.0,963
1,     42362,11881,        2417791040,0.0,0.0
0,     42364,0,        2417963414,0.0,3853
1,     42366,11882,        2417991040,0.0,0.0
1,     42368,11883,        2418191040,0.0,0.0
0,     42370,0,        2418248633,0.0,329
1,     42372,11884,        2418391044,0.0,0.0
1,     42374,11885,        2418591044,0.0,0.0
0,     42376,0,        2418665150,0.0,5546
1,     42378,11886,        2418791044,0.0,0.0
0,     42380,0,        2418948086,0.0,6211
1,     42382,11887,        2418991048,0.0,0.0
0,     42384,0,        2419030988,0.0,434
1,     42386,11888,        2419191048,0.0,0.0
1,     42388,11889,        2419391048,0.0,0.0
0,     42390,0,        2419418337,0.0,5905
1,     42392,11890,        2419591048,0.0,0.0
0,     42394,0,        2419611391,0.0,5047
1,     42396,11891,        2419791052,0.0,0.0
1,     42398,11892,        2419991052,0.0,0.0
1,     42400,11893,        2420191052,0.0,0.0
0,     42402,0,        2420201371,0.0,6030
0,     42404,0,        2420240340,0.0,5882
0,     42406,0,        2420379685,0.0,2506
0,     42408,0,        2420380688,0.0,320
1,     42410,11894,        2420391056,0.0,0.0
0,     42412,0,        2420430711,0.0,2294
1,     42414,11895,        2420591056,0.0,0.0
1,     42416,11896,        2420791056,0.0,0.0
1,     42418,11897,        2420991060,0.0,0.0
1,     42420,11898,        2421191060,0.0,0.0
0,     42422,0,        2421266650,0.0,4183
1,     42424,11899,        2421391060,0.0,0.0
1,     42426,11900,        2421591060,0.0,0.0
1,     42428,11901,        2421791064,0.0,0.0
1,     42430,11902,        2421991064,0.0,0.0
1,     42432,11903,        2422191064,0.0,0.0
1,     42434,11904,        2422391068,0.0,0.0
0,     42436,0,        2422426690,0.0,4147
1,     42438,11905,        2422591068,0.0,0.0
0,     42440,0,        2422760339,0.0,2556
1,     42442,11906,        2422791068,0.0,0.0
1,     42444,11907,        2422991068,0.0,0.0
1,     42446,11908,        2423191072,0.0,0.0
0,     42448,0,        2423199635,0.0,389
0,     42450,0,        2423256365,0.0,4244
0,     42452,0,        2423342878,0.0,23
0,     42454,0,        2423367089,0.0,571
1,     42456,11909,        2423391072,0.0,0.0
1,     42458,11910,        2423591072,0.0,0.0
0,     42460,0,        2423602511,0.0,149
1,     42462,11911,        2423791076,0.0,0.0
1,     42464,11912,        2423991076,0.0,0.0
1,     42466,11913,        2424191076,0.0,0.0
0,     42468,0,        2424245042,0.0,1975
1,     42470,11914,        2424391080,0.0,0.0
1,     42472,11915,        2424591080,0.0,0.0
1,     42474,11916,        2424791080,0.0,0.0
1,     42476,11917,        2424991080,0.0,0.0
0,     42478,0,        2424997203,0.0,2137
0,     42480,0,        2425129462,0.0,536
1,     42482,11918,        2425191084,0.0,0.0
0,     42484,0,        2425208395,0.0,2749
0,     42486,0,        2425227748,0.0,3920
1,     42488,11919,        2425391084,0.0,0.0
1,     42490,11920,        2425591084,0.0,0.0
1,     42492,11921,        2425791088,0.0,0.0
1,     42494,11922,        2425991088,0.0,0.0
1,     42496,11923,        2426191088,0.0,0.0
0,     42498,0,        2426355543,0.0,5840
1,     42500,11924,        2426391092,0.0,0.0
1,     42502,11925,        2426591092,0.0,0.0
0,     42504,0,        2426698862,0.0,2116
0,     42506,0,        2426705074,0.0,5861
1,     42508,11926,        2426791092,0.0,0.0
1,     42510,11927,        2426991092,0.0,0.0
0,     42512,0,        2427148411,0.0,1236
1,     42514,11928,        2427191096,0.0,0.0
1,     42516,11929,        2427391096,0.0,0.0
0,     42518,0,        2427472570,0.0,4149
0,     42520,0,        2427529506,0.0,339
1,     42522,11930,        2427591096,0.0,0.0
1,     42524,11931,        2427791100,0.0,0.0
0,     42526,0,        2427890654,0.0,1012
1,     42528,11932,        2427991100,0.0,0.0
1,     42530,11933,        2428191100,0.0,0.0
1,     42532,11934,        2428391104,0.0,0.0
0,     42534,0,        2428415381,0.0,5342
0,     42536,0,        2428512338,0.0,2226
1,     42538,11935,        2428591104,0.0,0.0
0,     42540,0,        2428631284,0.0,5491
1,     42542,11936,        2428791104,0.0,0.0
1,     42544,11937,        2428991104,0.0,0.0
0,     42546,0,        2429034057,0.0,3426
0,     42547,0,        2429034097,0.0,4965
1,     42549,11938,        2429191108,0.0,0.0
0,     42551,0,        2429202772,0.0,265
0,     42553,0,        2429313969,0.0,5124
1,     42555,11939,        2429391108,0.0,0.0
0,     42557,0,        2429395237,0.0,5862
0,     42559,0,        2429475517,0.0,948
1,     42561,11940,        2429591108,0.0,0.0
1,     42563,11941,        2429791112,0.0,0.0
1,     42565,11942,        2429991112,0.0,0.0
0,     42567,0,        2430142600,0.0,1370
0,     42568,0,        2430142827,0.0,5665
1,     42570,11943,        2430191112,0.0,0.0
0,     42572,0,        2430362865,0.0,4021
1,     42574,11944,        2430391112,0.0,0.0
1,     42576,11945,        2430591116,0.0,0.0
1,     42578,11946,        2430791116,0.0,0.0
0,     42580,0,        2430915933,0.0,4584
1,     42582,11947,        2430991116,0.0,0.0
1,     42584,11948,        2431191120,0.0,0.0
1,     42586,11949,        2431391120,0.0,0.0
0,     42588,0,        2431431231,0.0,4561
1,     42590,11950,        2431591120,0.0,0.0
0,     42592,0,        2431777255,0.0,4938
1,     42594,11951,        2431791124,0.0,0.0
1,     42596,11952,        2431991124,0.0,0.0
0,     42598,0,        2432180503,0.0,5916
1,     42600,11953,        2432191124,0.0,0.0
0,     42602,0,        2432296843,0.0,6144
1,     42604,11954,        2432391124,0.0,0.0
1,     42606,11955,        2432591128,0.0,0.0
1,     42608,11956,        2432791128,0.0,0.0
0,     42610,0,        2432952069,0.0,5722
0,     42612,0,        2432969454,0.0,4245
1,     42614,11957,        2432991128,0.0,0.0
0,     42616,0,        2433017094,0.0,3304
1,     42618,11958,        2433191132,0.0,0.0
1,     42620,11959,        2433391132,0.0,0.0
0,     42622,0,        2433398569,0.0,5658
0,     42624,0,        2433491254,0.0,718
1,     42626,11960,        2433591132,0.0,0.0
0,     42628,0,        2433730519,0.0,1855
1,     42630,11961,        2433791136,0.0,0.0
0,     42632,0,        2433838151,0.0,399
0,     42633,0,        2433838858,0.0,1826
1,     42635,11962,        2433991136,0.0,0.0
0,     42637,0,        2434107413,0.0,3383
0,     42639,0,        2434108942,0.0,3263
1,     42641,11963,        2434191136,0.0,0.0
1,     42643,11964,        2434391136,0.0,0.0
1,     42645,11965,        2434591140,0.0,0.0
1,     42647,11966,        2434791140,0.0,0.0
0,     42649,0,        2434985398,0.0,5289
1,     42651,11967,        2434991140,0.0,0.0
0,     42653,0,        2435035297,0.0,2399
1,     42655,11968,        2435191144,0.0,0.0
1,     42657,11969,        2435391144,0.0,0.0
1,     42659,11970,        2435591144,0.0,0.0
1,     42661,11971,        2435791148,0.0,0.0
1,     42663,11972,        2435991148,0.0,0.0
0,     42665,0,        2436157255,0.0,3292
1,     42667,11973,        2436191148,0.0,0.0
0,     42669,0,        2436331485,0.0,525
1,     42671,11974,        2436391148,0.0,0.0
0,     42673,0,        2436395556,0.0,1445
1,     42675,11975,        2436591152,0.0,0.0
1,     42677,11976,        2436791152,0.0,0.0
1,     42679,11977,        2436991152,0.0,0.0
1,     42681,11978,        2437191156,0.0,0.0
1,     42683,11979,        2437391156,0.0,0.0
1,     42685,11980,        2437591156,0.0,0.0
1,     42687,11981,        2437791160,0.0,0.0
1,     42689,11982,        2437991160,0.0,0.0
0,     42691,0,        2438148443,0.0,138
1,     42693,11983,        2438191160,0.0,0.0
0,     42695,0,        2438301720,0.0,1183
1,     42697,11984,        2438391160,0.0,0.0
1,     42699,11985,        2438591164,0.0,0.0
1,     42701,11986,        2438791164,0.0,0.0
0,     42703,0,        2438903214,0.0,4801
1,     42705,11987,        2438991164,0.0,0.0
0,     42707,0,        2439157258,0.0,3794
1,     42709,11988,        2439191168,0.0,0.0
0,     42711,0,        2439304869,0.0,411
1,     42713,11989,        2439391168,0.0,0.0
0,     42715,0,        2439503076,0.0,4662
1,     42717,11990,        2439591168,0.0,0.0
0,     42719,0,        2439609668,0.0,5251
1,     42721,11991,        2439791168,0.0,0.0
1,     42723,11992,        2439991172,0.0,0.0
0,     42725,0,        2440025077,0.0,4409
0,     42727,0,        2440025095,0.0,4873
0,     42729,0,        2440055134,0.0,453
1,     42731,11993,        2440191172,0.0,0.0
0,     42733,0,        2440327300,0.0,308
1,     42735,11994,        2440391172,0.0,0.0
1,     42737,11995,        2440591176,0.0,0.0
0,     42739,0,        2440712701,0.0,3392
1,     42741,11996,        2440791176,0.0,0.0
0,     42743,0,        2440815996,0.0,5797
1,     42745,11997,        2440991176,0.0,0.0
0,     42747,0,        2441063956,0.0,347
0,     42749,0,        2441088782,0.0,3054
1,     42751,11998,        2441191180,0.0,0.0
0,     42753,0,        2441240414,0.0,5487
1,     42755,11999,        2441391180,0.0,0.0
1,     42757,12000,        2441591180,0.0,0.0
0,     42759,0,        2441704020,0.0,2810
1,     42761,12001,        2441791180,0.0,0.0
1,     42763,12002,        2441991184,0.0,0.0
1,     42765,12003,        2442191184,0.0,0.0
1,     42767,12004,        2442391184,0.0,0.0
1,     42769,12005,        2442591188,0.0,0.0
1,     42771,12006,        2442791188,0.0,0.0
0,     42773,0,        2442927964,0.0,1562
1,     42775,12007,        2442991188,0.0,0.0
1,     42777,12008,        2443191192,0.0,0.0
1,     42779,12009,        2443391192,0.0,0.0
0,     42781,0,        2443438860,0.0,2964
1,     42783,12010,        2443591192,0.0,0.0
1,     42785,12011,        2443791192,0.0,0.0
0,     42787,0,        2443914032,0.0,275
0,     42789,0,        2443938249,0.0,5214
1,     42791,12012,        2443991196,0.0,0.0
1,     42793,12013,        2444191196,0.0,0.0
1,     42795,12014,        2444391196,0.0,0.0
0,     42797,0,        2444469248,0.0,4572
1,     42799,12015,        2444591200,0.0,0.0
0,     42801,0,        2444769079,0.0,6136
1,     42803,12016,        2444791200,0.0,0.0
1,     42805,12017,        2444991200,0.0,0.0
1,     42807,12018,        2445191204,0.0,0.0
1,     42809,12019,        2445391204,0.0,0.0
1,     42811,12020,        2445591204,0.0,0.0
0,     42813,0,        2445611536,0.0,2182
0,     42815,0,        2445697983,0.0,722
1,     42817,12021,        2445791204,0.0,0.0
0,     42819,0,        2445972355,0.0,443
1,     42821,12022,        2445991208,0.0,0.0
0,     42823,0,        2446164299,0.0,4681
1,     42825,12023,        2446191208,0.0,0.0
1,     42827,12024,        2446391208,0.0,0.0
1,     42829,12025,        2446591212,0.0,0.0
1,     42831,12026,        2446791212,0.0,0.0
1,     42833,12027,        2446991212,0.0,0.0
0,     42835,0,        2447051684,0.0,2728
1,     42837,12028,        2447191216,0.0,0.0
1,     42839,12029,        2447391216,0.0,0.0
0,     42841,0,        2447468617,0.0,2564
0,     42843,0,        2447587627,0.0,5573
1,     42845,12030,        2447591216,0.0,0.0
1,     42847,12031,        2447791216,0.0,0.0
0,     42849,0,        2447812493,0.0,3113
0,     42851,0,        2447970243,0.0,3663
1,     42853,12032,        2447991220,0.0,0.0
1,     42855,12033,        2448191220,0.0,0.0
1,     42857,12034,        2448391220,0.0,0.0
1,     42859,12035,        2448591224,0.0,0.0
0,     42861,0,        2448726297,0.0,6104
0,     42863,0,        2448741989,0.0,3643
1,     42865,12036,        2448791224,0.0,0.0
1,     42867,12037,        2448991224,0.0,0.0
0,     42869,0,        2449046605,0.0,3662
0,     42871,0,        2449188320,0.0,4957
1,     42873,12038,        2449191224,0.0,0.0
0,     42875,0,        2449253214,0.0,2153
1,     42877,12039,        2449391228,0.0,0.0
0,     42879,0,        2449423743,0.0,3682
1,     42881,12040,        2449591228,0.0,0.0
0,     42883,0,        2449596704,0.0,2446
1,     42885,12041,        2449791228,0.0,0.0
1,     42887,12042,        2449991232,0.0,0.0
1,     42889,12043,        2450191232,0.0,0.0
0,     42891,0,        2450208163,0.0,47
1,     42893,12044,        2450391232,0.0,0.0
0,     42895,0,        2450579972,0.0,4614
1,     42897,12045,        2450591236,0.0,0.0
1,     42899,12046,        2450791236,0.0,0.0
1,     42901,12047,        2450991236,0.0,0.0
0,     42903,0,        2451138342,0.0,3362
1,     42905,12048,        2451191236,0.0,0.0
1,     42907,12049,        2451391240,0.0,0.0
1,     42909,12050,        2451591240,0.0,0.0
0,     42911,0,        2451759563,0.0,3879
1,     42913,12051,        2451791240,0.0,0.0
1,     42915,12052,        2451991244,0.0,0.0
1,     42917,12053,        2452191244,0.0,0.0
1,     42919,12054,        2452391244,0.0,0.0
0,     42921,0,        2452499040,0.0,3647
0,     42923,0,        2452524887,0.0,445
1,     42925,12055,        2452591248,0.0,0.0
1,     42927,12056,        2452791248,0.0,0.0
1,     42929,12057,        2452991248,0.0,0.0
1,     42931,12058,        2453191248,0.0,0.0
0,     42933,0,        2453288881,0.0,5032
0,     42935,0,        2453383248,0.0,1377
1,     42937,12059,        2453391252,0.0,0.0
1,     42939,12060,        2453591252,0.0,0.0
1,     42941,12061,        2453791252,0.0,0.0
0,     42943,0,        2453845876,0.0,127
0,     42945,0,        2453864049,0.0,4423
0,     42947,0,        2453865924,0.0,3963
0,     42949,0,        2453958795,0.0,2761
1,     42951,12062,        2453991256,0.0,0.0
1,     42953,12063,        2454191256,0.0,0.0
1,     42955,12064,        2454391256,0.0,0.0
0,     42957,0,        2454452047,0.0,3774
0,     42959,0,        2454452384,0.0,2046
0,     42961,0,        2454465509,0.0,1635
1,     42963,12065,        2454591256,0.0,0.0
0,     42965,0,        2454705158,0.0,2930
0,     42967,0,        2454783399,0.0,5993
1,     42969,12066,        2454791260,0.0,0.0
0,     42971,0,        2454962345,0.0,3679
0,     42972,0,        2454962615,0.0,2104
1,     42974,12067,        2454991260,0.0,0.0
0,     42976,0,        2455052325,0.0,2952
0,     42978,0,        2455161500,0.0,6186
1,     42980,12068,        2455191260,0.0,0.0
1,     42982,12069,        2455391264,0.0,0.0
1,     42984,12070,        2455591264,0.0,0.0
1,     42986,12071,        2455791264,0.0,0.0
0,     42988,0,        2455804623,0.0,3539
1,     42990,12072,        2455991268,0.0,0.0
1,     42992,12073,        2456191268,0.0,0.0
1,     42994,12074,        2456391268,0.0,0.0
1,     42996,12075,        2456591268,0.0,0.0
0,     42998,0,        2456751843,0.0,3671
1,     43000,12076,        2456791272,0.0,0.0
1,     43002,12077,        2456991272,0.0,0.0
0,     43004,0,        2457144728,0.0,4475
1,     43006,12078,        2457191272,0.0,0.0
0,     43008,0,        2457364575,0.0,3414
1,     43010,12079,        2457391276,0.0,0.0
1,     43012,12080,        2457591276,0.0,0.0
0,     43014,0,        2457745057,0.0,4099
1,     43016,12081,        2457791276,0.0,0.0
1,     43018,12082,        2457991280,0.0,0.0
0,     43020,0,        2458108871,0.0,1236
0,     43022,0,        2458178799,0.0,1735
1,     43024,12083,        2458191280,0.0,0.0
0,     43026,0,        2458319855,0.0,2570
0,     43028,0,        2458360466,0.0,5164
1,     43030,12084,        2458391280,0.0,0.0
0,     43032,0,        2458473339,0.0,3404
0,     43034,0,        2458501021,0.0,3444
1,     43036,12085,        2458591280,0.0,0.0
0,     43038,0,        2458705149,0.0,3531
0,     43039,0,        2458705566,0.0,3117
1,     43041,12086,        2458791284,0.0,0.0
0,     43043,0,        2458828262,0.0,4126
1,     43045,12087,        2458991284,0.0,0.0
0,     43047,0,        2459089547,0.0,2360
1,     43049,12088,        2459191284,0.0,0.0
0,     43051,0,        2459244138,0.0,3510
1,     43053,12089,        2459391288,0.0,0.0
1,     43055,12090,        2459591288,0.0,0.0
0,     43057,0,        2459686685,0.0,2723
1,     43059,12091,        2459791288,0.0,0.0
1,     43061,12092,        2459991292,0.0,0.0
1,     43063,12093,        2460191292,0.0,0.0
0,     43065,0,        2460322263,0.0,3956
0,     43066,0,        2460322652,0.0,3857
1,     43068,12094,        2460391292,0.0,0.0
0,     43070,0,        2460519282,0.0,1561
0,     43072,0,        2460560392,0.0,2136
1,     43074,12095,        2460591292,0.0,0.0
1,     43076,12096,        2460791296,0.0,0.0
1,     43078,12097,        2460991296,0.0,0.0
1,     43080,12098,        2461191296,0.0,0.0
0,     43082,0,        2461330024,0.0,5755
1,     43084,12099,        2461391300,0.0,0.0
0,     43086,0,        2461441112,0.0,5667
1,     43088,12100,        2461591300,0.0,0.0
1,     43090,12101,        2461791300,0.0,0.0
1,     43092,12102,        2461991304,0.0,0.0
0,     43094,0,        2462126420,0.0,3008
1,     43096,12103,        2462191304,0.0,0.0
0,     43098,0,        2462198650,0.0,3219
0,     43100,0,        2462342634,0.0,2442
1,     43102,12104,        2462391304,0.0,0.0
1,     43104,12105,        2462591304,0.0,0.0
1,     43106,12106,        2462791308,0.0,0.0
1,     43108,12107,        2462991308,0.0,0.0
0,     43110,0,        2463045930,0.0,5084
1,     43112,12108,        2463191308,0.0,0.0
1,     43114,12109,        2463391312,0.0,0.0
0,     43116,0,        2463507421,0.0,3384
1,     43118,12110,        2463591312,0.0,0.0
1,     43120,12111,        2463791312,0.0,0.0
0,     43122,0,        2463811035,0.0,1540
0,     43124,0,        2463841194,0.0,1950
0,     43126,0,        2463898113,0.0,680
0,     43128,0,        2463922124,0.0,3120
1,     43130,12112,        2463991312,0.0,0.0
1,     43132,12113,        2464191316,0.0,0.0
0,     43134,0,        2464224617,0.0,5780
0,     43136,0,        2464253424,0.0,3716
1,     43138,12114,        2464391316,0.0,0.0
0,     43140,0,        2464460959,0.0,3273
0,     43142,0,        2464511796,0.0,2659
1,     43144,12115,        2464591316,0.0,0.0
1,     43146,12116,        2464791320,0.0,0.0
0,     43148,0,        2464986021,0.0,3227
1,     43150,12117,        2464991320,0.0,0.0
1,     43152,12118,        2465191320,0.0,0.0
1,     43154,12119,        2465391324,0.0,0.0
1,     43156,12120,        2465591324,0.0,0.0
1,     43158,12121,        2465791324,0.0,0.0
0,     43160,0,        2465989730,0.0,1254
1,     43162,12122,        2465991324,0.0,0.0
1,     43164,12123,        2466191328,0.0,0.0
0,     43166,0,        2466266702,0.0,2505
0,     43168,0,        2466342184,0.0,4377
1,     43170,12124,        2466391328,0.0,0.0
0,     43172,0,        2466477687,0.0,5932
1,     43174,12125,        2466591328,0.0,0.0
1,     43176,12126,        2466791332,0.0,0.0
0,     43178,0,        2466874488,0.0,5637
1,     43180,12127,        2466991332,0.0,0.0
1,     43182,12128,        2467191332,0.0,0.0
0,     43184,0,        2467352678,0.0,3133
1,     43186,12129,        2467391336,0.0,0.0
0,     43188,0,        2467474831,0.0,985
0,     43190,0,        2467588113,0.0,1006
1,     43192,12130,        2467591336,0.0,0.0
1,     43194,12131,        2467791336,0.0,0.0
1,     43196,12132,        2467991336,0.0,0.0
1,     43198,12133,        2468191340,0.0,0.0
1,     43200,12134,        2468391340,0.0,0.0
1,     43202,12135,        2468591340,0.0,0.0
0,     43204,0,        2468638675,0.0,4874
1,     43206,12136,        2468791344,0.0,0.0
1,     43208,12137,        2468991344,0.0,0.0
0,     43210,0,        2469043758,0.0,5610
1,     43212,12138,        2469191344,0.0,0.0
1,     43214,12139,        2469391348,0.0,0.0
0,     43216,0,        2469458383,0.0,374
1,     43218,12140,        2469591348,0.0,0.0
0,     43220,0,        2469621846,0.0,5771
0,     43222,0,        2469719866,0.0,5305
1,     43224,12141,        2469791348,0.0,0.0
0,     43226,0,        2469885289,0.0,798
1,     43228,12142,        2469991348,0.0,0.0
0,     43230,0,        2470046247,0.0,1230
1,     43232,12143,        2470191352,0.0,0.0
1,     43234,12144,        2470391352,0.0,0.0
0,     43236,0,        2470444798,0.0,4768
1,     43238,12145,        2470591352,0.0,0.0
1,     43240,12146,        2470791356,0.0,0.0
0,     43242,0,        2470961769,0.0,1895
1,     43244,12147,        2470991356,0.0,0.0
1,     43246,12148,        2471191356,0.0,0.0
0,     43248,0,        2471252131,0.0,1297
1,     43250,12149,        2471391360,0.0,0.0
1,     43252,12150,        2471591360,0.0,0.0
1,     43254,12151,        2471791360,0.0,0.0
1,     43256,12152,        2471991360,0.0,0.0
1,     43258,12153,        2472191364,0.0,0.0
0,     43260,0,        2472337701,0.0,2326
0,     43262,0,        2472357621,0.0,2690
1,     43264,12154,        2472391364,0.0,0.0
0,     43266,0,        2472533389,0.0,5850
1,     43268,12155,        2472591364,0.0,0.0
1,     43270,12156,        2472791368,0.0,0.0
1,     43272,12157,        2472991368,0.0,0.0
1,     43274,12158,        2473191368,0.0,0.0
0,     43276,0,        2473328779,0.0,2679
1,     43278,12159,        2473391368,0.0,0.0
0,     43279,0,        2473391614,0.0,5711
0,     43281,0,        2473392431,0.0,2304
0,     43283,0,        2473452253,0.0,24
1,     43285,12160,        2473591372,0.0,0.0
0,     43287,0,        2473756301,0.0,3500
1,     43289,12161,        2473791372,0.0,0.0
0,     43291,0,        2473840504,0.0,4459
0,     43293,0,        2473941300,0.0,1155
0,     43295,0,        2473967261,0.0,6024
1,     43297,12162,        2473991372,0.0,0.0
0,     43299,0,        2474120238,0.0,901
1,     43301,12163,        2474191376,0.0,0.0
0,     43303,0,        2474243488,0.0,1805
0,     43305,0,        2474245209,0.0,3369
0,     43307,0,        2474258862,0.0,5444
0,     43309,0,        2474263018,0.0,2538
0,     43311,0,        2474386366,0.0,2610
0,     43313,0,        2474386845,0.0,3982
1,     43315,12164,        2474391376,0.0,0.0
0,     43317,0,        2474414716,0.0,4289
1,     43319,12165,        2474591376,0.0,0.0
0,     43321,0,        2474631330,0.0,4296
0,     43323,0,        2474711247,0.0,1574
0,     43325,0,        2474738233,0.0,461
1,     43327,12166,        2474791380,0.0,0.0
1,     43329,12167,        2474991380,0.0,0.0
0,     43331,0,        2475132352,0.0,1339
0,     43333,0,        2475153504,0.0,4127
1,     43335,12168,        2475191380,0.0,0.0
1,     43337,12169,        2475391380,0.0,0.0
0,     43339,0,        2475540784,0.0,1535
1,     43341,12170,        2475591384,0.0,0.0
0,     43343,0,        2475643435,0.0,3143
1,     43345,12171,        2475791384,0.0,0.0
1,     43347,12172,        2475991384,0.0,0.0
0,     43349,0,        2476043809,0.0,5259
0,     43351,0,        2476131070,0.0,161
1,     43353,12173,        2476191388,0.0,0.0
1,     43355,12174,        2476391388,0.0,0.0
0,     43357,0,        2476474985,0.0,4046
0,     43359,0,        2476503501,0.0,2087
0,     43361,0,        2476522860,0.0,4276
1,     43363,12175,        2476591388,0.0,0.0
1,     43365,12176,        2476791392,0.0,0.0
0,     43367,0,        2476912327,0.0,5198
0,     43369,0,        2476975372,0.0,4890
1,     43371,12177,        2476991392,0.0,0.0
1,     43373,12178,        2477191392,0.0,0.0
1,     43375,12179,        2477391392,0.0,0.0
0,     43377,0,        2477570614,0.0,5621
1,     43379,12180,        2477591396,0.0,0.0
1,     43381,12181,        2477791396,0.0,0.0
1,     43383,12182,        2477991396,0.0,0.0
0,     43385,0,        2478126745,0.0,4329
0,     43387,0,        2478185344,0.0,4265
1,     43389,12183,        2478191400,0.0,0.0
0,     43391,0,        2478369427,0.0,5296
1,     43393,12184,        2478391400,0.0,0.0
0,     43395,0,        2478517871,0.0,1191
1,     43397,12185,        2478591400,0.0,0.0
1,     43399,12186,        2478791404,0.0,0.0
0,     43401,0,        2478797372,0.0,6128
1,     43403,12187,        2478991404,0.0,0.0
1,     43405,12188,        2479191404,0.0,0.0
0,     43407,0,        2479341315,0.0,2390
1,     43409,12189,        2479391404,0.0,0.0
0,     43411,0,        2479461759,0.0,4544
1,     43413,12190,        2479591408,0.0,0.0
1,     43415,12191,        2479791408,0.0,0.0
1,     43417,12192,        2479991408,0.0,0.0
0,     43418,0,        2479991581,0.0,3604
0,     43420,0,        2480039048,0.0,3812
0,     43422,0,        2480067436,0.0,2253
0,     43424,0,        2480067928,0.0,3011
0,     43426,0,        2480073871,0.0,3270
1,     43428,12193,        2480191412,0.0,0.0
0,     43430,0,        2480371264,0.0,3259
1,     43432,12194,        2480391412,0.0,0.0
1,     43434,12195,        2480591412,0.0,0.0
0,     43436,0,        2480776301,0.0,4678
1,     43438,12196,        2480791416,0.0,0.0
0,     43440,0,        2480887767,0.0,5043
0,     43442,0,        2480911129,0.0,1278
1,     43444,12197,        2480991416,0.0,0.0
1,     43446,12198,        2481191416,0.0,0.0
0,     43448,0,        2481228292,0.0,3259
1,     43450,12199,        2481391416,0.0,0.0
1,     43452,12200,        2481591420,0.0,0.0
0,     43454,0,        2481650609,0.0,2087
1,     43456,12201,        2481791420,0.0,0.0
1,     43458,12202,        2481991420,0.0,0.0
0,     43460,0,        2482049749,0.0,4583
0,     43462,0,        2482117210,0.0,2297
0,     43464,0,        2482117679,0.0,5792
1,     43466,12203,        2482191424,0.0,0.0
0,     43468,0,        2482236683,0.0,3756
0,     43470,0,        2482322847,0.0,1358
1,     43472,12204,        2482391424,0.0,0.0
1,     43474,12205,        2482591424,0.0,0.0
0,     43476,0,        2482660932,0.0,4624
1,     43478,12206,        2482791424,0.0,0.0
0,     43480,0,        2482962687,0.0,5606
1,     43482,12207,        2482991428,0.0,0.0
1,     43484,12208,        2483191428,0.0,0.0
0,     43486,0,        2483252563,0.0,1019
0,     43488,0,        2483268458,0.0,3967
0,     43490,0,        2483282710,0.0,4875
1,     43492,12209,        2483391428,0.0,0.0
0,     43494,0,        2483530060,0.0,3230
1,     43496,12210,        2483591432,0.0,0.0
0,     43498,0,        2483656653,0.0,5003
0,     43500,0,        2483774372,0.0,3094
1,     43502,12211,        2483791432,0.0,0.0
0,     43504,0,        2483845485,0.0,3287
0,     43506,0,        2483930338,0.0,4987
1,     43508,12212,        2483991432,0.0,0.0
1,     43510,12213,        2484191436,0.0,0.0
0,     43512,0,        2484295430,0.0,3288
1,     43514,12214,        2484391436,0.0,0.0
0,     43516,0,        2484443343,0.0,3287
1,     43518,12215,        2484591436,0.0,0.0
0,     43520,0,        2484676735,0.0,3172
1,     43522,12216,        2484791436,0.0,0.0
0,     43524,0,        2484853541,0.0,552
0,     43526,0,        2484955799,0.0,5371
1,     43528,12217,        2484991440,0.0,0.0
0,     43530,0,        2485077696,0.0,5543
1,     43532,12218,        2485191440,0.0,0.0
0,     43534,0,        2485308598,0.0,3178
1,     43536,12219,        2485391440,0.0,0.0
0,     43538,0,        2485587378,0.0,1280
1,     43540,12220,        2485591444,0.0,0.0
1,     43542,12221,        2485791444,0.0,0.0
1,     43544,12222,        2485991444,0.0,0.0
1,     43546,12223,        2486191448,0.0,0.0
1,     43548,12224,        2486391448,0.0,0.0
0,     43550,0,        2486465845,0.0,234
0,     43552,0,        2486531916,0.0,3321
0,     43554,0,        2486555861,0.0,1217
1,     43556,12225,        2486591448,0.0,0.0
1,     43558,12226,        2486791448,0.0,0.0
0,     43560,0,        2486853164,0.0,6104
0,     43562,0,        2486945204,0.0,68
1,     43564,12227,        2486991452,0.0,0.0
1,     43566,12228,        2487191452,0.0,0.0
1,     43568,12229,        2487391452,0.0,0.0
0,     43570,0,        2487470128,0.0,3356
1,     43572,12230,        2487591456,0.0,0.0
0,     43574,0,        2487655329,0.0,421
0,     43576,0,        2487736985,0.0,1748
1,     43578,12231,        2487791456,0.0,0.0
1,     43580,12232,        2487991456,0.0,0.0
1,     43582,12233,        2488191460,0.0,0.0
0,     43584,0,        2488212535,0.0,1926
0,     43586,0,        2488310020,0.0,2371
1,     43588,12234,        2488391460,0.0,0.0
0,     43590,0,        2488546782,0.0,3683
1,     43592,12235,        2488591460,0.0,0.0
1,     43594,12236,        2488791460,0.0,0.0
0,     43596,0,        2488801021,0.0,4257
0,     43598,0,        2488853404,0.0,1662
0,     43600,0,        2488898899,0.0,3497
1,     43602,12237,        2488991464,0.0,0.0
1,     43604,12238,        2489191464,0.0,0.0
1,     43606,12239,        2489391464,0.0,0.0
0,     43608,0,        2489472942,0.0,4987
1,     43610,12240,        2489591468,0.0,0.0
0,     43612,0,        2489593436,0.0,4960
1,     43614,12241,        2489791468,0.0,0.0
0,     43616,0,        2489797856,0.0,3353
0,     43617,0,        2489797950,0.0,1678
1,     43619,12242,        2489991468,0.0,0.0
0,     43621,0,        2490061166,0.0,3449
0,     43622,0,        2490061229,0.0,1973
1,     43624,12243,        2490191468,0.0,0.0
1,     43626,12244,        2490391472,0.0,0.0
0,     43628,0,        2490502805,0.0,5264
0,     43630,0,        2490508295,0.0,5860
1,     43632,12245,        2490591472,0.0,0.0
0,     43634,0,        2490611141,0.0,2781
0,     43636,0,        2490785112,0.0,4119
1,     43638,12246,        2490791472,0.0,0.0
1,     43640,12247,        2490991476,0.0,0.0
1,     43642,12248,        2491191476,0.0,0.0
1,     43644,12249,        2491391476,0.0,0.0
0,     43646,0,        2491503603,0.0,5502
1,     43648,12250,        2491591480,0.0,0.0
1,     43650,12251,        2491791480,0.0,0.0
1,     43652,12252,        2491991480,0.0,0.0
0,     43654,0,        2492001836,0.0,1348
0,     43656,0,        2492036264,0.0,5055
0,     43658,0,        2492127647,0.0,128
1,     43660,12253,        2492191480,0.0,0.0
0,     43662,0,        2492277765,0.0,1970
1,     43664,12254,        2492391484,0.0,0.0
0,     43666,0,        2492577680,0.0,425
0,     43668,0,        2492577826,0.0,3548
1,     43670,12255,        2492591484,0.0,0.0
1,     43672,12256,        2492791484,0.0,0.0
1,     43674,12257,        2492991488,0.0,0.0
0,     43676,0,        2493182765,0.0,822
1,     43678,12258,        2493191488,0.0,0.0
1,     43680,12259,        2493391488,0.0,0.0
1,     43682,12260,        2493591492,0.0,0.0
1,     43684,12261,        2493791492,0.0,0.0
1,     43686,12262,        2493991492,0.0,0.0
1,     43688,12263,        2494191492,0.0,0.0
0,     43690,0,        2494344756,0.0,3591
1,     43692,12264,        2494391496,0.0,0.0
0,     43694,0,        2494530317,0.0,2920
1,     43696,12265,        2494591496,0.0,0.0
1,     43698,12266,        2494791496,0.0,0.0
1,     43700,12267,        2494991500,0.0,0.0
1,     43702,12268,        2495191500,0.0,0.0
1,     43704,12269,        2495391500,0.0,0.0
1,     43706,12270,        2495591504,0.0,0.0
1,     43708,12271,        2495791504,0.0,0.0
1,     43710,12272,        2495991504,0.0,0.0
1,     43712,12273,        2496191504,0.0,0.0
1,     43714,12274,        2496391508,0.0,0.0
1,     43716,12275,        2496591508,0.0,0.0
0,     43718,0,        2496639505,0.0,5387
0,     43720,0,        2496768527,0.0,4504
1,     43722,12276,        2496791508,0.0,0.0
1,     43724,12277,        2496991512,0.0,0.0
0,     43726,0,        2497127821,0.0,4683
1,     43728,12278,        2497191512,0.0,0.0
1,     43730,12279,        2497391512,0.0,0.0
1,     43732,12280,        2497591516,0.0,0.0
1,     43734,12281,        2497791516,0.0,0.0
1,     43736,12282,        2497991516,0.0,0.0
1,     43738,12283,        2498191516,0.0,0.0
1,     43740,12284,        2498391520,0.0,0.0
0,     43742,0,        2498457114,0.0,2552
1,     43744,12285,        2498591520,0.0,0.0
0,     43746,0,        2498594704,0.0,5027
1,     43748,12286,        2498791520,0.0,0.0
1,     43750,12287,        2498991524,0.0,0.0
0,     43752,0,        2499122744,0.0,5905
0,     43754,0,        2499143948,0.0,3501
1,     43756,12288,        2499191524,0.0,0.0
0,     43758,0,        2499212687,0.0,3802
0,     43760,0,        2499264260,0.0,3543
1,     43762,12289,        2499391524,0.0,0.0
1,     43764,12290,        2499591524,0.0,0.0
1,     43766,12291,        2499791528,0.0,0.0
1,     43768,12292,        2499991528,0.0,0.0
1,     43770,12293,        2500191528,0.0,0.0
0,     43772,0,        2500382981,0.0,1066
1,     43774,12294,        2500391532,0.0,0.0
0,     43776,0,        2500573761,0.0,2093
1,     43778,12295,        2500591532,0.0,0.0
0,     43780,0,        2500765964,0.0,5649
1,     43782,12296,        2500791532,0.0,0.0
0,     43784,0,        2500808740,0.0,6105
0,     43785,0,        2500808745,0.0,512
0,     43787,0,        2500986658,0.0,4846
1,     43789,12297,        2500991536,0.0,0.0
0,     43791,0,        2501008692,0.0,3886
1,     43793,12298,        2501191536,0.0,0.0
1,     43795,12299,        2501391536,0.0,0.0
0,     43797,0,        2501578170,0.0,4259
1,     43799,12300,        2501591536,0.0,0.0
1,     43801,12301,        2501791540,0.0,0.0
1,     43803,12302,        2501991540,0.0,0.0
1,     43805,12303,        2502191540,0.0,0.0
0,     43807,0,        2502265590,0.0,2783
1,     43809,12304,        2502391544,0.0,0.0
1,     43811,12305,        2502591544,0.0,0.0
0,     43813,0,        2502614407,0.0,4305
0,     43815,0,        2502642752,0.0,3729
0,     43817,0,        2502747599,0.0,5827
1,     43819,12306,        2502791544,0.0,0.0
1,     43821,12307,        2502991548,0.0,0.0
0,     43823,0,        2503127675,0.0,5730
0,     43825,0,        2503148779,0.0,91
1,     43827,12308,        2503191548,0.0,0.0
1,     43829,12309,        2503391548,0.0,0.0
1,     43831,12310,        2503591548,0.0,0.0
1,     43833,12311,        2503791552,0.0,0.0
1,     43835,12312,        2503991552,0.0,0.0
1,     43837,12313,        2504191552,0.0,0.0
1,     43839,12314,        2504391556,0.0,0.0
0,     43841,0,        2504429172,0.0,1495
0,     43843,0,        2504574718,0.0,5275
1,     43845,12315,        2504591556,0.0,0.0
1,     43847,12316,        2504791556,0.0,0.0
0,     43849,0,        2504960307,0.0,506
1,     43851,12317,        2504991560,0.0,0.0
1,     43853,12318,        2505191560,0.0,0.0
1,     43855,12319,        2505391560,0.0,0.0
0,     43857,0,        2505438345,0.0,3169
0,     43859,0,        2505440127,0.0,4185
1,     43861,12320,        2505591560,0.0,0.0
1,     43863,12321,        2505791564,0.0,0.0
1,     43865,12322,        2505991564,0.0,0.0
1,     43867,12323,        2506191564,0.0,0.0
1,     43869,12324,        2506391568,0.0,0.0
1,     43871,12325,        2506591568,0.0,0.0
0,     43873,0,        2506700528,0.0,2773
1,     43875,12326,        2506791568,0.0,0.0
0,     43877,0,        2506988092,0.0,1061
1,     43879,12327,        2506991572,0.0,0.0
0,     43881,0,        2507110998,0.0,1701
1,     43883,12328,        2507191572,0.0,0.0
1,     43885,12329,        2507391572,0.0,0.0
1,     43887,12330,        2507591572,0.0,0.0
1,     43889,12331,        2507791576,0.0,0.0
0,     43891,0,        2507880209,0.0,910
1,     43893,12332,        2507991576,0.0,0.0
1,     43895,12333,        2508191576,0.0,0.0
1,     43897,12334,        2508391580,0.0,0.0
1,     43899,12335,        2508591580,0.0,0.0
0,     43901,0,        2508623425,0.0,2089
0,     43903,0,        2508657721,0.0,3573
0,     43905,0,        2508768075,0.0,5715
1,     43907,12336,        2508791580,0.0,0.0
0,     43909,0,        2508914290,0.0,856
1,     43911,12337,        2508991580,0.0,0.0
0,     43913,0,        2509025581,0.0,3420
0,     43915,0,        2509085428,0.0,5659
1,     43917,12338,        2509191584,0.0,0.0
1,     43919,12339,        2509391584,0.0,0.0
0,     43921,0,        2509452906,0.0,5979
0,     43923,0,        2509568819,0.0,3021
1,     43925,12340,        2509591584,0.0,0.0
1,     43927,12341,        2509791588,0.0,0.0
0,     43929,0,        2509981476,0.0,1966
1,     43931,12342,        2509991588,0.0,0.0
0,     43933,0,        2510120621,0.0,5068
1,     43935,12343,        2510191588,0.0,0.0
1,     43937,12344,        2510391592,0.0,0.0
1,     43939,12345,        2510591592,0.0,0.0
1,     43941,12346,        2510791592,0.0,0.0
0,     43943,0,        2510801195,0.0,2098
1,     43945,12347,        2510991592,0.0,0.0
0,     43947,0,        2511043872,0.0,2122
1,     43949,12348,        2511191596,0.0,0.0
1,     43951,12349,        2511391596,0.0,0.0
1,     43953,12350,        2511591596,0.0,0.0
0,     43955,0,        2511651883,0.0,2245
0,     43957,0,        2511662945,0.0,3655
1,     43959,12351,        2511791600,0.0,0.0
0,     43961,0,        2511975541,0.0,6131
1,     43963,12352,        2511991600,0.0,0.0
1,     43965,12353,        2512191600,0.0,0.0
0,     43967,0,        2512273602,0.0,5939
0,     43969,0,        2512307596,0.0,4316
0,     43971,0,        2512333800,0.0,6059
1,     43973,12354,        2512391604,0.0,0.0
1,     43975,12355,        2512591604,0.0,0.0
1,     43977,12356,        2512791604,0.0,0.0
0,     43979,0,        2512906662,0.0,112
1,     43981,12357,        2512991604,0.0,0.0
1,     43983,12358,        2513191608,0.0,0.0
0,     43985,0,        2513341468,0.0,473
1,     43987,12359,        2513391608,0.0,0.0
1,     43989,12360,        2513591608,0.0,0.0
1,     43991,12361,        2513791612,0.0,0.0
0,     43993,0,        2513873922,0.0,3155
0,     43994,0,        2513874147,0.0,5259
1,     43996,12362,        2513991612,0.0,0.0
0,     43998,0,        2514097560,0.0,2264
0,     44000,0,        2514135727,0.0,3239
1,     44002,12363,        2514191612,0.0,0.0
0,     44004,0,        2514211931,0.0,3244
0,     44006,0,        2514353862,0.0,5947
1,     44008,12364,        2514391612,0.0,0.0
0,     44010,0,        2514431610,0.0,5678
1,     44012,12365,        2514591616,0.0,0.0
1,     44014,12366,        2514791616,0.0,0.0
0,     44016,0,        2514828568,0.0,1793
1,     44018,12367,        2514991616,0.0,0.0
0,     44020,0,        2515086458,0.0,869
0,     44021,0,        2515086590,0.0,239
0,     44023,0,        2515094491,0.0,3555
0,     44025,0,        2515162986,0.0,1442
1,     44027,12368,        2515191620,0.0,0.0
1,     44029,12369,        2515391620,0.0,0.0
1,     44031,12370,        2515591620,0.0,0.0
1,     44033,12371,        2515791624,0.0,0.0
1,     44035,12372,        2515991624,0.0,0.0
0,     44037,0,        2516011695,0.0,1509
0,     44039,0,        2516153232,0.0,3544
1,     44041,12373,        2516191624,0.0,0.0
1,     44043,12374,        2516391624,0.0,0.0
1,     44045,12375,        2516591628,0.0,0.0
0,     44047,0,        2516600774,0.0,3246
0,     44049,0,        2516790006,0.0,3195
1,     44051,12376,        2516791628,0.0,0.0
1,     44053,12377,        2516991628,0.0,0.0
1,     44055,12378,        2517191632,0.0,0.0
1,     44057,12379,        2517391632,0.0,0.0
0,     44059,0,        2517405886,0.0,968
1,     44061,12380,        2517591632,0.0,0.0
0,     44063,0,        2517711653,0.0,3614
1,     44065,12381,        2517791636,0.0,0.0
1,     44067,12382,        2517991636,0.0,0.0
1,     44069,12383,        2518191636,0.0,0.0
1,     44071,12384,        2518391636,0.0,0.0
0,     44073,0,        2518564948,0.0,682
1,     44075,12385,        2518591640,0.0,0.0
1,     44077,12386,        2518791640,0.0,0.0
0,     44079,0,        2518858516,0.0,4458
0,     44081,0,        2518970497,0.0,5039
0,     44082,0,        2518971248,0.0,265
1,     44084,12387,        2518991640,0.0,0.0
0,     44086,0,        2519181702,0.0,4361
1,     44088,12388,        2519191644,0.0,0.0
0,     44090,0,        2519349274,0.0,1801
1,     44092,12389,        2519391644,0.0,0.0
0,     44094,0,        2519416655,0.0,4511
1,     44096,12390,        2519591644,0.0,0.0
0,     44098,0,        2519688923,0.0,4268
0,     44100,0,        2519774157,0.0,2852
0,     44101,0,        2519774199,0.0,4378
1,     44103,12391,        2519791648,0.0,0.0
0,     44105,0,        2519948746,0.0,5513
0,     44107,0,        2519991038,0.0,4102
1,     44109,12392,        2519991648,0.0,0.0
1,     44111,12393,        2520191648,0.0,0.0
0,     44113,0,        2520340636,0.0,657
0,     44115,0,        2520355527,0.0,5444
0,     44117,0,        2520384687,0.0,4335
1,     44119,12394,        2520391648,0.0,0.0
0,     44121,0,        2520416483,0.0,2124
1,     44123,12395,        2520591652,0.0,0.0
1,     44125,12396,        2520791652,0.0,0.0
0,     44127,0,        2520887651,0.0,3924
1,     44129,12397,        2520991652,0.0,0.0
0,     44131,0,        2521189458,0.0,51
1,     44133,12398,        2521191656,0.0,0.0
1,     44135,12399,        2521391656,0.0,0.0
0,     44137,0,        2521473905,0.0,4605
1,     44139,12400,        2521591656,0.0,0.0
1,     44141,12401,        2521791660,0.0,0.0
0,     44143,0,        2521871866,0.0,6213
1,     44145,12402,        2521991660,0.0,0.0
1,     44147,12403,        2522191660,0.0,0.0
1,     44149,12404,        2522391660,0.0,0.0
0,     44151,0,        2522404287,0.0,1821
1,     44153,12405,        2522591664,0.0,0.0
1,     44155,12406,        2522791664,0.0,0.0
0,     44157,0,        2522804099,0.0,5837
0,     44159,0,        2522942751,0.0,2367
1,     44161,12407,        2522991664,0.0,0.0
1,     44163,12408,        2523191668,0.0,0.0
1,     44165,12409,        2523391668,0.0,0.0
1,     44167,12410,        2523591668,0.0,0.0
1,     44169,12411,        2523791668,0.0,0.0
1,     44171,12412,        2523991672,0.0,0.0
0,     44173,0,        2524023242,0.0,3539
1,     44175,12413,        2524191672,0.0,0.0
0,     44177,0,        2524302989,0.0,4624
0,     44179,0,        2524315016,0.0,2889
1,     44181,12414,        2524391672,0.0,0.0
0,     44183,0,        2524464249,0.0,3870
0,     44185,0,        2524513760,0.0,5738
1,     44187,12415,        2524591676,0.0,0.0
0,     44189,0,        2524706765,0.0,3587
0,     44191,0,        2524751960,0.0,1139
1,     44193,12416,        2524791676,0.0,0.0
1,     44195,12417,        2524991676,0.0,0.0
0,     44197,0,        2525149297,0.0,2783
1,     44199,12418,        2525191680,0.0,0.0
1,     44201,12419,        2525391680,0.0,0.0
1,     44203,12420,        2525591680,0.0,0.0
1,     44205,12421,        2525791680,0.0,0.0
0,     44207,0,        2525860460,0.0,4225
0,     44209,0,        2525915572,0.0,5577
1,     44211,12422,        2525991684,0.0,0.0
0,     44213,0,        2526008340,0.0,837
1,     44215,12423,        2526191684,0.0,0.0
1,     44217,12424,        2526391684,0.0,0.0
0,     44219,0,        2526538297,0.0,3998
1,     44221,12425,        2526591688,0.0,0.0
1,     44223,12426,        2526791688,0.0,0.0
1,     44225,12427,        2526991688,0.0,0.0
1,     44227,12428,        2527191692,0.0,0.0
1,     44229,12429,        2527391692,0.0,0.0
1,     44231,12430,        2527591692,0.0,0.0
0,     44233,0,        2527733949,0.0,2408
1,     44235,12431,        2527791692,0.0,0.0
1,     44237,12432,        2527991696,0.0,0.0
1,     44239,12433,        2528191696,0.0,0.0
0,     44241,0,        2528276636,0.0,5138
0,     44242,0,        2528276833,0.0,1607
1,     44244,12434,        2528391696,0.0,0.0
0,     44246,0,        2528578752,0.0,4081
1,     44248,12435,        2528591700,0.0,0.0
0,     44250,0,        2528634108,0.0,3570
0,     44251,0,        2528634111,0.0,2676
1,     44253,12436,        2528791700,0.0,0.0
1,     44255,12437,        2528991700,0.0,0.0
1,     44257,12438,        2529191704,0.0,0.0
1,     44259,12439,        2529391704,0.0,0.0
1,     44261,12440,        2529591704,0.0,0.0
0,     44263,0,        2529606883,0.0,3966
1,     44265,12441,        2529791704,0.0,0.0
0,     44267,0,        2529810887,0.0,3520
1,     44269,12442,        2529991708,0.0,0.0
0,     44271,0,        2530016057,0.0,332
0,     44273,0,        2530128965,0.0,3950
0,     44275,0,        2530176183,0.0,2695
1,     44277,12443,        2530191708,0.0,0.0
1,     44279,12444,        2530391708,0.0,0.0
0,     44281,0,        2530489481,0.0,5937
0,     44283,0,        2530570010,0.0,2333
1,     44285,12445,        2530591712,0.0,0.0
0,     44287,0,        2530603881,0.0,2651
0,     44289,0,        2530656903,0.0,5000
1,     44291,12446,        2530791712,0.0,0.0
0,     44293,0,        2530883613,0.0,5483
1,     44295,12447,        2530991712,0.0,0.0
1,     44297,12448,        2531191716,0.0,0.0
1,     44299,12449,        2531391716,0.0,0.0
0,     44301,0,        2531586936,0.0,4417
1,     44303,12450,        2531591716,0.0,0.0
0,     44305,0,        2531638466,0.0,1178
0,     44307,0,        2531704887,0.0,3290
0,     44309,0,        2531734129,0.0,1844
1,     44311,12451,        2531791716,0.0,0.0
1,     44313,12452,        2531991720,0.0,0.0
1,     44315,12453,        2532191720,0.0,0.0
1,     44317,12454,        2532391720,0.0,0.0
1,     44319,12455,        2532591724,0.0,0.0
1,     44321,12456,        2532791724,0.0,0.0
0,     44323,0,        2532989265,0.0,4316
1,     44325,12457,        2532991724,0.0,0.0
0,     44327,0,        2533153587,0.0,3494
1,     44329,12458,        2533191724,0.0,0.0
1,     44331,12459,        2533391728,0.0,0.0
1,     44333,12460,        2533591728,0.0,0.0
1,     44335,12461,        2533791728,0.0,0.0
0,     44337,0,        2533895045,0.0,3412
1,     44339,12462,        2533991732,0.0,0.0
0,     44341,0,        2534050744,0.0,1779
1,     44343,12463,        2534191732,0.0,0.0
1,     44345,12464,        2534391732,0.0,0.0
0,     44347,0,        2534445829,0.0,1605
0,     44349,0,        2534565361,0.0,5749
0,     44350,0,        2534565505,0.0,5314
0,     44352,0,        2534574584,0.0,3406
1,     44354,12465,        2534591736,0.0,0.0
1,     44356,12466,        2534791736,0.0,0.0
1,     44358,12467,        2534991736,0.0,0.0
0,     44360,0,        2535115990,0.0,3414
0,     44362,0,        2535179829,0.0,507
1,     44364,12468,        2535191736,0.0,0.0
0,     44366,0,        2535203254,0.0,1310
1,     44368,12469,        2535391740,0.0,0.0
0,     44370,0,        2535409375,0.0,1613
0,     44372,0,        2535573412,0.0,2734
1,     44374,12470,        2535591740,0.0,0.0
0,     44376,0,        2535653698,0.0,1658
0,     44378,0,        2535722305,0.0,5208
0,     44380,0,        2535759971,0.0,3363
1,     44382,12471,        2535791740,0.0,0.0
0,     44384,0,        2535938394,0.0,650
1,     44386,12472,        2535991744,0.0,0.0
1,     44388,12473,        2536191744,0.0,0.0
0,     44390,0,        2536230146,0.0,590
0,     44392,0,        2536306769,0.0,1251
0,     44394,0,        2536317584,0.0,5935
1,     44396,12474,        2536391744,0.0,0.0
1,     44398,12475,        2536591748,0.0,0.0
1,     44400,12476,        2536791748,0.0,0.0
1,     44402,12477,        2536991748,0.0,0.0
0,     44404,0,        2537117576,0.0,3321
1,     44406,12478,        2537191748,0.0,0.0
1,     44408,12479,        2537391752,0.0,0.0
1,     44410,12480,        2537591752,0.0,0.0
0,     44412,0,        2537782417,0.0,2796
1,     44414,12481,        2537791752,0.0,0.0
1,     44416,12482,        2537991756,0.0,0.0
0,     44418,0,        2538069883,0.0,4155
0,     44420,0,        2538088395,0.0,387
0,     44422,0,        2538134595,0.0,5066
1,     44424,12483,        2538191756,0.0,0.0
1,     44426,12484,        2538391756,0.0,0.0
1,     44428,12485,        2538591760,0.0,0.0
0,     44430,0,        2538688075,0.0,3297
1,     44432,12486,        2538791760,0.0,0.0
0,     44434,0,        2538895606,0.0,3205
0,     44436,0,        2538944369,0.0,5945
1,     44438,12487,        2538991760,0.0,0.0
1,     44440,12488,        2539191760,0.0,0.0
1,     44442,12489,        2539391764,0.0,0.0
0,     44444,0,        2539508426,0.0,3291
1,     44446,12490,        2539591764,0.0,0.0
0,     44448,0,        2539759173,0.0,5398
0,     44449,0,        2539759176,0.0,3721
1,     44451,12491,        2539791764,0.0,0.0
0,     44453,0,        2539930983,0.0,5674
1,     44455,12492,        2539991768,0.0,0.0
0,     44457,0,        2540053710,0.0,839
0,     44459,0,        2540139086,0.0,3278
1,     44461,12493,        2540191768,0.0,0.0
0,     44463,0,        2540368664,0.0,873
1,     44465,12494,        2540391768,0.0,0.0
1,     44467,12495,        2540591768,0.0,0.0
0,     44469,0,        2540743352,0.0,1728
1,     44471,12496,        2540791772,0.0,0.0
0,     44473,0,        2540865264,0.0,2636
0,     44475,0,        2540911046,0.0,3285
1,     44477,12497,        2540991772,0.0,0.0
1,     44479,12498,        2541191772,0.0,0.0
0,     44481,0,        2541260770,0.0,495
1,     44483,12499,        2541391776,0.0,0.0
0,     44485,0,        2541463262,0.0,845
0,     44487,0,        2541522693,0.0,3367
1,     44489,12500,        2541591776,0.0,0.0
0,     44491,0,        2541789232,0.0,1547
1,     44493,12501,        2541791776,0.0,0.0
1,     44495,12502,        2541991780,0.0,0.0
0,     44497,0,        2542128493,0.0,1551
1,     44499,12503,        2542191780,0.0,0.0
1,     44501,12504,        2542391780,0.0,0.0
0,     44503,0,        2542407252,0.0,475
0,     44505,0,        2542522876,0.0,3341
0,     44507,0,        2542531301,0.0,5592
1,     44509,12505,        2542591780,0.0,0.0
1,     44511,12506,        2542791784,0.0,0.0
1,     44513,12507,        2542991784,0.0,0.0
0,     44515,0,        2543035958,0.0,4310
1,     44517,12508,        2543191784,0.0,0.0
0,     44519,0,        2543351696,0.0,4520
1,     44521,12509,        2543391788,0.0,0.0
0,     44523,0,        2543409052,0.0,6210
0,     44525,0,        2543422345,0.0,2369
0,     44527,0,        2543454989,0.0,3272
0,     44529,0,        2543461201,0.0,1590
0,     44531,0,        2543497719,0.0,5448
1,     44533,12510,        2543591788,0.0,0.0
1,     44535,12511,        2543791788,0.0,0.0
0,     44537,0,        2543968030,0.0,5153
1,     44539,12512,        2543991792,0.0,0.0
1,     44541,12513,        2544191792,0.0,0.0
0,     44543,0,        2544298595,0.0,6035
1,     44545,12514,        2544391792,0.0,0.0
1,     44547,12515,        2544591792,0.0,0.0
0,     44549,0,        2544658433,0.0,1675
1,     44551,12516,        2544791796,0.0,0.0
0,     44553,0,        2544802017,0.0,5413
1,     44555,12517,        2544991796,0.0,0.0
0,     44557,0,        2545021679,0.0,1804
0,     44559,0,        2545034675,0.0,4741
0,     44561,0,        2545048123,0.0,4787
1,     44563,12518,        2545191796,0.0,0.0
0,     44565,0,        2545229589,0.0,4934
0,     44567,0,        2545247466,0.0,2984
1,     44569,12519,        2545391800,0.0,0.0
0,     44571,0,        2545524110,0.0,4425
1,     44573,12520,        2545591800,0.0,0.0
0,     44575,0,        2545624068,0.0,3151
1,     44577,12521,        2545791800,0.0,0.0
0,     44579,0,        2545865303,0.0,4184
1,     44581,12522,        2545991804,0.0,0.0
1,     44583,12523,        2546191804,0.0,0.0
0,     44585,0,        2546384242,0.0,2565
1,     44587,12524,        2546391804,0.0,0.0
0,     44589,0,        2546450081,0.0,2881
0,     44591,0,        2546494742,0.0,2945
0,     44593,0,        2546502531,0.0,6100
0,     44595,0,        2546576712,0.0,1029
1,     44597,12525,        2546591804,0.0,0.0
0,     44599,0,        2546594493,0.0,3866
0,     44601,0,        2546595418,0.0,4554
1,     44603,12526,        2546791808,0.0,0.0
0,     44605,0,        2546892417,0.0,4150
1,     44607,12527,        2546991808,0.0,0.0
1,     44609,12528,        2547191808,0.0,0.0
0,     44611,0,        2547366266,0.0,3046
1,     44613,12529,        2547391812,0.0,0.0
0,     44615,0,        2547585876,0.0,4926
0,     44616,0,        2547585910,0.0,3119
1,     44618,12530,        2547591812,0.0,0.0
0,     44620,0,        2547701887,0.0,1751
0,     44622,0,        2547732127,0.0,4863
1,     44624,12531,        2547791812,0.0,0.0
1,     44626,12532,        2547991816,0.0,0.0
1,     44628,12533,        2548191816,0.0,0.0
1,     44630,12534,        2548391816,0.0,0.0
1,     44632,12535,        2548591816,0.0,0.0
1,     44634,12536,        2548791820,0.0,0.0
0,     44636,0,        2548959395,0.0,1593
1,     44638,12537,        2548991820,0.0,0.0
1,     44640,12538,        2549191820,0.0,0.0
0,     44642,0,        2549314960,0.0,3365
1,     44644,12539,        2549391824,0.0,0.0
1,     44646,12540,        2549591824,0.0,0.0
0,     44648,0,        2549674490,0.0,3295
1,     44650,12541,        2549791824,0.0,0.0
0,     44652,0,        2549865769,0.0,1441
1,     44654,12542,        2549991824,0.0,0.0
0,     44656,0,        2549996346,0.0,3640
1,     44658,12543,        2550191828,0.0,0.0
0,     44660,0,        2550203614,0.0,4842
0,     44662,0,        2550382781,0.0,237
1,     44664,12544,        2550391828,0.0,0.0
0,     44666,0,        2550545823,0.0,7
1,     44668,12545,        2550591828,0.0,0.0
0,     44670,0,        2550685509,0.0,3842
1,     44672,12546,        2550791832,0.0,0.0
1,     44674,12547,        2550991832,0.0,0.0
1,     44676,12548,        2551191832,0.0,0.0
0,     44678,0,        2551301297,0.0,2424
0,     44680,0,        2551309049,0.0,5858
1,     44682,12549,        2551391836,0.0,0.0
0,     44684,0,        2551411855,0.0,99
1,     44686,12550,        2551591836,0.0,0.0
1,     44688,12551,        2551791836,0.0,0.0
1,     44690,12552,        2551991836,0.0,0.0
0,     44692,0,        2552083858,0.0,2464
1,     44694,12553,        2552191840,0.0,0.0
1,     44696,12554,        2552391840,0.0,0.0
1,     44698,12555,        2552591840,0.0,0.0
0,     44700,0,        2552661861,0.0,4986
1,     44702,12556,        2552791844,0.0,0.0
1,     44704,12557,        2552991844,0.0,0.0
1,     44706,12558,        2553191844,0.0,0.0
1,     44708,12559,        2553391848,0.0,0.0
1,     44710,12560,        2553591848,0.0,0.0
1,     44712,12561,        2553791848,0.0,0.0
1,     44714,12562,        2553991848,0.0,0.0
0,     44716,0,        2554056461,0.0,6202
0,     44718,0,        2554166701,0.0,745
0,     44720,0,        2554170923,0.0,4568
1,     44722,12563,        2554191852,0.0,0.0
0,     44724,0,        2554227835,0.0,3372
1,     44726,12564,        2554391852,0.0,0.0
1,     44728,12565,        2554591852,0.0,0.0
0,     44730,0,        2554790839,0.0,3276
1,     44732,12566,        2554791856,0.0,0.0
1,     44734,12567,        2554991856,0.0,0.0
0,     44736,0,        2555018579,0.0,2664
1,     44738,12568,        2555191856,0.0,0.0
1,     44740,12569,        2555391860,0.0,0.0
1,     44742,12570,        2555591860,0.0,0.0
1,     44744,12571,        2555791860,0.0,0.0
0,     44746,0,        2555851979,0.0,3590
0,     44748,0,        2555870221,0.0,1707
1,     44750,12572,        2555991860,0.0,0.0
1,     44752,12573,        2556191864,0.0,0.0
1,     44754,12574,        2556391864,0.0,0.0
0,     44756,0,        2556443674,0.0,1963
1,     44758,12575,        2556591864,0.0,0.0
1,     44760,12576,        2556791868,0.0,0.0
1,     44762,12577,        2556991868,0.0,0.0
1,     44764,12578,        2557191868,0.0,0.0
0,     44766,0,        2557276494,0.0,5130
0,     44767,0,        2557276761,0.0,293
1,     44769,12579,        2557391872,0.0,0.0
1,     44771,12580,        2557591872,0.0,0.0
0,     44773,0,        2557730241,0.0,5565
1,     44775,12581,        2557791872,0.0,0.0
1,     44777,12582,        2557991872,0.0,0.0
1,     44779,12583,        2558191876,0.0,0.0
1,     44781,12584,        2558391876,0.0,0.0
1,     44783,12585,        2558591876,0.0,0.0
0,     44785,0,        2558689198,0.0,1110
0,     44787,0,        2558734967,0.0,3285
1,     44789,12586,        2558791880,0.0,0.0
1,     44791,12587,        2558991880,0.0,0.0
0,     44793,0,        2559005622,0.0,662
0,     44795,0,        2559006034,0.0,5308
0,     44797,0,        2559046361,0.0,2284
1,     44799,12588,        2559191880,0.0,0.0
0,     44801,0,        2559318743,0.0,1189
1,     44803,12589,        2559391880,0.0,0.0
1,     44805,12590,        2559591884,0.0,0.0
1,     44807,12591,        2559791884,0.0,0.0
1,     44809,12592,        2559991884,0.0,0.0
0,     44811,0,        2560104518,0.0,3305
1,     44813,12593,        2560191888,0.0,0.0
0,     44815,0,        2560226124,0.0,759
0,     44817,0,        2560270402,0.0,5499
1,     44819,12594,        2560391888,0.0,0.0
0,     44821,0,        2560488468,0.0,5848
1,     44823,12595,        2560591888,0.0,0.0
0,     44825,0,        2560746059,0.0,1842
1,     44827,12596,        2560791892,0.0,0.0
1,     44829,12597,        2560991892,0.0,0.0
0,     44831,0,        2561045612,0.0,3290
1,     44833,12598,        2561191892,0.0,0.0
1,     44835,12599,        2561391892,0.0,0.0
0,     44837,0,        2561589583,0.0,119
1,     44839,12600,        2561591896,0.0,0.0
0,     44841,0,        2561640489,0.0,5117
1,     44843,12601,        2561791896,0.0,0.0
0,     44845,0,        2561882628,0.0,3909
0,     44847,0,        2561886234,0.0,5173
1,     44849,12602,        2561991896,0.0,0.0
1,     44851,12603,        2562191900,0.0,0.0
0,     44853,0,        2562195391,0.0,992
1,     44855,12604,        2562391900,0.0,0.0
1,     44857,12605,        2562591900,0.0,0.0
0,     44859,0,        2562660273,0.0,2050
1,     44861,12606,        2562791904,0.0,0.0
0,     44863,0,        2562804139,0.0,3496
1,     44865,12607,        2562991904,0.0,0.0
1,     44867,12608,        2563191904,0.0,0.0
1,     44869,12609,        2563391904,0.0,0.0
0,     44871,0,        2563512928,0.0,1052
0,     44873,0,        2563569953,0.0,454
1,     44875,12610,        2563591908,0.0,0.0
0,     44877,0,        2563609906,0.0,3870
1,     44879,12611,        2563791908,0.0,0.0
0,     44881,0,        2563929616,0.0,6202
1,     44883,12612,        2563991908,0.0,0.0
1,     44885,12613,        2564191912,0.0,0.0
0,     44887,0,        2564288166,0.0,2207
1,     44889,12614,        2564391912,0.0,0.0
0,     44891,0,        2564402641,0.0,5027
1,     44893,12615,        2564591912,0.0,0.0
1,     44895,12616,        2564791916,0.0,0.0
0,     44897,0,        2564799519,0.0,4744
0,     44899,0,        2564858563,0.0,1607
0,     44900,0,        2564858577,0.0,4358
0,     44902,0,        2564921241,0.0,2399
1,     44904,12617,        2564991916,0.0,0.0
0,     44906,0,        2565181141,0.0,4664
1,     44908,12618,        2565191916,0.0,0.0
0,     44910,0,        2565368293,0.0,4768
0,     44911,0,        2565368298,0.0,3618
0,     44913,0,        2565384506,0.0,5079
1,     44915,12619,        2565391916,0.0,0.0
0,     44917,0,        2565477330,0.0,3439
1,     44919,12620,        2565591920,0.0,0.0
0,     44921,0,        2565716930,0.0,3433
1,     44923,12621,        2565791920,0.0,0.0
1,     44925,12622,        2565991920,0.0,0.0
0,     44927,0,        2566091774,0.0,1283
0,     44929,0,        2566111030,0.0,5769
0,     44930,0,        2566111036,0.0,5164
0,     44932,0,        2566168879,0.0,744
1,     44934,12623,        2566191924,0.0,0.0
0,     44936,0,        2566339384,0.0,2217
1,     44938,12624,        2566391924,0.0,0.0
0,     44940,0,        2566537546,0.0,1785
1,     44942,12625,        2566591924,0.0,0.0
1,     44944,12626,        2566791928,0.0,0.0
1,     44946,12627,        2566991928,0.0,0.0
1,     44948,12628,        2567191928,0.0,0.0
0,     44950,0,        2567230296,0.0,2130
0,     44952,0,        2567235697,0.0,765
0,     44954,0,        2567369474,0.0,2540
1,     44956,12629,        2567391928,0.0,0.0
1,     44958,12630,        2567591932,0.0,0.0
1,     44960,12631,        2567791932,0.0,0.0
0,     44962,0,        2567880569,0.0,3992
0,     44964,0,        2567948017,0.0,4049
1,     44966,12632,        2567991932,0.0,0.0
1,     44968,12633,        2568191936,0.0,0.0
1,     44970,12634,        2568391936,0.0,0.0
1,     44972,12635,        2568591936,0.0,0.0
1,     44974,12636,        2568791936,0.0,0.0
1,     44976,12637,        2568991940,0.0,0.0
1,     44978,12638,        2569191940,0.0,0.0
1,     44980,12639,        2569391940,0.0,0.0
1,     44982,12640,        2569591944,0.0,0.0
1,     44984,12641,        2569791944,0.0,0.0
1,     44986,12642,        2569991944,0.0,0.0
1,     44988,12643,        2570191948,0.0,0.0
1,     44990,12644,        2570391948,0.0,0.0
1,     44992,12645,        2570591948,0.0,0.0
0,     44994,0,        2570624007,0.0,5317
1,     44996,12646,        2570791948,0.0,0.0
0,     44998,0,        2570833428,0.0,5876
0,     45000,0,        2570952082,0.0,1476
0,     45002,0,        2570960494,0.0,5201
1,     45004,12647,        2570991952,0.0,0.0
1,     45006,12648,        2571191952,0.0,0.0
1,     45008,12649,        2571391952,0.0,0.0
0,     45010,0,        2571489734,0.0,1806
0,     45012,0,        2571562518,0.0,1107
1,     45014,12650,        2571591956,0.0,0.0
0,     45016,0,        2571767154,0.0,2568
1,     45018,12651,        2571791956,0.0,0.0
1,     45020,12652,        2571991956,0.0,0.0
0,     45022,0,        2572101936,0.0,1763
1,     45024,12653,        2572191960,0.0,0.0
1,     45026,12654,        2572391960,0.0,0.0
1,     45028,12655,        2572591960,0.0,0.0
0,     45030,0,        2572706043,0.0,3071
1,     45032,12656,        2572791960,0.0,0.0
1,     45034,12657,        2572991964,0.0,0.0
1,     45036,12658,        2573191964,0.0,0.0
1,     45038,12659,        2573391964,0.0,0.0
0,     45040,0,        2573520177,0.0,992
0,     45041,0,        2573520304,0.0,2868
1,     45043,12660,        2573591968,0.0,0.0
0,     45045,0,        2573736856,0.0,4006
1,     45047,12661,        2573791968,0.0,0.0
0,     45049,0,        2573890931,0.0,3758
1,     45051,12662,        2573991968,0.0,0.0
1,     45053,12663,        2574191968,0.0,0.0
1,     45055,12664,        2574391972,0.0,0.0
0,     45057,0,        2574394822,0.0,1807
1,     45059,12665,        2574591972,0.0,0.0
1,     45061,12666,        2574791972,0.0,0.0
0,     45063,0,        2574835859,0.0,5787
1,     45065,12667,        2574991976,0.0,0.0
1,     45067,12668,        2575191976,0.0,0.0
0,     45069,0,        2575235097,0.0,3509
0,     45071,0,        2575347239,0.0,2741
1,     45073,12669,        2575391976,0.0,0.0
0,     45075,0,        2575507123,0.0,4069
1,     45077,12670,        2575591980,0.0,0.0
0,     45079,0,        2575616216,0.0,3148
1,     45081,12671,        2575791980,0.0,0.0
1,     45083,12672,        2575991980,0.0,0.0
0,     45085,0,        2576115845,0.0,4966
1,     45087,12673,        2576191984,0.0,0.0
1,     45089,12674,        2576391984,0.0,0.0
0,     45091,0,        2576581643,0.0,2294
1,     45093,12675,        2576591984,0.0,0.0
1,     45095,12676,        2576791984,0.0,0.0
1,     45097,12677,        2576991988,0.0,0.0
1,     45099,12678,        2577191988,0.0,0.0
0,     45101,0,        2577261233,0.0,3416
1,     45103,12679,        2577391988,0.0,0.0
0,     45105,0,        2577574004,0.0,3401
1,     45107,12680,        2577591992,0.0,0.0
0,     45109,0,        2577597847,0.0,5165
1,     45111,12681,        2577791992,0.0,0.0
1,     45113,12682,        2577991992,0.0,0.0
0,     45115,0,        2578026230,0.0,1389
0,     45117,0,        2578035600,0.0,1267
1,     45119,12683,        2578191992,0.0,0.0
1,     45121,12684,        2578391996,0.0,0.0
1,     45123,12685,        2578591996,0.0,0.0
1,     45125,12686,        2578791996,0.0,0.0
0,     45127,0,        2578875307,0.0,3277
1,     45129,12687,        2578992000,0.0,0.0
0,     45131,0,        2579187588,0.0,3716
1,     45133,12688,        2579192000,0.0,0.0
0,     45135,0,        2579285858,0.0,5419
1,     45137,12689,        2579392000,0.0,0.0
1,     45139,12690,        2579592004,0.0,0.0
0,     45141,0,        2579640094,0.0,1980
0,     45143,0,        2579703490,0.0,226
1,     45145,12691,        2579792004,0.0,0.0
1,     45147,12692,        2579992004,0.0,0.0
0,     45149,0,        2580011622,0.0,2724
0,     45151,0,        2580151969,0.0,6232
1,     45153,12693,        2580192004,0.0,0.0
0,     45155,0,        2580386960,0.0,793
1,     45157,12694,        2580392008,0.0,0.0
1,     45159,12695,        2580592008,0.0,0.0
1,     45161,12696,        2580792008,0.0,0.0
1,     45163,12697,        2580992012,0.0,0.0
0,     45165,0,        2581033522,0.0,4657
0,     45167,0,        2581089097,0.0,2851
1,     45169,12698,        2581192012,0.0,0.0
1,     45171,12699,        2581392012,0.0,0.0
0,     45173,0,        2581444129,0.0,6193
1,     45175,12700,        2581592016,0.0,0.0
0,     45177,0,        2581703583,0.0,4538
0,     45179,0,        2581763600,0.0,4527
0,     45181,0,        2581783999,0.0,490
1,     45183,12701,        2581792016,0.0,0.0
0,     45185,0,        2581819473,0.0,949
1,     45187,12702,        2581992016,0.0,0.0
0,     45189,0,        2582050928,0.0,2190
1,     45191,12703,        2582192016,0.0,0.0
0,     45193,0,        2582272423,0.0,5635
1,     45195,12704,        2582392020,0.0,0.0
0,     45197,0,        2582531621,0.0,1804
1,     45199,12705,        2582592020,0.0,0.0
0,     45201,0,        2582631491,0.0,512
1,     45203,12706,        2582792020,0.0,0.0
0,     45205,0,        2582935324,0.0,2580
1,     45207,12707,        2582992024,0.0,0.0
1,     45209,12708,        2583192024,0.0,0.0
1,     45211,12709,        2583392024,0.0,0.0
0,     45213,0,        2583501856,0.0,1953
1,     45215,12710,        2583592024,0.0,0.0
1,     45217,12711,        2583792028,0.0,0.0
1,     45219,12712,        2583992028,0.0,0.0
0,     45221,0,        2584155813,0.0,1142
1,     45223,12713,        2584192028,0.0,0.0
1,     45225,12714,        2584392032,0.0,0.0
0,     45227,0,        2584426333,0.0,670
1,     45229,12715,        2584592032,0.0,0.0
1,     45231,12716,        2584792032,0.0,0.0
1,     45233,12717,        2584992036,0.0,0.0
1,     45235,12718,        2585192036,0.0,0.0
1,     45237,12719,        2585392036,0.0,0.0
0,     45239,0,        2585528925,0.0,4293
1,     45241,12720,        2585592036,0.0,0.0
0,     45243,0,        2585736732,0.0,2250
1,     45245,12721,        2585792040,0.0,0.0
0,     45247,0,        2585801245,0.0,2704
0,     45249,0,        2585868976,0.0,3609
1,     45251,12722,        2585992040,0.0,0.0
0,     45253,0,        2586141148,0.0,1225
1,     45255,12723,        2586192040,0.0,0.0
0,     45257,0,        2586371822,0.0,4415
1,     45259,12724,        2586392044,0.0,0.0
0,     45261,0,        2586456035,0.0,2726
1,     45263,12725,        2586592044,0.0,0.0
0,     45265,0,        2586694412,0.0,2621
1,     45267,12726,        2586792044,0.0,0.0
1,     45269,12727,        2586992048,0.0,0.0
0,     45271,0,        2587000458,0.0,4315
0,     45272,0,        2587000592,0.0,1654
1,     45274,12728,        2587192048,0.0,0.0
1,     45276,12729,        2587392048,0.0,0.0
0,     45278,0,        2587403022,0.0,1090
1,     45280,12730,        2587592048,0.0,0.0
1,     45282,12731,        2587792052,0.0,0.0
0,     45284,0,        2587808060,0.0,2444
1,     45286,12732,        2587992052,0.0,0.0
0,     45288,0,        2588070874,0.0,2218
0,     45290,0,        2588070971,0.0,3114
1,     45292,12733,        2588192052,0.0,0.0
1,     45294,12734,        2588392056,0.0,0.0
1,     45296,12735,        2588592056,0.0,0.0
1,     45298,12736,        2588792056,0.0,0.0
0,     45300,0,        2588922304,0.0,648
1,     45302,12737,        2588992060,0.0,0.0
0,     45304,0,        2589090254,0.0,542
1,     45306,12738,        2589192060,0.0,0.0
1,     45308,12739,        2589392060,0.0,0.0
1,     45310,12740,        2589592060,0.0,0.0
1,     45312,12741,        2589792064,0.0,0.0
0,     45314,0,        2589849207,0.0,4719
1,     45316,12742,        2589992064,0.0,0.0
0,     45318,0,        2590164567,0.0,980
1,     45320,12743,        2590192064,0.0,0.0
0,     45322,0,        2590355686,0.0,1181
0,     45324,0,        2590371615,0.0,2886
0,     45326,0,        2590383851,0.0,5140
1,     45328,12744,        2590392068,0.0,0.0
1,     45330,12745,        2590592068,0.0,0.0
0,     45332,0,        2590651216,0.0,5092
1,     45334,12746,        2590792068,0.0,0.0
1,     45336,12747,        2590992072,0.0,0.0
1,     45338,12748,        2591192072,0.0,0.0
1,     45340,12749,        2591392072,0.0,0.0
0,     45342,0,        2591520541,0.0,5534
1,     45344,12750,        2591592072,0.0,0.0
0,     45346,0,        2591593391,0.0,3346
1,     45348,12751,        2591792076,0.0,0.0
0,     45350,0,        2591981799,0.0,1662
1,     45352,12752,        2591992076,0.0,0.0
1,     45354,12753,        2592192076,0.0,0.0
0,     45356,0,        2592315927,0.0,450
0,     45358,0,        2592350883,0.0,3332
1,     45360,12754,        2592392080,0.0,0.0
1,     45362,12755,        2592592080,0.0,0.0
1,     45364,12756,        2592792080,0.0,0.0
1,     45366,12757,        2592992080,0.0,0.0
1,     45368,12758,        2593192084,0.0,0.0
1,     45370,12759,        2593392084,0.0,0.0
1,     45372,12760,        2593592084,0.0,0.0
0,     45374,0,        2593592711,0.0,3487
0,     45376,0,        2593662178,0.0,5744
0,     45377,0,        2593662864,0.0,3826
1,     45379,12761,        2593792088,0.0,0.0
0,     45381,0,        2593855810,0.0,3822
1,     45383,12762,        2593992088,0.0,0.0
0,     45385,0,        2593997093,0.0,1447
1,     45387,12763,        2594192088,0.0,0.0
1,     45389,12764,        2594392092,0.0,0.0
0,     45391,0,        2594555325,0.0,5438
1,     45393,12765,        2594592092,0.0,0.0
0,     45395,0,        2594790566,0.0,1205
1,     45397,12766,        2594792092,0.0,0.0
1,     45399,12767,        2594992092,0.0,0.0
0,     45401,0,        2595177711,0.0,5597
1,     45403,12768,        2595192096,0.0,0.0
0,     45405,0,        2595212960,0.0,5765
1,     45407,12769,        2595392096,0.0,0.0
0,     45409,0,        2595558161,0.0,4880
1,     45411,12770,        2595592096,0.0,0.0
1,     45413,12771,        2595792100,0.0,0.0
0,     45415,0,        2595896102,0.0,1108
1,     45417,12772,        2595992100,0.0,0.0
0,     45419,0,        2596042699,0.0,3004
0,     45421,0,        2596134042,0.0,1923
1,     45423,12773,        2596192100,0.0,0.0
1,     45425,12774,        2596392104,0.0,0.0
0,     45427,0,        2596449601,0.0,3717
1,     45429,12775,        2596592104,0.0,0.0
1,     45431,12776,        2596792104,0.0,0.0
1,     45433,12777,        2596992104,0.0,0.0
1,     45435,12778,        2597192108,0.0,0.0
1,     45437,12779,        2597392108,0.0,0.0
1,     45439,12780,        2597592108,0.0,0.0
0,     45441,0,        2597645182,0.0,3651
1,     45443,12781,        2597792112,0.0,0.0
0,     45445,0,        2597890876,0.0,2500
1,     45447,12782,        2597992112,0.0,0.0
1,     45449,12783,        2598192112,0.0,0.0
1,     45451,12784,        2598392116,0.0,0.0
0,     45453,0,        2598421107,0.0,453
0,     45455,0,        2598531633,0.0,2654
1,     45457,12785,        2598592116,0.0,0.0
1,     45459,12786,        2598792116,0.0,0.0
0,     45461,0,        2598915877,0.0,3509
1,     45463,12787,        2598992116,0.0,0.0
1,     45465,12788,        2599192120,0.0,0.0
0,     45467,0,        2599246629,0.0,5217
0,     45469,0,        2599344691,0.0,2038
1,     45471,12789,        2599392120,0.0,0.0
1,     45473,12790,        2599592120,0.0,0.0
1,     45475,12791,        2599792124,0.0,0.0
1,     45477,12792,        2599992124,0.0,0.0
1,     45479,12793,        2600192124,0.0,0.0
0,     45481,0,        2600236461,0.0,6193
1,     45483,12794,        2600392128,0.0,0.0
0,     45485,0,        2600482131,0.0,494
1,     45487,12795,        2600592128,0.0,0.0
1,     45489,12796,        2600792128,0.0,0.0
0,     45491,0,        2600847744,0.0,3496
1,     45493,12797,        2600992128,0.0,0.0
1,     45495,12798,        2601192132,0.0,0.0
1,     45497,12799,        2601392132,0.0,0.0
0,     45499,0,        2601416579,0.0,3621
1,     45501,12800,        2601592132,0.0,0.0
0,     45503,0,        2601713909,0.0,2082
0,     45505,0,        2601747208,0.0,3169
1,     45507,12801,        2601792136,0.0,0.0
1,     45509,12802,        2601992136,0.0,0.0
1,     45511,12803,        2602192136,0.0,0.0
0,     45513,0,        2602203241,0.0,3798
1,     45515,12804,        2602392136,0.0,0.0
0,     45517,0,        2602482152,0.0,4231
1,     45519,12805,        2602592140,0.0,0.0
1,     45521,12806,        2602792140,0.0,0.0
0,     45523,0,        2602825974,0.0,1438
1,     45525,12807,        2602992140,0.0,0.0
0,     45527,0,        2603003628,0.0,4470
1,     45529,12808,        2603192144,0.0,0.0
1,     45531,12809,        2603392144,0.0,0.0
1,     45533,12810,        2603592144,0.0,0.0
1,     45535,12811,        2603792148,0.0,0.0
0,     45537,0,        2603896595,0.0,1692
1,     45539,12812,        2603992148,0.0,0.0
0,     45541,0,        2604084309,0.0,1715
1,     45543,12813,        2604192148,0.0,0.0
1,     45545,12814,        2604392148,0.0,0.0
0,     45547,0,        2604400914,0.0,1296
0,     45548,0,        2604401466,0.0,2049
1,     45550,12815,        2604592152,0.0,0.0
1,     45552,12816,        2604792152,0.0,0.0
0,     45554,0,        2604843722,0.0,381
0,     45556,0,        2604880277,0.0,3472
1,     45558,12817,        2604992152,0.0,0.0
1,     45560,12818,        2605192156,0.0,0.0
1,     45562,12819,        2605392156,0.0,0.0
0,     45564,0,        2605475644,0.0,4124
1,     45566,12820,        2605592156,0.0,0.0
1,     45568,12821,        2605792160,0.0,0.0
0,     45570,0,        2605953155,0.0,6045
1,     45572,12822,        2605992160,0.0,0.0
1,     45574,12823,        2606192160,0.0,0.0
1,     45576,12824,        2606392160,0.0,0.0
0,     45578,0,        2606488080,0.0,1618
1,     45580,12825,        2606592164,0.0,0.0
0,     45582,0,        2606639155,0.0,2948
1,     45584,12826,        2606792164,0.0,0.0
1,     45586,12827,        2606992164,0.0,0.0
1,     45588,12828,        2607192168,0.0,0.0
1,     45590,12829,        2607392168,0.0,0.0
1,     45592,12830,        2607592168,0.0,0.0
1,     45594,12831,        2607792172,0.0,0.0
0,     45596,0,        2607975163,0.0,1785
1,     45598,12832,        2607992172,0.0,0.0
1,     45600,12833,        2608192172,0.0,0.0
0,     45602,0,        2608365224,0.0,3286
1,     45604,12834,        2608392172,0.0,0.0
0,     45606,0,        2608582751,0.0,1014
1,     45608,12835,        2608592176,0.0,0.0
1,     45610,12836,        2608792176,0.0,0.0
0,     45612,0,        2608904964,0.0,242
1,     45614,12837,        2608992176,0.0,0.0
0,     45616,0,        2609007854,0.0,531
0,     45618,0,        2609028745,0.0,1495
1,     45620,12838,        2609192180,0.0,0.0
0,     45622,0,        2609328941,0.0,3412
1,     45624,12839,        2609392180,0.0,0.0
0,     45626,0,        2609418297,0.0,3516
0,     45628,0,        2609497486,0.0,6199
0,     45630,0,        2609539384,0.0,5232
1,     45632,12840,        2609592180,0.0,0.0
1,     45634,12841,        2609792184,0.0,0.0
0,     45636,0,        2609964980,0.0,3968
1,     45638,12842,        2609992184,0.0,0.0
0,     45640,0,        2610059239,0.0,1748
0,     45642,0,        2610186967,0.0,2741
1,     45644,12843,        2610192184,0.0,0.0
1,     45646,12844,        2610392184,0.0,0.0
1,     45648,12845,        2610592188,0.0,0.0
0,     45650,0,        2610616895,0.0,5290
0,     45652,0,        2610770257,0.0,2436
1,     45654,12846,        2610792188,0.0,0.0
0,     45656,0,        2610925001,0.0,1471
1,     45658,12847,        2610992188,0.0,0.0
1,     45660,12848,        2611192192,0.0,0.0
0,     45662,0,        2611317545,0.0,4694
1,     45664,12849,        2611392192,0.0,0.0
1,     45666,12850,        2611592192,0.0,0.0
1,     45668,12851,        2611792192,0.0,0.0
1,     45670,12852,        2611992196,0.0,0.0
0,     45672,0,        2612031277,0.0,501
1,     45674,12853,        2612192196,0.0,0.0
0,     45676,0,        2612360264,0.0,4392
1,     45678,12854,        2612392196,0.0,0.0
1,     45680,12855,        2612592200,0.0,0.0
0,     45682,0,        2612676774,0.0,3259
0,     45684,0,        2612744933,0.0,3356
1,     45686,12856,        2612792200,0.0,0.0
0,     45688,0,        2612797806,0.0,3334
0,     45690,0,        2612817144,0.0,4226
1,     45692,12857,        2612992200,0.0,0.0
1,     45694,12858,        2613192204,0.0,0.0
0,     45696,0,        2613319465,0.0,6005
1,     45698,12859,        2613392204,0.0,0.0
0,     45700,0,        2613426115,0.0,196
0,     45702,0,        2613464882,0.0,2209
1,     45704,12860,        2613592204,0.0,0.0
1,     45706,12861,        2613792204,0.0,0.0
0,     45708,0,        2613955757,0.0,5863
1,     45710,12862,        2613992208,0.0,0.0
1,     45712,12863,        2614192208,0.0,0.0
1,     45714,12864,        2614392208,0.0,0.0
1,     45716,12865,        2614592212,0.0,0.0
0,     45718,0,        2614699727,0.0,326
0,     45720,0,        2614771091,0.0,3645
1,     45722,12866,        2614792212,0.0,0.0
0,     45724,0,        2614886716,0.0,3516
1,     45726,12867,        2614992212,0.0,0.0
0,     45728,0,        2615043652,0.0,3802
0,     45730,0,        2615103962,0.0,2690
1,     45732,12868,        2615192216,0.0,0.0
0,     45734,0,        2615276478,0.0,3681
0,     45736,0,        2615298215,0.0,4221
1,     45738,12869,        2615392216,0.0,0.0
0,     45740,0,        2615517733,0.0,3280
0,     45742,0,        2615538591,0.0,4311
1,     45744,12870,        2615592216,0.0,0.0
0,     45746,0,        2615698487,0.0,3099
0,     45748,0,        2615791594,0.0,5931
1,     45750,12871,        2615792216,0.0,0.0
0,     45752,0,        2615851317,0.0,3277
1,     45754,12872,        2615992220,0.0,0.0
1,     45756,12873,        2616192220,0.0,0.0
1,     45758,12874,        2616392220,0.0,0.0
1,     45760,12875,        2616592224,0.0,0.0
1,     45762,12876,        2616792224,0.0,0.0
0,     45764,0,        2616815856,0.0,1911
0,     45766,0,        2616969359,0.0,5686
1,     45768,12877,        2616992224,0.0,0.0
1,     45770,12878,        2617192228,0.0,0.0
0,     45772,0,        2617293856,0.0,5650
1,     45774,12879,        2617392228,0.0,0.0
0,     45776,0,        2617460825,0.0,3272
1,     45778,12880,        2617592228,0.0,0.0
0,     45780,0,        2617690070,0.0,2466
0,     45782,0,        2617690213,0.0,5492
1,     45784,12881,        2617792228,0.0,0.0
1,     45786,12882,        2617992232,0.0,0.0
0,     45788,0,        2618174684,0.0,3874
1,     45790,12883,        2618192232,0.0,0.0
1,     45792,12884,        2618392232,0.0,0.0
0,     45794,0,        2618561010,0.0,3271
0,     45796,0,        2618590393,0.0,2740
1,     45798,12885,        2618592236,0.0,0.0
1,     45800,12886,        2618792236,0.0,0.0
1,     45802,12887,        2618992236,0.0,0.0
0,     45804,0,        2619130229,0.0,4094
1,     45806,12888,        2619192236,0.0,0.0
1,     45808,12889,        2619392240,0.0,0.0
1,     45810,12890,        2619592240,0.0,0.0
1,     45812,12891,        2619792240,0.0,0.0
0,     45814,0,        2619868248,0.0,2343
1,     45816,12892,        2619992244,0.0,0.0
1,     45818,12893,        2620192244,0.0,0.0
0,     45820,0,        2620263808,0.0,123
0,     45822,0,        2620385923,0.0,5639
1,     45824,12894,        2620392244,0.0,0.0
0,     45826,0,        2620449670,0.0,306
0,     45828,0,        2620450595,0.0,4424
0,     45830,0,        2620457885,0.0,981
1,     45832,12895,        2620592248,0.0,0.0
1,     45834,12896,        2620792248,0.0,0.0
1,     45836,12897,        2620992248,0.0,0.0
1,     45838,12898,        2621192248,0.0,0.0
0,     45840,0,        2621236467,0.0,771
0,     45842,0,        2621338380,0.0,3246
1,     45844,12899,        2621392252,0.0,0.0
0,     45846,0,        2621544462,0.0,3525
1,     45848,12900,        2621592252,0.0,0.0
0,     45850,0,        2621648763,0.0,3291
1,     45852,12901,        2621792252,0.0,0.0
1,     45854,12902,        2621992256,0.0,0.0
0,     45856,0,        2622010263,0.0,3906
1,     45858,12903,        2622192256,0.0,0.0
0,     45860,0,        2622382024,0.0,839
1,     45862,12904,        2622392256,0.0,0.0
0,     45864,0,        2622543956,0.0,1729
1,     45866,12905,        2622592260,0.0,0.0
1,     45868,12906,        2622792260,0.0,0.0
0,     45870,0,        2622945859,0.0,2253
0,     45872,0,        2622953404,0.0,2501
1,     45874,12907,        2622992260,0.0,0.0
0,     45876,0,        2623144502,0.0,539
1,     45878,12908,        2623192260,0.0,0.0
1,     45880,12909,        2623392264,0.0,0.0
0,     45882,0,        2623429373,0.0,3050
0,     45884,0,        2623496148,0.0,2259
1,     45886,12910,        2623592264,0.0,0.0
0,     45888,0,        2623638426,0.0,2110
0,     45890,0,        2623768046,0.0,3721
1,     45892,12911,        2623792264,0.0,0.0
1,     45894,12912,        2623992268,0.0,0.0
1,     45896,12913,        2624192268,0.0,0.0
0,     45898,0,        2624238057,0.0,5411
1,     45900,12914,        2624392268,0.0,0.0
0,     45902,0,        2624438822,0.0,4019
1,     45904,12915,        2624592272,0.0,0.0
1,     45906,12916,        2624792272,0.0,0.0
0,     45908,0,        2624932351,0.0,2421
1,     45910,12917,        2624992272,0.0,0.0
1,     45912,12918,        2625192272,0.0,0.0
0,     45914,0,        2625207901,0.0,616
0,     45916,0,        2625339729,0.0,3007
1,     45918,12919,        2625392276,0.0,0.0
1,     45920,12920,        2625592276,0.0,0.0
1,     45922,12921,        2625792276,0.0,0.0
0,     45924,0,        2625847979,0.0,3764
1,     45926,12922,        2625992280,0.0,0.0
0,     45928,0,        2625996671,0.0,2173
1,     45930,12923,        2626192280,0.0,0.0
1,     45932,12924,        2626392280,0.0,0.0
0,     45934,0,        2626503047,0.0,3084
1,     45936,12925,        2626592284,0.0,0.0
1,     45938,12926,        2626792284,0.0,0.0
1,     45940,12927,        2626992284,0.0,0.0
0,     45942,0,        2627103576,0.0,5776
0,     45944,0,        2627130034,0.0,1299
1,     45946,12928,        2627192284,0.0,0.0
0,     45948,0,        2627198950,0.0,757
0,     45950,0,        2627205732,0.0,5567
1,     45952,12929,        2627392288,0.0,0.0
0,     45954,0,        2627589448,0.0,3199
1,     45956,12930,        2627592288,0.0,0.0
1,     45958,12931,        2627792288,0.0,0.0
0,     45960,0,        2627972311,0.0,5436
1,     45962,12932,        2627992292,0.0,0.0
0,     45964,0,        2628030490,0.0,3093
0,     45966,0,        2628063945,0.0,1017
0,     45968,0,        2628147408,0.0,2615
1,     45970,12933,        2628192292,0.0,0.0
0,     45972,0,        2628340192,0.0,5342
0,     45974,0,        2628364362,0.0,3274
0,     45976,0,        2628380985,0.0,2691
1,     45978,12934,        2628392292,0.0,0.0
1,     45980,12935,        2628592292,0.0,0.0
1,     45982,12936,        2628792296,0.0,0.0
0,     45984,0,        2628964852,0.0,2417
1,     45986,12937,        2628992296,0.0,0.0
1,     45988,12938,        2629192296,0.0,0.0
0,     45990,0,        2629372827,0.0,2484
0,     45992,0,        2629373266,0.0,2705
1,     45994,12939,        2629392300,0.0,0.0
0,     45996,0,        2629395665,0.0,5920
1,     45998,12940,        2629592300,0.0,0.0
1,     46000,12941,        2629792300,0.0,0.0
1,     46002,12942,        2629992304,0.0,0.0
0,     46004,0,        2630191626,0.0,1046
1,     46006,12943,        2630192304,0.0,0.0
0,     46008,0,        2630336275,0.0,2858
0,     46010,0,        2630366919,0.0,2801
1,     46012,12944,        2630392304,0.0,0.0
0,     46014,0,        2630398114,0.0,3178
1,     46016,12945,        2630592304,0.0,0.0
0,     46018,0,        2630727960,0.0,3328
1,     46020,12946,        2630792308,0.0,0.0
0,     46022,0,        2630933483,0.0,317
1,     46024,12947,        2630992308,0.0,0.0
0,     46026,0,        2631101128,0.0,1635
1,     46028,12948,        2631192308,0.0,0.0
1,     46030,12949,        2631392312,0.0,0.0
0,     46032,0,        2631404340,0.0,515
1,     46034,12950,        2631592312,0.0,0.0
1,     46036,12951,        2631792312,0.0,0.0
0,     46038,0,        2631933230,0.0,3306
1,     46040,12952,        2631992316,0.0,0.0
0,     46042,0,        2632009333,0.0,1639
0,     46044,0,        2632027915,0.0,1878
0,     46046,0,        2632035677,0.0,6112
0,     46047,0,        2632035683,0.0,2583
0,     46049,0,        2632039164,0.0,892
0,     46051,0,        2632167722,0.0,4820
1,     46053,12953,        2632192316,0.0,0.0
1,     46055,12954,        2632392316,0.0,0.0
0,     46057,0,        2632538610,0.0,3270
1,     46059,12955,        2632592316,0.0,0.0
0,     46061,0,        2632613727,0.0,475
1,     46063,12956,        2632792320,0.0,0.0
1,     46065,12957,        2632992320,0.0,0.0
1,     46067,12958,        2633192320,0.0,0.0
0,     46069,0,        2633305925,0.0,4661
0,     46071,0,        2633367339,0.0,3533
1,     46073,12959,        2633392324,0.0,0.0
0,     46075,0,        2633425188,0.0,5531
0,     46077,0,        2633565662,0.0,304
1,     46079,12960,        2633592324,0.0,0.0
1,     46081,12961,        2633792324,0.0,0.0
0,     46083,0,        2633938179,0.0,3458
1,     46085,12962,        2633992328,0.0,0.0
0,     46087,0,        2634024982,0.0,3269
1,     46089,12963,        2634192328,0.0,0.0
1,     46091,12964,        2634392328,0.0,0.0
1,     46093,12965,        2634592328,0.0,0.0
0,     46095,0,        2634786544,0.0,3355
1,     46097,12966,        2634792332,0.0,0.0
1,     46099,12967,        2634992332,0.0,0.0
1,     46101,12968,        2635192332,0.0,0.0
0,     46103,0,        2635243364,0.0,6107
1,     46105,12969,        2635392336,0.0,0.0
0,     46107,0,        2635430077,0.0,1393
1,     46109,12970,        2635592336,0.0,0.0
1,     46111,12971,        2635792336,0.0,0.0
1,     46113,12972,        2635992340,0.0,0.0
1,     46115,12973,        2636192340,0.0,0.0
0,     46117,0,        2636224601,0.0,2507
1,     46119,12974,        2636392340,0.0,0.0
0,     46121,0,        2636490224,0.0,3305
1,     46123,12975,        2636592340,0.0,0.0
1,     46125,12976,        2636792344,0.0,0.0
0,     46127,0,        2636977473,0.0,1435
0,     46129,0,        2636989453,0.0,2852
1,     46131,12977,        2636992344,0.0,0.0
1,     46133,12978,        2637192344,0.0,0.0
1,     46135,12979,        2637392348,0.0,0.0
0,     46137,0,        2637420726,0.0,2740
0,     46139,0,        2637479249,0.0,157
0,     46140,0,        2637479691,0.0,17
1,     46142,12980,        2637592348,0.0,0.0
1,     46144,12981,        2637792348,0.0,0.0
1,     46146,12982,        2637992348,0.0,0.0
0,     46148,0,        2637998417,0.0,1085
0,     46149,0,        2637998440,0.0,3038
0,     46151,0,        2638059325,0.0,3323
0,     46153,0,        2638132688,0.0,2459
1,     46155,12983,        2638192352,0.0,0.0
1,     46157,12984,        2638392352,0.0,0.0
0,     46159,0,        2638515584,0.0,2214
1,     46161,12985,        2638592352,0.0,0.0
0,     46163,0,        2638612676,0.0,5693
0,     46164,0,        2638612894,0.0,1165
0,     46166,0,        2638658482,0.0,2303
0,     46168,0,        2638750256,0.0,4730
1,     46170,12986,        2638792356,0.0,0.0
0,     46172,0,        2638951654,0.0,5407
1,     46174,12987,        2638992356,0.0,0.0
0,     46176,0,        2639141014,0.0,3348
1,     46178,12988,        2639192356,0.0,0.0
1,     46180,12989,        2639392360,0.0,0.0
0,     46182,0,        2639482307,0.0,5272
1,     46184,12990,        2639592360,0.0,0.0
1,     46186,12991,        2639792360,0.0,0.0
0,     46188,0,        2639816882,0.0,3620
0,     46190,0,        2639840066,0.0,2974
0,     46191,0,        2639840099,0.0,4198
0,     46193,0,        2639935030,0.0,5506
0,     46195,0,        2639945927,0.0,4721
1,     46197,12992,        2639992360,0.0,0.0
0,     46199,0,        2640140369,0.0,4283
1,     46201,12993,        2640192364,0.0,0.0
0,     46203,0,        2640322967,0.0,71
1,     46205,12994,        2640392364,0.0,0.0
1,     46207,12995,        2640592364,0.0,0.0
0,     46209,0,        2640736848,0.0,4079
1,     46211,12996,        2640792368,0.0,0.0
1,     46213,12997,        2640992368,0.0,0.0
1,     46215,12998,        2641192368,0.0,0.0
0,     46217,0,        2641274158,0.0,2306
1,     46219,12999,        2641392372,0.0,0.0
0,     46221,0,        2641555351,0.0,1219
1,     46223,13000,        2641592372,0.0,0.0
0,     46225,0,        2641704052,0.0,3441
1,     46227,13001,        2641792372,0.0,0.0
0,     46229,0,        2641820389,0.0,1406
1,     46231,13002,        2641992372,0.0,0.0
0,     46233,0,        2642042369,0.0,5720
0,     46235,0,        2642078057,0.0,3453
1,     46237,13003,        2642192376,0.0,0.0
1,     46239,13004,        2642392376,0.0,0.0
1,     46241,13005,        2642592376,0.0,0.0
0,     46243,0,        2642626345,0.0,3531
1,     46245,13006,        2642792380,0.0,0.0
1,     46247,13007,        2642992380,0.0,0.0
0,     46249,0,        2643143826,0.0,2220
1,     46251,13008,        2643192380,0.0,0.0
1,     46253,13009,        2643392384,0.0,0.0
0,     46255,0,        2643481054,0.0,4492
1,     46257,13010,        2643592384,0.0,0.0
1,     46259,13011,        2643792384,0.0,0.0
0,     46261,0,        2643986655,0.0,5471
1,     46263,13012,        2643992384,0.0,0.0
1,     46265,13013,        2644192388,0.0,0.0
0,     46267,0,        2644346301,0.0,2190
1,     46269,13014,        2644392388,0.0,0.0
0,     46271,0,        2644472331,0.0,4575
1,     46273,13015,        2644592388,0.0,0.0
0,     46275,0,        2644713699,0.0,469
1,     46277,13016,        2644792392,0.0,0.0
1,     46279,13017,        2644992392,0.0,0.0
0,     46281,0,        2644993998,0.0,3582
0,     46283,0,        2645006458,0.0,5655
1,     46285,13018,        2645192392,0.0,0.0
1,     46287,13019,        2645392396,0.0,0.0
0,     46289,0,        2645547169,0.0,1885
0,     46291,0,        2645557481,0.0,2431
1,     46293,13020,        2645592396,0.0,0.0
0,     46295,0,        2645670385,0.0,4928
0,     46297,0,        2645676202,0.0,3929
1,     46299,13021,        2645792396,0.0,0.0
0,     46301,0,        2645955713,0.0,1305
0,     46303,0,        2645958651,0.0,1746
1,     46305,13022,        2645992396,0.0,0.0
1,     46307,13023,        2646192400,0.0,0.0
1,     46309,13024,        2646392400,0.0,0.0
0,     46311,0,        2646467935,0.0,4006
1,     46313,13025,        2646592400,0.0,0.0
1,     46315,13026,        2646792404,0.0,0.0
0,     46317,0,        2646975968,0.0,3155
1,     46319,13027,        2646992404,0.0,0.0
0,     46321,0,        2647136538,0.0,3399
0,     46322,0,        2647136639,0.0,1483
1,     46324,13028,        2647192404,0.0,0.0
1,     46326,13029,        2647392404,0.0,0.0
0,     46328,0,        2647444901,0.0,3553
0,     46330,0,        2647445853,0.0,4502
1,     46332,13030,        2647592408,0.0,0.0
0,     46334,0,        2647767348,0.0,3346
1,     46336,13031,        2647792408,0.0,0.0
1,     46338,13032,        2647992408,0.0,0.0
0,     46340,0,        2648108817,0.0,5335
1,     46342,13033,        2648192412,0.0,0.0
0,     46344,0,        2648372176,0.0,6058
0,     46346,0,        2648391253,0.0,3165
1,     46348,13034,        2648392412,0.0,0.0
1,     46350,13035,        2648592412,0.0,0.0
1,     46352,13036,        2648792416,0.0,0.0
1,     46354,13037,        2648992416,0.0,0.0
0,     46356,0,        2649037230,0.0,1204
1,     46358,13038,        2649192416,0.0,0.0
1,     46360,13039,        2649392416,0.0,0.0
1,     46362,13040,        2649592420,0.0,0.0
0,     46364,0,        2649624385,0.0,903
0,     46366,0,        2649717922,0.0,1649
1,     46368,13041,        2649792420,0.0,0.0
1,     46370,13042,        2649992420,0.0,0.0
1,     46372,13043,        2650192424,0.0,0.0
1,     46374,13044,        2650392424,0.0,0.0
1,     46376,13045,        2650592424,0.0,0.0
0,     46378,0,        2650601488,0.0,706
1,     46380,13046,        2650792428,0.0,0.0
0,     46382,0,        2650900507,0.0,240
1,     46384,13047,        2650992428,0.0,0.0
0,     46386,0,        2651120914,0.0,3637
0,     46388,0,        2651178317,0.0,956
1,     46390,13048,        2651192428,0.0,0.0
1,     46392,13049,        2651392428,0.0,0.0
0,     46394,0,        2651553992,0.0,3503
0,     46395,0,        2651554000,0.0,1564
1,     46397,13050,        2651592432,0.0,0.0
1,     46399,13051,        2651792432,0.0,0.0
1,     46401,13052,        2651992432,0.0,0.0
0,     46403,0,        2652129911,0.0,3534
1,     46405,13053,        2652192436,0.0,0.0
0,     46407,0,        2652310074,0.0,622
1,     46409,13054,        2652392436,0.0,0.0
0,     46411,0,        2652529542,0.0,5648
1,     46413,13055,        2652592436,0.0,0.0
1,     46415,13056,        2652792436,0.0,0.0
0,     46417,0,        2652877607,0.0,4219
0,     46419,0,        2652932080,0.0,4689
1,     46421,13057,        2652992440,0.0,0.0
1,     46423,13058,        2653192440,0.0,0.0
1,     46425,13059,        2653392440,0.0,0.0
1,     46427,13060,        2653592444,0.0,0.0
0,     46429,0,        2653689593,0.0,5051
1,     46431,13061,        2653792444,0.0,0.0
0,     46433,0,        2653864994,0.0,3664
1,     46435,13062,        2653992444,0.0,0.0
1,     46437,13063,        2654192448,0.0,0.0
0,     46439,0,        2654278496,0.0,6020
1,     46441,13064,        2654392448,0.0,0.0
1,     46443,13065,        2654592448,0.0,0.0
1,     46445,13066,        2654792452,0.0,0.0
1,     46447,13067,        2654992452,0.0,0.0
0,     46449,0,        2655060673,0.0,2966
0,     46451,0,        2655093816,0.0,2945
0,     46453,0,        2655167951,0.0,3582
1,     46455,13068,        2655192452,0.0,0.0
1,     46457,13069,        2655392452,0.0,0.0
1,     46459,13070,        2655592456,0.0,0.0
1,     46461,13071,        2655792456,0.0,0.0
0,     46463,0,        2655901359,0.0,5427
1,     46465,13072,        2655992456,0.0,0.0
1,     46467,13073,        2656192460,0.0,0.0
0,     46469,0,        2656247554,0.0,5047
0,     46471,0,        2656339237,0.0,1348
1,     46473,13074,        2656392460,0.0,0.0
1,     46475,13075,        2656592460,0.0,0.0
0,     46477,0,        2656624323,0.0,4720
1,     46479,13076,        2656792460,0.0,0.0
1,     46481,13077,        2656992464,0.0,0.0
1,     46483,13078,        2657192464,0.0,0.0
0,     46485,0,        2657380647,0.0,5043
1,     46487,13079,        2657392464,0.0,0.0
1,     46489,13080,        2657592468,0.0,0.0
1,     46491,13081,        2657792468,0.0,0.0
0,     46493,0,        2657903858,0.0,1729
0,     46495,0,        2657947974,0.0,2922
1,     46497,13082,        2657992468,0.0,0.0
1,     46499,13083,        2658192472,0.0,0.0
1,     46501,13084,        2658392472,0.0,0.0
1,     46503,13085,        2658592472,0.0,0.0
1,     46505,13086,        2658792472,0.0,0.0
1,     46507,13087,        2658992476,0.0,0.0
1,     46509,13088,        2659192476,0.0,0.0
0,     46511,0,        2659348190,0.0,4737
1,     46513,13089,        2659392476,0.0,0.0
0,     46515,0,        2659575751,0.0,2258
0,     46517,0,        2659582992,0.0,5349
1,     46519,13090,        2659592480,0.0,0.0
1,     46521,13091,        2659792480,0.0,0.0
1,     46523,13092,        2659992480,0.0,0.0
0,     46525,0,        2660112557,0.0,5134
1,     46527,13093,        2660192484,0.0,0.0
0,     46529,0,        2660247585,0.0,4311
1,     46531,13094,        2660392484,0.0,0.0
1,     46533,13095,        2660592484,0.0,0.0
0,     46535,0,        2660647020,0.0,1979
1,     46537,13096,        2660792484,0.0,0.0
1,     46539,13097,        2660992488,0.0,0.0
1,     46541,13098,        2661192488,0.0,0.0
1,     46543,13099,        2661392488,0.0,0.0
0,     46545,0,        2661575114,0.0,5526
1,     46547,13100,        2661592492,0.0,0.0
0,     46549,0,        2661787997,0.0,3697
1,     46551,13101,        2661792492,0.0,0.0
1,     46553,13102,        2661992492,0.0,0.0
1,     46555,13103,        2662192492,0.0,0.0
0,     46557,0,        2662222755,0.0,1308
1,     46559,13104,        2662392496,0.0,0.0
0,     46561,0,        2662531950,0.0,6083
0,     46563,0,        2662563120,0.0,5954
1,     46565,13105,        2662592496,0.0,0.0
1,     46567,13106,        2662792496,0.0,0.0
1,     46569,13107,        2662992500,0.0,0.0
0,     46571,0,        2663142925,0.0,6086
1,     46573,13108,        2663192500,0.0,0.0
0,     46575,0,        2663293706,0.0,5137
1,     46577,13109,        2663392500,0.0,0.0
0,     46579,0,        2663573282,0.0,692
1,     46581,13110,        2663592504,0.0,0.0
0,     46583,0,        2663647146,0.0,4959
0,     46585,0,        2663731598,0.0,2278
1,     46587,13111,        2663792504,0.0,0.0
0,     46589,0,        2663959985,0.0,1196
1,     46591,13112,        2663992504,0.0,0.0
1,     46593,13113,        2664192504,0.0,0.0
0,     46595,0,        2664211040,0.0,5894
0,     46596,0,        2664211217,0.0,3656
0,     46598,0,        2664247318,0.0,1771
1,     46600,13114,        2664392508,0.0,0.0
1,     46602,13115,        2664592508,0.0,0.0
0,     46604,0,        2664727933,0.0,4117
1,     46606,13116,        2664792508,0.0,0.0
1,     46608,13117,        2664992512,0.0,0.0
1,     46610,13118,        2665192512,0.0,0.0
0,     46612,0,        2665265204,0.0,5265
1,     46614,13119,        2665392512,0.0,0.0
0,     46616,0,        2665400800,0.0,2725
1,     46618,13120,        2665592516,0.0,0.0
1,     46620,13121,        2665792516,0.0,0.0
1,     46622,13122,        2665992516,0.0,0.0
0,     46624,0,        2666068819,0.0,4468
1,     46626,13123,        2666192516,0.0,0.0
0,     46628,0,        2666301500,0.0,5520
0,     46630,0,        2666345178,0.0,2086
1,     46632,13124,        2666392520,0.0,0.0
1,     46634,13125,        2666592520,0.0,0.0
1,     46636,13126,        2666792520,0.0,0.0
1,     46638,13127,        2666992524,0.0,0.0
1,     46640,13128,        2667192524,0.0,0.0
1,     46642,13129,        2667392524,0.0,0.0
1,     46644,13130,        2667592528,0.0,0.0
1,     46646,13131,        2667792528,0.0,0.0
1,     46648,13132,        2667992528,0.0,0.0
1,     46650,13133,        2668192528,0.0,0.0
1,     46652,13134,        2668392532,0.0,0.0
0,     46654,0,        2668460954,0.0,4457
1,     46656,13135,        2668592532,0.0,0.0
1,     46658,13136,        2668792532,0.0,0.0
0,     46660,0,        2668935825,0.0,4026
1,     46662,13137,        2668992536,0.0,0.0
1,     46664,13138,        2669192536,0.0,0.0
1,     46666,13139,        2669392536,0.0,0.0
1,     46668,13140,        2669592540,0.0,0.0
0,     46670,0,        2669709515,0.0,6109
1,     46672,13141,        2669792540,0.0,0.0
1,     46674,13142,        2669992540,0.0,0.0
0,     46676,0,        2670017652,0.0,1207
1,     46678,13143,        2670192540,0.0,0.0
0,     46680,0,        2670249395,0.0,3684
1,     46682,13144,        2670392544,0.0,0.0
0,     46684,0,        2670472778,0.0,3467
0,     46686,0,        2670546088,0.0,5500
1,     46688,13145,        2670592544,0.0,0.0
1,     46690,13146,        2670792544,0.0,0.0
0,     46692,0,        2670983933,0.0,2896
1,     46694,13147,        2670992548,0.0,0.0
0,     46696,0,        2671065669,0.0,5369
1,     46698,13148,        2671192548,0.0,0.0
1,     46700,13149,        2671392548,0.0,0.0
0,     46702,0,        2671499550,0.0,4700
1,     46704,13150,        2671592548,0.0,0.0
0,     46706,0,        2671728441,0.0,4818
1,     46708,13151,        2671792552,0.0,0.0
1,     46710,13152,        2671992552,0.0,0.0
1,     46712,13153,        2672192552,0.0,0.0
1,     46714,13154,        2672392556,0.0,0.0
1,     46716,13155,        2672592556,0.0,0.0
0,     46718,0,        2672672901,0.0,1728
1,     46720,13156,        2672792556,0.0,0.0
1,     46722,13157,        2672992560,0.0,0.0
0,     46724,0,        2673157760,0.0,1310
1,     46726,13158,        2673192560,0.0,0.0
0,     46728,0,        2673340579,0.0,1232
1,     46730,13159,        2673392560,0.0,0.0
0,     46732,0,        2673488483,0.0,3793
0,     46734,0,        2673488914,0.0,2808
1,     46736,13160,        2673592560,0.0,0.0
1,     46738,13161,        2673792564,0.0,0.0
0,     46740,0,        2673942888,0.0,718
1,     46742,13162,        2673992564,0.0,0.0
1,     46744,13163,        2674192564,0.0,0.0
1,     46746,13164,        2674392568,0.0,0.0
1,     46748,13165,        2674592568,0.0,0.0
0,     46750,0,        2674646175,0.0,4772
0,     46752,0,        2674726796,0.0,4456
1,     46754,13166,        2674792568,0.0,0.0
0,     46756,0,        2674856055,0.0,4169
1,     46758,13167,        2674992572,0.0,0.0
1,     46760,13168,        2675192572,0.0,0.0
0,     46762,0,        2675232197,0.0,2065
0,     46764,0,        2675349611,0.0,402
1,     46766,13169,        2675392572,0.0,0.0
0,     46768,0,        2675580242,0.0,4984
1,     46770,13170,        2675592572,0.0,0.0
0,     46772,0,        2675732650,0.0,3523
1,     46774,13171,        2675792576,0.0,0.0
1,     46776,13172,        2675992576,0.0,0.0
1,     46778,13173,        2676192576,0.0,0.0
0,     46780,0,        2676243950,0.0,4704
1,     46782,13174,        2676392580,0.0,0.0
1,     46784,13175,        2676592580,0.0,0.0
0,     46786,0,        2676653214,0.0,3537
1,     46788,13176,        2676792580,0.0,0.0
1,     46790,13177,        2676992584,0.0,0.0
0,     46792,0,        2677026374,0.0,3883
1,     46794,13178,        2677192584,0.0,0.0
1,     46796,13179,        2677392584,0.0,0.0
1,     46798,13180,        2677592584,0.0,0.0
0,     46800,0,        2677763340,0.0,9
1,     46802,13181,        2677792588,0.0,0.0
1,     46804,13182,        2677992588,0.0,0.0
1,     46806,13183,        2678192588,0.0,0.0
0,     46808,0,        2678238502,0.0,2769
0,     46809,0,        2678239138,0.0,1595
0,     46811,0,        2678334165,0.0,2455
1,     46813,13184,        2678392592,0.0,0.0
0,     46815,0,        2678586711,0.0,5970
1,     46817,13185,        2678592592,0.0,0.0
1,     46819,13186,        2678792592,0.0,0.0
0,     46821,0,        2678850543,0.0,5255
0,     46823,0,        2678862282,0.0,2375
1,     46825,13187,        2678992596,0.0,0.0
0,     46827,0,        2679003865,0.0,1857
1,     46829,13188,        2679192596,0.0,0.0
1,     46831,13189,        2679392596,0.0,0.0
1,     46833,13190,        2679592596,0.0,0.0
0,     46835,0,        2679720042,0.0,2099
1,     46837,13191,        2679792600,0.0,0.0
1,     46839,13192,        2679992600,0.0,0.0
1,     46841,13193,        2680192600,0.0,0.0
0,     46843,0,        2680349183,0.0,2171
0,     46844,0,        2680349198,0.0,5850
1,     46846,13194,        2680392604,0.0,0.0
0,     46848,0,        2680566810,0.0,1803
1,     46850,13195,        2680592604,0.0,0.0
0,     46852,0,        2680763823,0.0,1559
1,     46854,13196,        2680792604,0.0,0.0
1,     46856,13197,        2680992604,0.0,0.0
0,     46858,0,        2681182083,0.0,5351
1,     46860,13198,        2681192608,0.0,0.0
1,     46862,13199,        2681392608,0.0,0.0
1,     46864,13200,        2681592608,0.0,0.0
1,     46866,13201,        2681792612,0.0,0.0
1,     46868,13202,        2681992612,0.0,0.0
1,     46870,13203,        2682192612,0.0,0.0
1,     46872,13204,        2682392616,0.0,0.0
0,     46874,0,        2682440064,0.0,5216
1,     46876,13205,        2682592616,0.0,0.0
0,     46878,0,        2682738128,0.0,1689
1,     46880,13206,        2682792616,0.0,0.0
1,     46882,13207,        2682992616,0.0,0.0
1,     46884,13208,        2683192620,0.0,0.0
0,     46886,0,        2683220404,0.0,2327
0,     46887,0,        2683220406,0.0,740
0,     46889,0,        2683372443,0.0,3431
1,     46891,13209,        2683392620,0.0,0.0
0,     46893,0,        2683522508,0.0,1782
1,     46895,13210,        2683592620,0.0,0.0
0,     46897,0,        2683722285,0.0,350
0,     46899,0,        2683751011,0.0,2967
1,     46901,13211,        2683792624,0.0,0.0
1,     46903,13212,        2683992624,0.0,0.0
0,     46905,0,        2684160715,0.0,3582
1,     46907,13213,        2684192624,0.0,0.0
1,     46909,13214,        2684392628,0.0,0.0
1,     46911,13215,        2684592628,0.0,0.0
1,     46913,13216,        2684792628,0.0,0.0
0,     46915,0,        2684924404,0.0,5775
1,     46917,13217,        2684992628,0.0,0.0
0,     46919,0,        2685182661,0.0,6046
1,     46921,13218,        2685192632,0.0,0.0
0,     46923,0,        2685294694,0.0,3494
0,     46925,0,        2685304081,0.0,3313
0,     46927,0,        2685375061,0.0,930
1,     46929,13219,        2685392632,0.0,0.0
0,     46931,0,        2685436141,0.0,4599
0,     46932,0,        2685436190,0.0,5974
0,     46934,0,        2685460805,0.0,2990
1,     46936,13220,        2685592632,0.0,0.0
1,     46938,13221,        2685792636,0.0,0.0
0,     46940,0,        2685819158,0.0,3444
1,     46942,13222,        2685992636,0.0,0.0
0,     46944,0,        2686150004,0.0,3438
1,     46946,13223,        2686192636,0.0,0.0
1,     46948,13224,        2686392640,0.0,0.0
1,     46950,13225,        2686592640,0.0,0.0
0,     46952,0,        2686686640,0.0,4732
0,     46954,0,        2686711199,0.0,1735
1,     46956,13226,        2686792640,0.0,0.0
0,     46958,0,        2686823560,0.0,2420
0,     46960,0,        2686907182,0.0,5864
0,     46962,0,        2686960758,0.0,2573
1,     46964,13227,        2686992640,0.0,0.0
0,     46966,0,        2687100370,0.0,1269
1,     46968,13228,        2687192644,0.0,0.0
1,     46970,13229,        2687392644,0.0,0.0
1,     46972,13230,        2687592644,0.0,0.0
0,     46974,0,        2687775858,0.0,341
1,     46976,13231,        2687792648,0.0,0.0
0,     46978,0,        2687856300,0.0,3501
1,     46980,13232,        2687992648,0.0,0.0
1,     46982,13233,        2688192648,0.0,0.0
1,     46984,13234,        2688392652,0.0,0.0
1,     46986,13235,        2688592652,0.0,0.0
0,     46988,0,        2688620691,0.0,3347
0,     46990,0,        2688678862,0.0,4672
1,     46992,13236,        2688792652,0.0,0.0
0,     46994,0,        2688840614,0.0,5698
0,     46995,0,        2688840658,0.0,1319
0,     46997,0,        2688917602,0.0,1205
1,     46999,13237,        2688992652,0.0,0.0
1,     47001,13238,        2689192656,0.0,0.0
0,     47003,0,        2689328430,0.0,1782
0,     47005,0,        2689390895,0.0,5952
1,     47007,13239,        2689392656,0.0,0.0
1,     47009,13240,        2689592656,0.0,0.0
1,     47011,13241,        2689792660,0.0,0.0
1,     47013,13242,        2689992660,0.0,0.0
1,     47015,13243,        2690192660,0.0,0.0
1,     47017,13244,        2690392660,0.0,0.0
0,     47019,0,        2690576553,0.0,3525
1,     47021,13245,        2690592664,0.0,0.0
0,     47023,0,        2690666590,0.0,3186
1,     47025,13246,        2690792664,0.0,0.0
0,     47027,0,        2690969717,0.0,2920
1,     47029,13247,        2690992664,0.0,0.0
0,     47031,0,        2691015653,0.0,1775
1,     47033,13248,        2691192668,0.0,0.0
0,     47035,0,        2691249530,0.0,1356
0,     47037,0,        2691261218,0.0,3286
1,     47039,13249,        2691392668,0.0,0.0
1,     47041,13250,        2691592668,0.0,0.0
0,     47043,0,        2691748312,0.0,3643
0,     47045,0,        2691761548,0.0,5142
1,     47047,13251,        2691792672,0.0,0.0
0,     47049,0,        2691805113,0.0,404
1,     47051,13252,        2691992672,0.0,0.0
0,     47053,0,        2692187813,0.0,3762
1,     47055,13253,        2692192672,0.0,0.0
0,     47057,0,        2692381865,0.0,3298
1,     47059,13254,        2692392672,0.0,0.0
0,     47061,0,        2692465424,0.0,3153
0,     47063,0,        2692528709,0.0,736
0,     47065,0,        2692546498,0.0,1236
1,     47067,13255,        2692592676,0.0,0.0
1,     47069,13256,        2692792676,0.0,0.0
1,     47071,13257,        2692992676,0.0,0.0
1,     47073,13258,        2693192680,0.0,0.0
1,     47075,13259,        2693392680,0.0,0.0
0,     47077,0,        2693438906,0.0,5543
0,     47079,0,        2693584766,0.0,3460
1,     47081,13260,        2693592680,0.0,0.0
1,     47083,13261,        2693792684,0.0,0.0
1,     47085,13262,        2693992684,0.0,0.0
0,     47087,0,        2694072346,0.0,1893
1,     47089,13263,        2694192684,0.0,0.0
0,     47091,0,        2694304031,0.0,3300
1,     47093,13264,        2694392684,0.0,0.0
1,     47095,13265,        2694592688,0.0,0.0
0,     47097,0,        2694602605,0.0,6141
1,     47099,13266,        2694792688,0.0,0.0
1,     47101,13267,        2694992688,0.0,0.0
1,     47103,13268,        2695192692,0.0,0.0
1,     47105,13269,        2695392692,0.0,0.0
1,     47107,13270,        2695592692,0.0,0.0
0,     47109,0,        2695748060,0.0,5816
1,     47111,13271,        2695792696,0.0,0.0
0,     47113,0,        2695869045,0.0,2455
1,     47115,13272,        2695992696,0.0,0.0
0,     47117,0,        2696027862,0.0,1994
1,     47119,13273,        2696192696,0.0,0.0
1,     47121,13274,        2696392696,0.0,0.0
0,     47123,0,        2696418533,0.0,4353
1,     47125,13275,        2696592700,0.0,0.0
1,     47127,13276,        2696792700,0.0,0.0
0,     47129,0,        2696857021,0.0,2782
0,     47131,0,        2696958462,0.0,2607
1,     47133,13277,        2696992700,0.0,0.0
0,     47135,0,        2696994664,0.0,6164
0,     47137,0,        2697094163,0.0,911
0,     47139,0,        2697121724,0.0,4037
0,     47141,0,        2697121832,0.0,2663
1,     47143,13278,        2697192704,0.0,0.0
0,     47145,0,        2697320957,0.0,4746
1,     47147,13279,        2697392704,0.0,0.0
0,     47149,0,        2697511194,0.0,1008
0,     47151,0,        2697511950,0.0,3869
1,     47153,13280,        2697592704,0.0,0.0
0,     47155,0,        2697760683,0.0,207
1,     47157,13281,        2697792704,0.0,0.0
1,     47159,13282,        2697992708,0.0,0.0
1,     47161,13283,        2698192708,0.0,0.0
1,     47163,13284,        2698392708,0.0,0.0
1,     47165,13285,        2698592712,0.0,0.0
1,     47167,13286,        2698792712,0.0,0.0
0,     47169,0,        2698898514,0.0,5275
1,     47171,13287,        2698992712,0.0,0.0
1,     47173,13288,        2699192716,0.0,0.0
0,     47175,0,        2699288962,0.0,481
1,     47177,13289,        2699392716,0.0,0.0
0,     47179,0,        2699487977,0.0,4038
1,     47181,13290,        2699592716,0.0,0.0
1,     47183,13291,        2699792716,0.0,0.0
1,     47185,13292,        2699992720,0.0,0.0
1,     47187,13293,        2700192720,0.0,0.0
1,     47189,13294,        2700392720,0.0,0.0
0,     47191,0,        2700561437,0.0,1209
1,     47193,13295,        2700592724,0.0,0.0
0,     47195,0,        2700707597,0.0,1499
1,     47197,13296,        2700792724,0.0,0.0
1,     47199,13297,        2700992724,0.0,0.0
1,     47201,13298,        2701192728,0.0,0.0
1,     47203,13299,        2701392728,0.0,0.0
1,     47205,13300,        2701592728,0.0,0.0
0,     47207,0,        2701687607,0.0,104
1,     47209,13301,        2701792728,0.0,0.0
0,     47211,0,        2701975388,0.0,2879
1,     47213,13302,        2701992732,0.0,0.0
0,     47215,0,        2702157019,0.0,467
1,     47217,13303,        2702192732,0.0,0.0
1,     47219,13304,        2702392732,0.0,0.0
0,     47221,0,        2702522640,0.0,3510
1,     47223,13305,        2702592736,0.0,0.0
0,     47225,0,        2702673774,0.0,100
1,     47227,13306,        2702792736,0.0,0.0
0,     47229,0,        2702815831,0.0,363
0,     47231,0,        2702910924,0.0,1556
1,     47233,13307,        2702992736,0.0,0.0
1,     47235,13308,        2703192740,0.0,0.0
1,     47237,13309,        2703392740,0.0,0.0
1,     47239,13310,        2703592740,0.0,0.0
0,     47241,0,        2703603773,0.0,3273
0,     47243,0,        2703653644,0.0,768
1,     47245,13311,        2703792740,0.0,0.0
0,     47247,0,        2703913956,0.0,2208
1,     47249,13312,        2703992744,0.0,0.0
0,     47251,0,        2704061295,0.0,2385
1,     47253,13313,        2704192744,0.0,0.0
1,     47255,13314,        2704392744,0.0,0.0
1,     47257,13315,        2704592748,0.0,0.0
1,     47259,13316,        2704792748,0.0,0.0
0,     47261,0,        2704870904,0.0,476
1,     47263,13317,        2704992748,0.0,0.0
0,     47265,0,        2705123233,0.0,2374
1,     47267,13318,        2705192752,0.0,0.0
1,     47269,13319,        2705392752,0.0,0.0
0,     47271,0,        2705434343,0.0,840
1,     47273,13320,        2705592752,0.0,0.0
1,     47275,13321,        2705792752,0.0,0.0
0,     47277,0,        2705947428,0.0,4007
1,     47279,13322,        2705992756,0.0,0.0
0,     47281,0,        2706009549,0.0,2076
1,     47283,13323,        2706192756,0.0,0.0
1,     47285,13324,        2706392756,0.0,0.0
1,     47287,13325,        2706592760,0.0,0.0
1,     47289,13326,        2706792760,0.0,0.0
1,     47291,13327,        2706992760,0.0,0.0
0,     47293,0,        2707013689,0.0,2142
1,     47295,13328,        2707192760,0.0,0.0
0,     47297,0,        2707321381,0.0,4580
0,     47299,0,        2707381214,0.0,3148
1,     47301,13329,        2707392764,0.0,0.0
1,     47303,13330,        2707592764,0.0,0.0
0,     47305,0,        2707721388,0.0,3594
0,     47307,0,        2707791069,0.0,5105
1,     47309,13331,        2707792764,0.0,0.0
1,     47311,13332,        2707992768,0.0,0.0
0,     47313,0,        2708190355,0.0,23
1,     47315,13333,        2708192768,0.0,0.0
0,     47317,0,        2708227268,0.0,922
0,     47318,0,        2708227291,0.0,1423
0,     47320,0,        2708264355,0.0,3281
1,     47322,13334,        2708392768,0.0,0.0
1,     47324,13335,        2708592772,0.0,0.0
0,     47326,0,        2708655162,0.0,5286
1,     47328,13336,        2708792772,0.0,0.0
0,     47330,0,        2708867563,0.0,687
1,     47332,13337,        2708992772,0.0,0.0
0,     47334,0,        2709017875,0.0,5553
1,     47336,13338,        2709192772,0.0,0.0
1,     47338,13339,        2709392776,0.0,0.0
0,     47340,0,        2709448324,0.0,577
0,     47341,0,        2709448327,0.0,5374
0,     47342,0,        2709448548,0.0,4127
0,     47344,0,        2709557861,0.0,328
1,     47346,13340,        2709592776,0.0,0.0
1,     47348,13341,        2709792776,0.0,0.0
0,     47350,0,        2709868402,0.0,5197
1,     47352,13342,        2709992780,0.0,0.0
1,     47354,13343,        2710192780,0.0,0.0
0,     47356,0,        2710209702,0.0,132
0,     47358,0,        2710303835,0.0,6061
0,     47360,0,        2710325371,0.0,3677
0,     47362,0,        2710355477,0.0,4132
1,     47364,13344,        2710392780,0.0,0.0
1,     47366,13345,        2710592784,0.0,0.0
0,     47368,0,        2710667224,0.0,591
0,     47370,0,        2710674354,0.0,3277
1,     47372,13346,        2710792784,0.0,0.0
1,     47374,13347,        2710992784,0.0,0.0
0,     47376,0,        2711043835,0.0,4825
0,     47378,0,        2711120635,0.0,4866
1,     47380,13348,        2711192784,0.0,0.0
1,     47382,13349,        2711392788,0.0,0.0
1,     47384,13350,        2711592788,0.0,0.0
0,     47386,0,        2711678691,0.0,4183
1,     47388,13351,        2711792788,0.0,0.0
0,     47390,0,        2711863231,0.0,3340
0,     47392,0,        2711867762,0.0,3933
1,     47394,13352,        2711992792,0.0,0.0
0,     47396,0,        2712001296,0.0,1973
1,     47398,13353,        2712192792,0.0,0.0
0,     47400,0,        2712195574,0.0,6014
0,     47401,0,        2712195701,0.0,3544
0,     47403,0,        2712204815,0.0,5136
1,     47405,13354,        2712392792,0.0,0.0
0,     47407,0,        2712531920,0.0,2751
1,     47409,13355,        2712592796,0.0,0.0
0,     47411,0,        2712787581,0.0,3584
1,     47413,13356,        2712792796,0.0,0.0
0,     47415,0,        2712910756,0.0,1447
1,     47417,13357,        2712992796,0.0,0.0
1,     47419,13358,        2713192796,0.0,0.0
1,     47421,13359,        2713392800,0.0,0.0
0,     47423,0,        2713462709,0.0,3822
1,     47425,13360,        2713592800,0.0,0.0
1,     47427,13361,        2713792800,0.0,0.0
1,     47429,13362,        2713992804,0.0,0.0
0,     47431,0,        2714065802,0.0,2605
1,     47433,13363,        2714192804,0.0,0.0
1,     47435,13364,        2714392804,0.0,0.0
0,     47437,0,        2714574046,0.0,3330
1,     47439,13365,        2714592804,0.0,0.0
0,     47441,0,        2714788956,0.0,356
1,     47443,13366,        2714792808,0.0,0.0
1,     47445,13367,        2714992808,0.0,0.0
0,     47447,0,        2715127078,0.0,3353
1,     47449,13368,        2715192808,0.0,0.0
1,     47451,13369,        2715392812,0.0,0.0
0,     47453,0,        2715413242,0.0,2435
0,     47455,0,        2715530517,0.0,1091
1,     47457,13370,        2715592812,0.0,0.0
0,     47459,0,        2715680626,0.0,3392
1,     47461,13371,        2715792812,0.0,0.0
1,     47463,13372,        2715992816,0.0,0.0
0,     47465,0,        2716014068,0.0,3389
0,     47467,0,        2716163648,0.0,1925
1,     47469,13373,        2716192816,0.0,0.0
1,     47471,13374,        2716392816,0.0,0.0
0,     47473,0,        2716404666,0.0,2549
1,     47475,13375,        2716592816,0.0,0.0
1,     47477,13376,        2716792820,0.0,0.0
1,     47479,13377,        2716992820,0.0,0.0
1,     47481,13378,        2717192820,0.0,0.0
1,     47483,13379,        2717392824,0.0,0.0
0,     47485,0,        2717574669,0.0,3497
1,     47487,13380,        2717592824,0.0,0.0
0,     47489,0,        2717697718,0.0,3008
1,     47491,13381,        2717792824,0.0,0.0
0,     47493,0,        2717882669,0.0,2818
0,     47495,0,        2717991660,0.0,3534
1,     47497,13382,        2717992828,0.0,0.0
0,     47499,0,        2718009005,0.0,6123
1,     47501,13383,        2718192828,0.0,0.0
1,     47503,13384,        2718392828,0.0,0.0
1,     47505,13385,        2718592828,0.0,0.0
1,     47507,13386,        2718792832,0.0,0.0
1,     47509,13387,        2718992832,0.0,0.0
1,     47511,13388,        2719192832,0.0,0.0
0,     47513,0,        2719250390,0.0,3520
1,     47515,13389,        2719392836,0.0,0.0
1,     47517,13390,        2719592836,0.0,0.0
0,     47519,0,        2719732032,0.0,4824
1,     47521,13391,        2719792836,0.0,0.0
0,     47523,0,        2719866318,0.0,2461
1,     47525,13392,        2719992840,0.0,0.0
0,     47527,0,        2720022600,0.0,5241
0,     47529,0,        2720166321,0.0,1198
1,     47531,13393,        2720192840,0.0,0.0
0,     47533,0,        2720296715,0.0,6055
1,     47535,13394,        2720392840,0.0,0.0
1,     47537,13395,        2720592840,0.0,0.0
0,     47539,0,        2720688692,0.0,2082
1,     47541,13396,        2720792844,0.0,0.0
1,     47543,13397,        2720992844,0.0,0.0
1,     47545,13398,        2721192844,0.0,0.0
0,     47547,0,        2721200640,0.0,5846
1,     47549,13399,        2721392848,0.0,0.0
0,     47551,0,        2721485711,0.0,4885
1,     47553,13400,        2721592848,0.0,0.0
0,     47555,0,        2721601312,0.0,2484
1,     47557,13401,        2721792848,0.0,0.0
1,     47559,13402,        2721992852,0.0,0.0
1,     47561,13403,        2722192852,0.0,0.0
0,     47563,0,        2722384970,0.0,1950
1,     47565,13404,        2722392852,0.0,0.0
0,     47567,0,        2722393532,0.0,5286
1,     47569,13405,        2722592852,0.0,0.0
1,     47571,13406,        2722792856,0.0,0.0
0,     47573,0,        2722830949,0.0,3592
0,     47575,0,        2722855959,0.0,5642
0,     47577,0,        2722870260,0.0,1382
0,     47579,0,        2722945814,0.0,1267
1,     47581,13407,        2722992856,0.0,0.0
1,     47583,13408,        2723192856,0.0,0.0
0,     47585,0,        2723258351,0.0,5526
0,     47587,0,        2723288612,0.0,1938
0,     47589,0,        2723317348,0.0,1573
0,     47591,0,        2723332144,0.0,2840
1,     47593,13409,        2723392860,0.0,0.0
0,     47595,0,        2723457803,0.0,4825
0,     47597,0,        2723481611,0.0,2973
0,     47598,0,        2723481715,0.0,5029
1,     47600,13410,        2723592860,0.0,0.0
0,     47602,0,        2723779196,0.0,854
1,     47604,13411,        2723792860,0.0,0.0
1,     47606,13412,        2723992860,0.0,0.0
0,     47608,0,        2724062282,0.0,5212
0,     47610,0,        2724070975,0.0,5771
1,     47612,13413,        2724192864,0.0,0.0
0,     47614,0,        2724244617,0.0,4927
0,     47616,0,        2724382548,0.0,4948
1,     47618,13414,        2724392864,0.0,0.0
0,     47620,0,        2724506109,0.0,483
1,     47622,13415,        2724592864,0.0,0.0
1,     47624,13416,        2724792868,0.0,0.0
0,     47626,0,        2724877208,0.0,1979
1,     47628,13417,        2724992868,0.0,0.0
0,     47630,0,        2725121620,0.0,2109
1,     47632,13418,        2725192868,0.0,0.0
1,     47634,13419,        2725392872,0.0,0.0
1,     47636,13420,        2725592872,0.0,0.0
1,     47638,13421,        2725792872,0.0,0.0
1,     47640,13422,        2725992872,0.0,0.0
0,     47642,0,        2726085431,0.0,3662
1,     47644,13423,        2726192876,0.0,0.0
0,     47646,0,        2726298638,0.0,513
0,     47648,0,        2726341060,0.0,3475
1,     47650,13424,        2726392876,0.0,0.0
0,     47652,0,        2726492896,0.0,2825
0,     47654,0,        2726529000,0.0,3604
1,     47656,13425,        2726592876,0.0,0.0
0,     47658,0,        2726611768,0.0,732
1,     47660,13426,        2726792880,0.0,0.0
0,     47662,0,        2726985584,0.0,4410
1,     47664,13427,        2726992880,0.0,0.0
0,     47666,0,        2727136415,0.0,3644
1,     47668,13428,        2727192880,0.0,0.0
0,     47670,0,        2727375739,0.0,3823
1,     47672,13429,        2727392884,0.0,0.0
1,     47674,13430,        2727592884,0.0,0.0
1,     47676,13431,        2727792884,0.0,0.0
1,     47678,13432,        2727992884,0.0,0.0
0,     47680,0,        2728014714,0.0,5868
1,     47682,13433,        2728192888,0.0,0.0
1,     47684,13434,        2728392888,0.0,0.0
0,     47686,0,        2728488546,0.0,2004
0,     47688,0,        2728546299,0.0,3202
1,     47690,13435,        2728592888,0.0,0.0
1,     47692,13436,        2728792892,0.0,0.0
1,     47694,13437,        2728992892,0.0,0.0
0,     47696,0,        2729192496,0.0,3960
1,     47697,13438,        2729192892,0.0,0.0
0,     47699,0,        2729213004,0.0,5226
1,     47701,13439,        2729392896,0.0,0.0
1,     47703,13440,        2729592896,0.0,0.0
1,     47705,13441,        2729792896,0.0,0.0
0,     47707,0,        2729832847,0.0,1339
0,     47709,0,        2729851602,0.0,4394
1,     47711,13442,        2729992896,0.0,0.0
1,     47713,13443,        2730192900,0.0,0.0
0,     47715,0,        2730267371,0.0,683
1,     47717,13444,        2730392900,0.0,0.0
0,     47719,0,        2730465479,0.0,4616
1,     47721,13445,        2730592900,0.0,0.0
0,     47723,0,        2730717211,0.0,3380
1,     47725,13446,        2730792904,0.0,0.0
0,     47727,0,        2730803563,0.0,3736
1,     47729,13447,        2730992904,0.0,0.0
0,     47731,0,        2731081409,0.0,5928
1,     47733,13448,        2731192904,0.0,0.0
0,     47735,0,        2731351664,0.0,1287
1,     47737,13449,        2731392908,0.0,0.0
1,     47739,13450,        2731592908,0.0,0.0
0,     47741,0,        2731621326,0.0,5722
1,     47743,13451,        2731792908,0.0,0.0
1,     47745,13452,        2731992908,0.0,0.0
0,     47747,0,        2732029701,0.0,2665
0,     47749,0,        2732042898,0.0,5443
1,     47751,13453,        2732192912,0.0,0.0
1,     47753,13454,        2732392912,0.0,0.0
1,     47755,13455,        2732592912,0.0,0.0
0,     47757,0,        2732712422,0.0,4287
1,     47759,13456,        2732792916,0.0,0.0
1,     47761,13457,        2732992916,0.0,0.0
1,     47763,13458,        2733192916,0.0,0.0
0,     47765,0,        2733210806,0.0,4849
1,     47767,13459,        2733392916,0.0,0.0
0,     47769,0,        2733538501,0.0,2940
1,     47771,13460,        2733592920,0.0,0.0
1,     47773,13461,        2733792920,0.0,0.0
0,     47775,0,        2733864757,0.0,458
1,     47777,13462,        2733992920,0.0,0.0
1,     47779,13463,        2734192924,0.0,0.0
0,     47781,0,        2734297846,0.0,478
1,     47783,13464,        2734392924,0.0,0.0
1,     47785,13465,        2734592924,0.0,0.0
1,     47787,13466,        2734792928,0.0,0.0
0,     47789,0,        2734884043,0.0,1466
1,     47791,13467,        2734992928,0.0,0.0
0,     47793,0,        2735016063,0.0,6168
0,     47795,0,        2735035044,0.0,3315
0,     47797,0,        2735065707,0.0,1747
1,     47799,13468,        2735192928,0.0,0.0
1,     47801,13469,        2735392928,0.0,0.0
0,     47803,0,        2735469128,0.0,4663
1,     47805,13470,        2735592932,0.0,0.0
0,     47807,0,        2735594234,0.0,3476
0,     47809,0,        2735665195,0.0,1010
1,     47811,13471,        2735792932,0.0,0.0
1,     47813,13472,        2735992932,0.0,0.0
0,     47815,0,        2736000434,0.0,5733
1,     47817,13473,        2736192936,0.0,0.0
1,     47819,13474,        2736392936,0.0,0.0
0,     47821,0,        2736466286,0.0,2934
0,     47822,0,        2736466402,0.0,3664
0,     47824,0,        2736529791,0.0,149
1,     47826,13475,        2736592936,0.0,0.0
1,     47828,13476,        2736792940,0.0,0.0
1,     47830,13477,        2736992940,0.0,0.0
0,     47832,0,        2737070312,0.0,1402
1,     47834,13478,        2737192940,0.0,0.0
1,     47836,13479,        2737392940,0.0,0.0
0,     47838,0,        2737515130,0.0,4468
0,     47839,0,        2737515223,0.0,5835
1,     47841,13480,        2737592944,0.0,0.0
1,     47843,13481,        2737792944,0.0,0.0
0,     47845,0,        2737864302,0.0,3270
1,     47847,13482,        2737992944,0.0,0.0
0,     47849,0,        2738113593,0.0,594
1,     47851,13483,        2738192948,0.0,0.0
1,     47853,13484,        2738392948,0.0,0.0
0,     47855,0,        2738393932,0.0,104
0,     47857,0,        2738543661,0.0,526
1,     47859,13485,        2738592948,0.0,0.0
1,     47861,13486,        2738792952,0.0,0.0
1,     47863,13487,        2738992952,0.0,0.0
1,     47865,13488,        2739192952,0.0,0.0
0,     47867,0,        2739233126,0.0,4890
1,     47869,13489,        2739392952,0.0,0.0
0,     47871,0,        2739428191,0.0,1043
0,     47873,0,        2739490601,0.0,1702
1,     47875,13490,        2739592956,0.0,0.0
0,     47877,0,        2739704476,0.0,2806
1,     47879,13491,        2739792956,0.0,0.0
0,     47881,0,        2739920716,0.0,2689
1,     47883,13492,        2739992956,0.0,0.0
1,     47885,13493,        2740192960,0.0,0.0
1,     47887,13494,        2740392960,0.0,0.0
1,     47889,13495,        2740592960,0.0,0.0
1,     47891,13496,        2740792964,0.0,0.0
1,     47893,13497,        2740992964,0.0,0.0
1,     47895,13498,        2741192964,0.0,0.0
1,     47897,13499,        2741392964,0.0,0.0
0,     47899,0,        2741403964,0.0,1653
0,     47901,0,        2741449219,0.0,5877
1,     47903,13500,        2741592968,0.0,0.0
0,     47905,0,        2741668899,0.0,962
1,     47907,13501,        2741792968,0.0,0.0
0,     47909,0,        2741980564,0.0,762
1,     47911,13502,        2741992968,0.0,0.0
1,     47913,13503,        2742192972,0.0,0.0
1,     47915,13504,        2742392972,0.0,0.0
0,     47917,0,        2742402695,0.0,482
1,     47919,13505,        2742592972,0.0,0.0
1,     47921,13506,        2742792972,0.0,0.0
0,     47923,0,        2742817925,0.0,3614
1,     47925,13507,        2742992976,0.0,0.0
1,     47927,13508,        2743192976,0.0,0.0
0,     47929,0,        2743213425,0.0,353
0,     47931,0,        2743369312,0.0,3131
1,     47933,13509,        2743392976,0.0,0.0
0,     47935,0,        2743561842,0.0,3118
1,     47937,13510,        2743592980,0.0,0.0
0,     47939,0,        2743615069,0.0,891
1,     47941,13511,        2743792980,0.0,0.0
1,     47943,13512,        2743992980,0.0,0.0
1,     47945,13513,        2744192984,0.0,0.0
1,     47947,13514,        2744392984,0.0,0.0
0,     47949,0,        2744574126,0.0,3785
1,     47951,13515,        2744592984,0.0,0.0
0,     47953,0,        2744714217,0.0,577
1,     47955,13516,        2744792984,0.0,0.0
1,     47957,13517,        2744992988,0.0,0.0
1,     47959,13518,        2745192988,0.0,0.0
1,     47961,13519,        2745392988,0.0,0.0
1,     47963,13520,        2745592992,0.0,0.0
0,     47965,0,        2745691737,0.0,5540
1,     47967,13521,        2745792992,0.0,0.0
0,     47969,0,        2745925336,0.0,3948
1,     47971,13522,        2745992992,0.0,0.0
1,     47973,13523,        2746192996,0.0,0.0
0,     47975,0,        2746198578,0.0,1229
0,     47977,0,        2746249805,0.0,3608
0,     47979,0,        2746279263,0.0,2497
0,     47981,0,        2746335731,0.0,2055
1,     47983,13524,        2746392996,0.0,0.0
1,     47985,13525,        2746592996,0.0,0.0
0,     47987,0,        2746716933,0.0,3238
0,     47988,0,        2746716937,0.0,3090
1,     47990,13526,        2746792996,0.0,0.0
1,     47992,13527,        2746993000,0.0,0.0
1,     47994,13528,        2747193000,0.0,0.0
0,     47996,0,        2747222566,0.0,6021
0,     47998,0,        2747244963,0.0,4304
1,     48000,13529,        2747393000,0.0,0.0
0,     48002,0,        2747463488,0.0,512
1,     48004,13530,        2747593004,0.0,0.0
0,     48006,0,        2747621095,0.0,3547
0,     48007,0,        2747621097,0.0,3788
0,     48009,0,        2747792195,0.0,3388
1,     48011,13531,        2747793004,0.0,0.0
0,     48013,0,        2747879360,0.0,3824
1,     48015,13532,        2747993004,0.0,0.0
0,     48017,0,        2748166269,0.0,2642
1,     48019,13533,        2748193004,0.0,0.0
0,     48021,0,        2748353329,0.0,5949
1,     48023,13534,        2748393008,0.0,0.0
0,     48025,0,        2748446759,0.0,1503
0,     48027,0,        2748476291,0.0,1268
0,     48029,0,        2748591755,0.0,4954
1,     48031,13535,        2748593008,0.0,0.0
1,     48033,13536,        2748793008,0.0,0.0
0,     48035,0,        2748883442,0.0,4487
1,     48037,13537,        2748993012,0.0,0.0
1,     48039,13538,        2749193012,0.0,0.0
0,     48041,0,        2749298520,0.0,91
1,     48043,13539,        2749393012,0.0,0.0
1,     48045,13540,        2749593016,0.0,0.0
0,     48047,0,        2749597384,0.0,5564
1,     48049,13541,        2749793016,0.0,0.0
1,     48051,13542,        2749993016,0.0,0.0
1,     48053,13543,        2750193020,0.0,0.0
1,     48055,13544,        2750393020,0.0,0.0
0,     48057,0,        2750419732,0.0,5056
0,     48059,0,        2750530360,0.0,3546
1,     48061,13545,        2750593020,0.0,0.0
0,     48063,0,        2750638947,0.0,5323
0,     48064,0,        2750639011,0.0,4677
1,     48066,13546,        2750793020,0.0,0.0
0,     48068,0,        2750889140,0.0,3537
1,     48070,13547,        2750993024,0.0,0.0
1,     48072,13548,        2751193024,0.0,0.0
1,     48074,13549,        2751393024,0.0,0.0
0,     48076,0,        2751524998,0.0,3443
1,     48078,13550,        2751593028,0.0,0.0
1,     48080,13551,        2751793028,0.0,0.0
0,     48082,0,        2751849127,0.0,4892
0,     48084,0,        2751866026,0.0,5639
1,     48086,13552,        2751993028,0.0,0.0
0,     48088,0,        2752119970,0.0,2672
1,     48090,13553,        2752193028,0.0,0.0
1,     48092,13554,        2752393032,0.0,0.0
1,     48094,13555,        2752593032,0.0,0.0
1,     48096,13556,        2752793032,0.0,0.0
0,     48098,0,        2752886189,0.0,4371
1,     48100,13557,        2752993036,0.0,0.0
0,     48102,0,        2753048935,0.0,6043
0,     48104,0,        2753070027,0.0,6225
1,     48106,13558,        2753193036,0.0,0.0
0,     48108,0,        2753265798,0.0,3219
1,     48110,13559,        2753393036,0.0,0.0
1,     48112,13560,        2753593040,0.0,0.0
1,     48114,13561,        2753793040,0.0,0.0
0,     48116,0,        2753834305,0.0,1675
1,     48118,13562,        2753993040,0.0,0.0
0,     48120,0,        2754023936,0.0,4670
1,     48122,13563,        2754193040,0.0,0.0
0,     48124,0,        2754365763,0.0,2693
1,     48126,13564,        2754393044,0.0,0.0
1,     48128,13565,        2754593044,0.0,0.0
1,     48130,13566,        2754793044,0.0,0.0
1,     48132,13567,        2754993048,0.0,0.0
1,     48134,13568,        2755193048,0.0,0.0
1,     48136,13569,        2755393048,0.0,0.0
0,     48138,0,        2755418422,0.0,67
0,     48140,0,        2755461337,0.0,5031
0,     48142,0,        2755531001,0.0,2824
0,     48144,0,        2755564496,0.0,3862
1,     48146,13570,        2755593052,0.0,0.0
1,     48148,13571,        2755793052,0.0,0.0
0,     48150,0,        2755812432,0.0,5735
1,     48152,13572,        2755993052,0.0,0.0
1,     48154,13573,        2756193052,0.0,0.0
0,     48156,0,        2756292270,0.0,3578
1,     48158,13574,        2756393056,0.0,0.0
0,     48160,0,        2756456743,0.0,2098
0,     48162,0,        2756488074,0.0,3311
0,     48164,0,        2756540006,0.0,3268
1,     48166,13575,        2756593056,0.0,0.0
1,     48168,13576,        2756793056,0.0,0.0
1,     48170,13577,        2756993060,0.0,0.0
0,     48172,0,        2757010564,0.0,4671
0,     48174,0,        2757121367,0.0,1105
1,     48176,13578,        2757193060,0.0,0.0
0,     48178,0,        2757328290,0.0,4997
1,     48180,13579,        2757393060,0.0,0.0
0,     48182,0,        2757587356,0.0,4044
1,     48184,13580,        2757593060,0.0,0.0
0,     48186,0,        2757670766,0.0,672
1,     48188,13581,        2757793064,0.0,0.0
0,     48190,0,        2757983947,0.0,2411
1,     48192,13582,        2757993064,0.0,0.0
1,     48194,13583,        2758193064,0.0,0.0
0,     48196,0,        2758382283,0.0,2957
1,     48198,13584,        2758393068,0.0,0.0
1,     48200,13585,        2758593068,0.0,0.0
1,     48202,13586,        2758793068,0.0,0.0
0,     48204,0,        2758820334,0.0,5534
0,     48206,0,        2758892220,0.0,1370
1,     48208,13587,        2758993072,0.0,0.0
0,     48210,0,        2759039541,0.0,1194
1,     48212,13588,        2759193072,0.0,0.0
0,     48214,0,        2759345662,0.0,2006
1,     48216,13589,        2759393072,0.0,0.0
0,     48218,0,        2759525779,0.0,4872
1,     48220,13590,        2759593072,0.0,0.0
0,     48222,0,        2759752965,0.0,4758
1,     48224,13591,        2759793076,0.0,0.0
0,     48226,0,        2759870316,0.0,6062
0,     48228,0,        2759990992,0.0,4314
0,     48229,0,        2759991115,0.0,4368
1,     48231,13592,        2759993076,0.0,0.0
1,     48233,13593,        2760193076,0.0,0.0
1,     48235,13594,        2760393080,0.0,0.0
1,     48237,13595,        2760593080,0.0,0.0
0,     48239,0,        2760618813,0.0,3510
1,     48241,13596,        2760793080,0.0,0.0
0,     48243,0,        2760894245,0.0,5803
1,     48245,13597,        2760993084,0.0,0.0
1,     48247,13598,        2761193084,0.0,0.0
1,     48249,13599,        2761393084,0.0,0.0
0,     48251,0,        2761401685,0.0,5095
0,     48253,0,        2761483204,0.0,4808
1,     48255,13600,        2761593084,0.0,0.0
1,     48257,13601,        2761793088,0.0,0.0
0,     48259,0,        2761881342,0.0,2304
1,     48261,13602,        2761993088,0.0,0.0
0,     48263,0,        2762011700,0.0,413
0,     48265,0,        2762034441,0.0,975
0,     48266,0,        2762035175,0.0,5204
0,     48268,0,        2762132290,0.0,2338
1,     48270,13603,        2762193088,0.0,0.0
1,     48272,13604,        2762393092,0.0,0.0
0,     48274,0,        2762511974,0.0,1088
1,     48276,13605,        2762593092,0.0,0.0
0,     48278,0,        2762696252,0.0,941
0,     48280,0,        2762732807,0.0,941
1,     48282,13606,        2762793092,0.0,0.0
0,     48284,0,        2762937641,0.0,1050
1,     48286,13607,        2762993096,0.0,0.0
0,     48288,0,        2763121483,0.0,36
1,     48290,13608,        2763193096,0.0,0.0
0,     48292,0,        2763234278,0.0,1240
0,     48294,0,        2763266206,0.0,3998
0,     48295,0,        2763266328,0.0,3392
1,     48297,13609,        2763393096,0.0,0.0
1,     48299,13610,        2763593096,0.0,0.0
0,     48301,0,        2763606009,0.0,3686
0,     48303,0,        2763785858,0.0,3377
1,     48305,13611,        2763793100,0.0,0.0
1,     48307,13612,        2763993100,0.0,0.0
1,     48309,13613,        2764193100,0.0,0.0
1,     48311,13614,        2764393104,0.0,0.0
1,     48313,13615,        2764593104,0.0,0.0
1,     48315,13616,        2764793104,0.0,0.0
1,     48317,13617,        2764993108,0.0,0.0
0,     48319,0,        2765007120,0.0,5003
1,     48321,13618,        2765193108,0.0,0.0
0,     48323,0,        2765344309,0.0,3985
1,     48325,13619,        2765393108,0.0,0.0
1,     48327,13620,        2765593108,0.0,0.0
1,     48329,13621,        2765793112,0.0,0.0
1,     48331,13622,        2765993112,0.0,0.0
0,     48333,0,        2766112405,0.0,6085
1,     48335,13623,        2766193112,0.0,0.0
1,     48337,13624,        2766393116,0.0,0.0
1,     48339,13625,        2766593116,0.0,0.0
1,     48341,13626,        2766793116,0.0,0.0
1,     48343,13627,        2766993116,0.0,0.0
0,     48345,0,        2767063308,0.0,1556
1,     48347,13628,        2767193120,0.0,0.0
0,     48349,0,        2767388068,0.0,3448
1,     48351,13629,        2767393120,0.0,0.0
1,     48353,13630,        2767593120,0.0,0.0
0,     48355,0,        2767735059,0.0,3879
1,     48357,13631,        2767793124,0.0,0.0
1,     48359,13632,        2767993124,0.0,0.0
1,     48361,13633,        2768193124,0.0,0.0
0,     48363,0,        2768198977,0.0,5184
0,     48365,0,        2768230701,0.0,147
1,     48367,13634,        2768393128,0.0,0.0
0,     48369,0,        2768427532,0.0,3697
0,     48371,0,        2768433510,0.0,3330
1,     48373,13635,        2768593128,0.0,0.0
1,     48375,13636,        2768793128,0.0,0.0
0,     48377,0,        2768962620,0.0,3284
1,     48379,13637,        2768993128,0.0,0.0
0,     48381,0,        2769071311,0.0,800
0,     48383,0,        2769137435,0.0,1654
1,     48385,13638,        2769193132,0.0,0.0
0,     48387,0,        2769332998,0.0,531
1,     48389,13639,        2769393132,0.0,0.0
0,     48391,0,        2769410419,0.0,5021
0,     48393,0,        2769521620,0.0,1712
0,     48395,0,        2769530698,0.0,3273
1,     48397,13640,        2769593132,0.0,0.0
1,     48399,13641,        2769793136,0.0,0.0
0,     48401,0,        2769800921,0.0,3328
1,     48403,13642,        2769993136,0.0,0.0
0,     48405,0,        2770097083,0.0,1009
0,     48407,0,        2770125753,0.0,831
0,     48409,0,        2770125841,0.0,3899
1,     48411,13643,        2770193136,0.0,0.0
0,     48413,0,        2770316704,0.0,4580
0,     48415,0,        2770390552,0.0,171
1,     48417,13644,        2770393140,0.0,0.0
1,     48419,13645,        2770593140,0.0,0.0
0,     48421,0,        2770708695,0.0,6021
0,     48423,0,        2770752212,0.0,1910
1,     48425,13646,        2770793140,0.0,0.0
0,     48427,0,        2770827461,0.0,5672
0,     48429,0,        2770985975,0.0,3275
1,     48431,13647,        2770993140,0.0,0.0
1,     48433,13648,        2771193144,0.0,0.0
0,     48435,0,        2771370001,0.0,422
1,     48437,13649,        2771393144,0.0,0.0
1,     48439,13650,        2771593144,0.0,0.0
0,     48441,0,        2771645624,0.0,2358
1,     48443,13651,        2771793148,0.0,0.0
0,     48445,0,        2771856718,0.0,492
1,     48447,13652,        2771993148,0.0,0.0
0,     48449,0,        2772018899,0.0,5974
0,     48451,0,        2772179653,0.0,3266
0,     48453,0,        2772182851,0.0,3297
1,     48455,13653,        2772193148,0.0,0.0
0,     48457,0,        2772303401,0.0,2538
1,     48459,13654,        2772393152,0.0,0.0
1,     48461,13655,        2772593152,0.0,0.0
0,     48463,0,        2772600512,0.0,472
0,     48465,0,        2772665869,0.0,6025
0,     48467,0,        2772767294,0.0,4157
1,     48469,13656,        2772793152,0.0,0.0
0,     48471,0,        2772880663,0.0,2095
0,     48473,0,        2772916145,0.0,4614
0,     48475,0,        2772921043,0.0,4757
1,     48477,13657,        2772993152,0.0,0.0
0,     48479,0,        2773091283,0.0,633
1,     48481,13658,        2773193156,0.0,0.0
1,     48483,13659,        2773393156,0.0,0.0
0,     48485,0,        2773478422,0.0,2991
1,     48487,13660,        2773593156,0.0,0.0
0,     48489,0,        2773635307,0.0,4325
0,     48491,0,        2773766939,0.0,4820
0,     48493,0,        2773776512,0.0,5147
1,     48495,13661,        2773793160,0.0,0.0
0,     48497,0,        2773924532,0.0,4936
1,     48499,13662,        2773993160,0.0,0.0
1,     48501,13663,        2774193160,0.0,0.0
0,     48503,0,        2774298018,0.0,3439
0,     48505,0,        2774316531,0.0,2413
1,     48507,13664,        2774393164,0.0,0.0
1,     48509,13665,        2774593164,0.0,0.0
1,     48511,13666,        2774793164,0.0,0.0
0,     48513,0,        2774909047,0.0,1819
1,     48515,13667,        2774993164,0.0,0.0
0,     48517,0,        2775184693,0.0,185
1,     48519,13668,        2775193168,0.0,0.0
0,     48521,0,        2775311970,0.0,2855
0,     48523,0,        2775313879,0.0,3282
1,     48525,13669,        2775393168,0.0,0.0
1,     48527,13670,        2775593168,0.0,0.0
0,     48529,0,        2775707856,0.0,5117
1,     48531,13671,        2775793172,0.0,0.0
1,     48533,13672,        2775993172,0.0,0.0
0,     48535,0,        2776117468,0.0,5564
1,     48537,13673,        2776193172,0.0,0.0
1,     48539,13674,        2776393172,0.0,0.0
1,     48541,13675,        2776593176,0.0,0.0
1,     48543,13676,        2776793176,0.0,0.0
0,     48545,0,        2776832442,0.0,274
1,     48547,13677,        2776993176,0.0,0.0
0,     48549,0,        2776995274,0.0,4102
1,     48551,13678,        2777193180,0.0,0.0
1,     48553,13679,        2777393180,0.0,0.0
1,     48555,13680,        2777593180,0.0,0.0
0,     48557,0,        2777687034,0.0,2848
1,     48559,13681,        2777793184,0.0,0.0
0,     48561,0,        2777888756,0.0,2378
1,     48563,13682,        2777993184,0.0,0.0
1,     48565,13683,        2778193184,0.0,0.0
1,     48567,13684,        2778393184,0.0,0.0
0,     48569,0,        2778443038,0.0,2988
0,     48571,0,        2778581255,0.0,5900
1,     48573,13685,        2778593188,0.0,0.0
1,     48575,13686,        2778793188,0.0,0.0
0,     48577,0,        2778843747,0.0,3421
0,     48579,0,        2778963255,0.0,5693
1,     48581,13687,        2778993188,0.0,0.0
0,     48583,0,        2779080731,0.0,806
0,     48585,0,        2779171446,0.0,1362
1,     48587,13688,        2779193192,0.0,0.0
1,     48589,13689,        2779393192,0.0,0.0
1,     48591,13690,        2779593192,0.0,0.0
1,     48593,13691,        2779793196,0.0,0.0
0,     48595,0,        2779878576,0.0,5799
1,     48597,13692,        2779993196,0.0,0.0
1,     48599,13693,        2780193196,0.0,0.0
1,     48601,13694,        2780393196,0.0,0.0
0,     48603,0,        2780561927,0.0,2590
0,     48604,0,        2780562044,0.0,2957
1,     48606,13695,        2780593200,0.0,0.0
0,     48608,0,        2780783985,0.0,703
1,     48610,13696,        2780793200,0.0,0.0
0,     48612,0,        2780932679,0.0,3263
1,     48614,13697,        2780993200,0.0,0.0
0,     48616,0,        2781063617,0.0,2319
0,     48618,0,        2781157466,0.0,5644
1,     48620,13698,        2781193204,0.0,0.0
1,     48622,13699,        2781393204,0.0,0.0
1,     48624,13700,        2781593204,0.0,0.0
0,     48626,0,        2781654084,0.0,3985
1,     48628,13701,        2781793208,0.0,0.0
1,     48630,13702,        2781993208,0.0,0.0
0,     48632,0,        2782018060,0.0,1119
1,     48634,13703,        2782193208,0.0,0.0
0,     48636,0,        2782329842,0.0,2452
1,     48638,13704,        2782393208,0.0,0.0
1,     48640,13705,        2782593212,0.0,0.0
0,     48642,0,        2782697422,0.0,2715
0,     48644,0,        2782711792,0.0,4382
1,     48646,13706,        2782793212,0.0,0.0
1,     48648,13707,        2782993212,0.0,0.0
0,     48650,0,        2783100459,0.0,1536
1,     48652,13708,        2783193216,0.0,0.0
0,     48654,0,        2783263087,0.0,4780
1,     48656,13709,        2783393216,0.0,0.0
1,     48658,13710,        2783593216,0.0,0.0
0,     48660,0,        2783783959,0.0,6086
1,     48662,13711,        2783793220,0.0,0.0
1,     48664,13712,        2783993220,0.0,0.0
0,     48666,0,        2784121014,0.0,2153
1,     48668,13713,        2784193220,0.0,0.0
1,     48670,13714,        2784393220,0.0,0.0
1,     48672,13715,        2784593224,0.0,0.0
0,     48674,0,        2784623642,0.0,1405
0,     48675,0,        2784623814,0.0,5433
1,     48677,13716,        2784793224,0.0,0.0
0,     48679,0,        2784985800,0.0,1864
1,     48681,13717,        2784993224,0.0,0.0
1,     48683,13718,        2785193228,0.0,0.0
1,     48685,13719,        2785393228,0.0,0.0
0,     48687,0,        2785422957,0.0,3874
1,     48689,13720,        2785593228,0.0,0.0
0,     48691,0,        2785676481,0.0,1750
0,     48693,0,        2785761807,0.0,5546
1,     48695,13721,        2785793228,0.0,0.0
0,     48697,0,        2785849164,0.0,3588
1,     48699,13722,        2785993232,0.0,0.0
1,     48701,13723,        2786193232,0.0,0.0
1,     48703,13724,        2786393232,0.0,0.0
0,     48705,0,        2786440038,0.0,1500
1,     48707,13725,        2786593236,0.0,0.0
1,     48709,13726,        2786793236,0.0,0.0
1,     48711,13727,        2786993236,0.0,0.0
1,     48713,13728,        2787193240,0.0,0.0
0,     48715,0,        2787257111,0.0,5828
1,     48717,13729,        2787393240,0.0,0.0
1,     48719,13730,        2787593240,0.0,0.0
0,     48721,0,        2787710442,0.0,3290
1,     48723,13731,        2787793240,0.0,0.0
0,     48725,0,        2787863360,0.0,3495
0,     48727,0,        2787967820,0.0,6160
1,     48729,13732,        2787993244,0.0,0.0
0,     48731,0,        2788069323,0.0,3598
1,     48733,13733,        2788193244,0.0,0.0
0,     48735,0,        2788388002,0.0,957
1,     48737,13734,        2788393244,0.0,0.0
1,     48739,13735,        2788593248,0.0,0.0
1,     48741,13736,        2788793248,0.0,0.0
1,     48743,13737,        2788993248,0.0,0.0
0,     48745,0,        2789099751,0.0,6007
0,     48747,0,        2789160541,0.0,758
1,     48749,13738,        2789193252,0.0,0.0
1,     48751,13739,        2789393252,0.0,0.0
0,     48753,0,        2789417274,0.0,5124
0,     48755,0,        2789488680,0.0,1394
1,     48757,13740,        2789593252,0.0,0.0
0,     48759,0,        2789658844,0.0,5847
1,     48761,13741,        2789793252,0.0,0.0
0,     48763,0,        2789954949,0.0,3261
1,     48765,13742,        2789993256,0.0,0.0
1,     48767,13743,        2790193256,0.0,0.0
0,     48769,0,        2790346429,0.0,3043
0,     48770,0,        2790346617,0.0,4790
1,     48772,13744,        2790393256,0.0,0.0
0,     48774,0,        2790413937,0.0,4908
1,     48776,13745,        2790593260,0.0,0.0
1,     48778,13746,        2790793260,0.0,0.0
1,     48780,13747,        2790993260,0.0,0.0
1,     48782,13748,        2791193264,0.0,0.0
1,     48784,13749,        2791393264,0.0,0.0
0,     48786,0,        2791399299,0.0,1906
1,     48788,13750,        2791593264,0.0,0.0
1,     48790,13751,        2791793264,0.0,0.0
1,     48792,13752,        2791993268,0.0,0.0
0,     48794,0,        2792142849,0.0,3376
0,     48796,0,        2792174078,0.0,4332
0,     48798,0,        2792188252,0.0,3380
1,     48800,13753,        2792193268,0.0,0.0
0,     48802,0,        2792244714,0.0,4737
0,     48804,0,        2792336262,0.0,23
0,     48806,0,        2792382580,0.0,1132
1,     48808,13754,        2792393268,0.0,0.0
1,     48810,13755,        2792593272,0.0,0.0
0,     48812,0,        2792628362,0.0,2303
1,     48814,13756,        2792793272,0.0,0.0
0,     48816,0,        2792927755,0.0,6112
1,     48818,13757,        2792993272,0.0,0.0
1,     48820,13758,        2793193276,0.0,0.0
1,     48822,13759,        2793393276,0.0,0.0
1,     48824,13760,        2793593276,0.0,0.0
1,     48826,13761,        2793793276,0.0,0.0
0,     48828,0,        2793860997,0.0,1540
0,     48830,0,        2793894116,0.0,5915
1,     48832,13762,        2793993280,0.0,0.0
0,     48834,0,        2794087589,0.0,297
1,     48836,13763,        2794193280,0.0,0.0
0,     48838,0,        2794269727,0.0,1895
0,     48839,0,        2794269961,0.0,4132
1,     48841,13764,        2794393280,0.0,0.0
0,     48843,0,        2794489333,0.0,3587
1,     48845,13765,        2794593284,0.0,0.0
0,     48847,0,        2794640760,0.0,4385
1,     48849,13766,        2794793284,0.0,0.0
0,     48851,0,        2794861980,0.0,4697
1,     48853,13767,        2794993284,0.0,0.0
1,     48855,13768,        2795193284,0.0,0.0
1,     48857,13769,        2795393288,0.0,0.0
1,     48859,13770,        2795593288,0.0,0.0
1,     48861,13771,        2795793288,0.0,0.0
0,     48863,0,        2795923971,0.0,575
1,     48865,13772,        2795993292,0.0,0.0
0,     48867,0,        2796111804,0.0,5797
1,     48869,13773,        2796193292,0.0,0.0
0,     48871,0,        2796367177,0.0,5427
1,     48873,13774,        2796393292,0.0,0.0
0,     48875,0,        2796462840,0.0,2553
0,     48877,0,        2796508372,0.0,3923
1,     48879,13775,        2796593296,0.0,0.0
1,     48881,13776,        2796793296,0.0,0.0
0,     48883,0,        2796946496,0.0,2301
1,     48885,13777,        2796993296,0.0,0.0
0,     48887,0,        2797041421,0.0,278
1,     48889,13778,        2797193296,0.0,0.0
0,     48891,0,        2797265233,0.0,1976
0,     48893,0,        2797359573,0.0,1571
0,     48894,0,        2797359593,0.0,5328
1,     48896,13779,        2797393300,0.0,0.0
1,     48898,13780,        2797593300,0.0,0.0
1,     48900,13781,        2797793300,0.0,0.0
0,     48902,0,        2797970958,0.0,3608
0,     48903,0,        2797971356,0.0,3217
1,     48905,13782,        2797993304,0.0,0.0
1,     48907,13783,        2798193304,0.0,0.0
0,     48909,0,        2798353836,0.0,1291
1,     48911,13784,        2798393304,0.0,0.0
0,     48913,0,        2798569799,0.0,4180
1,     48915,13785,        2798593308,0.0,0.0
1,     48917,13786,        2798793308,0.0,0.0
1,     48919,13787,        2798993308,0.0,0.0
0,     48921,0,        2799106886,0.0,400
0,     48923,0,        2799123670,0.0,1164
1,     48925,13788,        2799193308,0.0,0.0
1,     48927,13789,        2799393312,0.0,0.0
0,     48929,0,        2799412430,0.0,908
0,     48931,0,        2799475996,0.0,3321
0,     48933,0,        2799542133,0.0,3938
1,     48935,13790,        2799593312,0.0,0.0
1,     48937,13791,        2799793312,0.0,0.0
0,     48939,0,        2799801343,0.0,5328
0,     48941,0,        2799941199,0.0,4193
0,     48943,0,        2799944634,0.0,3905
1,     48945,13792,        2799993316,0.0,0.0
0,     48947,0,        2800146588,0.0,2093
1,     48949,13793,        2800193316,0.0,0.0
1,     48951,13794,        2800393316,0.0,0.0
0,     48953,0,        2800458518,0.0,443
1,     48955,13795,        2800593316,0.0,0.0
0,     48957,0,        2800665109,0.0,4105
0,     48958,0,        2800665125,0.0,4162
0,     48960,0,        2800790528,0.0,3093
1,     48962,13796,        2800793320,0.0,0.0
1,     48964,13797,        2800993320,0.0,0.0
1,     48966,13798,        2801193320,0.0,0.0
1,     48968,13799,        2801393324,0.0,0.0
1,     48970,13800,        2801593324,0.0,0.0
1,     48972,13801,        2801793324,0.0,0.0
1,     48974,13802,        2801993328,0.0,0.0
1,     48976,13803,        2802193328,0.0,0.0
1,     48978,13804,        2802393328,0.0,0.0
1,     48980,13805,        2802593332,0.0,0.0
1,     48982,13806,        2802793332,0.0,0.0
1,     48984,13807,        2802993332,0.0,0.0
0,     48986,0,        2803191234,0.0,3980
1,     48988,13808,        2803193332,0.0,0.0
1,     48990,13809,        2803393336,0.0,0.0
1,     48992,13810,        2803593336,0.0,0.0
0,     48994,0,        2803734003,0.0,833
1,     48996,13811,        2803793336,0.0,0.0
1,     48998,13812,        2803993340,0.0,0.0
1,     49000,13813,        2804193340,0.0,0.0
0,     49002,0,        2804302953,0.0,5710
1,     49004,13814,        2804393340,0.0,0.0
0,     49006,0,        2804419180,0.0,3689
1,     49008,13815,        2804593340,0.0,0.0
0,     49010,0,        2804686399,0.0,3805
1,     49012,13816,        2804793344,0.0,0.0
1,     49014,13817,        2804993344,0.0,0.0
0,     49016,0,        2805013374,0.0,3844
0,     49018,0,        2805112958,0.0,6004
1,     49020,13818,        2805193344,0.0,0.0
0,     49022,0,        2805213836,0.0,2672
1,     49024,13819,        2805393348,0.0,0.0
0,     49026,0,        2805500225,0.0,586
1,     49028,13820,        2805593348,0.0,0.0
1,     49030,13821,        2805793348,0.0,0.0
0,     49032,0,        2805954395,0.0,824
1,     49034,13822,        2805993352,0.0,0.0
1,     49036,13823,        2806193352,0.0,0.0
1,     49038,13824,        2806393352,0.0,0.0
1,     49040,13825,        2806593352,0.0,0.0
0,     49042,0,        2806598131,0.0,609
0,     49043,0,        2806598133,0.0,229
0,     49045,0,        2806690963,0.0,6168
1,     49047,13826,        2806793356,0.0,0.0
1,     49049,13827,        2806993356,0.0,0.0
0,     49051,0,        2807058396,0.0,264
0,     49053,0,        2807124839,0.0,1717
0,     49055,0,        2807179223,0.0,3670
1,     49057,13828,        2807193356,0.0,0.0
0,     49059,0,        2807248001,0.0,3376
1,     49061,13829,        2807393360,0.0,0.0
1,     49063,13830,        2807593360,0.0,0.0
0,     49065,0,        2807779771,0.0,5200
1,     49067,13831,        2807793360,0.0,0.0
1,     49069,13832,        2807993364,0.0,0.0
0,     49071,0,        2808075261,0.0,3672
0,     49073,0,        2808160281,0.0,5220
1,     49075,13833,        2808193364,0.0,0.0
1,     49077,13834,        2808393364,0.0,0.0
1,     49079,13835,        2808593364,0.0,0.0
0,     49081,0,        2808682356,0.0,1832
1,     49083,13836,        2808793368,0.0,0.0
1,     49085,13837,        2808993368,0.0,0.0
1,     49087,13838,        2809193368,0.0,0.0
0,     49089,0,        2809309792,0.0,5945
1,     49091,13839,        2809393372,0.0,0.0
0,     49093,0,        2809450112,0.0,5287
1,     49095,13840,        2809593372,0.0,0.0
0,     49097,0,        2809671100,0.0,4544
1,     49099,13841,        2809793372,0.0,0.0
1,     49101,13842,        2809993372,0.0,0.0
0,     49103,0,        2810131074,0.0,4541
1,     49105,13843,        2810193376,0.0,0.0
0,     49107,0,        2810307328,0.0,2625
0,     49109,0,        2810333450,0.0,1095
1,     49111,13844,        2810393376,0.0,0.0
0,     49113,0,        2810509423,0.0,5959
1,     49115,13845,        2810593376,0.0,0.0
0,     49117,0,        2810786970,0.0,1927
1,     49119,13846,        2810793380,0.0,0.0
0,     49121,0,        2810811324,0.0,1252
0,     49123,0,        2810895987,0.0,3932
1,     49125,13847,        2810993380,0.0,0.0
0,     49127,0,        2811155631,0.0,3561
1,     49129,13848,        2811193380,0.0,0.0
1,     49131,13849,        2811393384,0.0,0.0
1,     49133,13850,        2811593384,0.0,0.0
0,     49135,0,        2811711955,0.0,5427
1,     49137,13851,        2811793384,0.0,0.0
1,     49139,13852,        2811993384,0.0,0.0
1,     49141,13853,        2812193388,0.0,0.0
0,     49143,0,        2812291722,0.0,3722
1,     49145,13854,        2812393388,0.0,0.0
0,     49147,0,        2812551268,0.0,3863
1,     49149,13855,        2812593388,0.0,0.0
1,     49151,13856,        2812793392,0.0,0.0
1,     49153,13857,        2812993392,0.0,0.0
0,     49155,0,        2813117608,0.0,5659
1,     49157,13858,        2813193392,0.0,0.0
0,     49159,0,        2813370026,0.0,81
1,     49161,13859,        2813393396,0.0,0.0
1,     49163,13860,        2813593396,0.0,0.0
1,     49165,13861,        2813793396,0.0,0.0
0,     49167,0,        2813838734,0.0,5045
0,     49169,0,        2813872497,0.0,3673
0,     49171,0,        2813907987,0.0,5984
0,     49173,0,        2813960002,0.0,4701
1,     49175,13862,        2813993396,0.0,0.0
0,     49177,0,        2814112149,0.0,2244
0,     49179,0,        2814179341,0.0,5474
1,     49181,13863,        2814193400,0.0,0.0
1,     49183,13864,        2814393400,0.0,0.0
0,     49185,0,        2814590797,0.0,3233
1,     49187,13865,        2814593400,0.0,0.0
0,     49189,0,        2814667436,0.0,2965
0,     49191,0,        2814759486,0.0,2239
1,     49193,13866,        2814793404,0.0,0.0
1,     49195,13867,        2814993404,0.0,0.0
1,     49197,13868,        2815193404,0.0,0.0
0,     49199,0,        2815286052,0.0,4603
0,     49201,0,        2815391900,0.0,1116
1,     49203,13869,        2815393408,0.0,0.0
1,     49205,13870,        2815593408,0.0,0.0
1,     49207,13871,        2815793408,0.0,0.0
0,     49209,0,        2815802064,0.0,5613
0,     49211,0,        2815886907,0.0,808
1,     49213,13872,        2815993408,0.0,0.0
0,     49215,0,        2816025257,0.0,2815
1,     49217,13873,        2816193412,0.0,0.0
1,     49219,13874,        2816393412,0.0,0.0
0,     49221,0,        2816429952,0.0,5776
0,     49222,0,        2816430042,0.0,5227
1,     49224,13875,        2816593412,0.0,0.0
1,     49226,13876,        2816793416,0.0,0.0
0,     49228,0,        2816826871,0.0,918
1,     49230,13877,        2816993416,0.0,0.0
1,     49232,13878,        2817193416,0.0,0.0
1,     49234,13879,        2817393420,0.0,0.0
1,     49236,13880,        2817593420,0.0,0.0
0,     49238,0,        2817611851,0.0,4740
0,     49240,0,        2817686223,0.0,3234
1,     49242,13881,        2817793420,0.0,0.0
1,     49244,13882,        2817993420,0.0,0.0
0,     49246,0,        2818007077,0.0,3146
0,     49248,0,        2818037587,0.0,1360
0,     49250,0,        2818079916,0.0,3388
1,     49252,13883,        2818193424,0.0,0.0
1,     49254,13884,        2818393424,0.0,0.0
0,     49256,0,        2818531975,0.0,2518
1,     49258,13885,        2818593424,0.0,0.0
0,     49260,0,        2818736565,0.0,4330
1,     49262,13886,        2818793428,0.0,0.0
0,     49264,0,        2818833637,0.0,5352
1,     49266,13887,        2818993428,0.0,0.0
1,     49268,13888,        2819193428,0.0,0.0
1,     49270,13889,        2819393428,0.0,0.0
1,     49272,13890,        2819593432,0.0,0.0
0,     49274,0,        2819623147,0.0,3144
0,     49276,0,        2819625275,0.0,1089
0,     49278,0,        2819745043,0.0,4211
1,     49280,13891,        2819793432,0.0,0.0
1,     49282,13892,        2819993432,0.0,0.0
1,     49284,13893,        2820193436,0.0,0.0
0,     49286,0,        2820369532,0.0,5040
1,     49288,13894,        2820393436,0.0,0.0
0,     49290,0,        2820566106,0.0,3424
0,     49292,0,        2820568788,0.0,4313
1,     49294,13895,        2820593436,0.0,0.0
1,     49296,13896,        2820793440,0.0,0.0
0,     49298,0,        2820976269,0.0,5794
1,     49300,13897,        2820993440,0.0,0.0
1,     49302,13898,        2821193440,0.0,0.0
0,     49304,0,        2821326765,0.0,585
1,     49306,13899,        2821393440,0.0,0.0
0,     49308,0,        2821495191,0.0,731
1,     49310,13900,        2821593444,0.0,0.0
1,     49312,13901,        2821793444,0.0,0.0
0,     49314,0,        2821884210,0.0,4230
0,     49316,0,        2821961532,0.0,43
1,     49318,13902,        2821993444,0.0,0.0
1,     49320,13903,        2822193448,0.0,0.0
0,     49322,0,        2822257850,0.0,433
1,     49324,13904,        2822393448,0.0,0.0
0,     49326,0,        2822402905,0.0,3379
0,     49328,0,        2822471249,0.0,1799
0,     49330,0,        2822479994,0.0,1093
1,     49332,13905,        2822593448,0.0,0.0
1,     49334,13906,        2822793452,0.0,0.0
1,     49336,13907,        2822993452,0.0,0.0
0,     49338,0,        2823114067,0.0,3857
1,     49340,13908,        2823193452,0.0,0.0
1,     49342,13909,        2823393452,0.0,0.0
0,     49344,0,        2823505764,0.0,3308
1,     49346,13910,        2823593456,0.0,0.0
1,     49348,13911,        2823793456,0.0,0.0
1,     49350,13912,        2823993456,0.0,0.0
0,     49352,0,        2824027359,0.0,4084
1,     49354,13913,        2824193460,0.0,0.0
1,     49356,13914,        2824393460,0.0,0.0
0,     49358,0,        2824548206,0.0,4764
1,     49360,13915,        2824593460,0.0,0.0
1,     49362,13916,        2824793464,0.0,0.0
0,     49364,0,        2824862812,0.0,3566
1,     49366,13917,        2824993464,0.0,0.0
0,     49368,0,        2825152288,0.0,828
1,     49370,13918,        2825193464,0.0,0.0
1,     49372,13919,        2825393464,0.0,0.0
1,     49374,13920,        2825593468,0.0,0.0
0,     49376,0,        2825688507,0.0,14
0,     49378,0,        2825744929,0.0,4280
1,     49380,13921,        2825793468,0.0,0.0
0,     49382,0,        2825828938,0.0,3950
0,     49384,0,        2825889530,0.0,5845
1,     49386,13922,        2825993468,0.0,0.0
1,     49388,13923,        2826193472,0.0,0.0
0,     49390,0,        2826301431,0.0,3893
1,     49392,13924,        2826393472,0.0,0.0
1,     49394,13925,        2826593472,0.0,0.0
1,     49396,13926,        2826793476,0.0,0.0
0,     49398,0,        2826874929,0.0,5690
1,     49400,13927,        2826993476,0.0,0.0
1,     49402,13928,        2827193476,0.0,0.0
1,     49404,13929,        2827393476,0.0,0.0
1,     49406,13930,        2827593480,0.0,0.0
1,     49408,13931,        2827793480,0.0,0.0
1,     49410,13932,        2827993480,0.0,0.0
0,     49412,0,        2828067245,0.0,4630
1,     49414,13933,        2828193484,0.0,0.0
1,     49416,13934,        2828393484,0.0,0.0
0,     49418,0,        2828437510,0.0,5649
1,     49420,13935,        2828593484,0.0,0.0
0,     49422,0,        2828643540,0.0,3873
1,     49424,13936,        2828793484,0.0,0.0
1,     49426,13937,        2828993488,0.0,0.0
0,     49428,0,        2829090395,0.0,2360
0,     49430,0,        2829119646,0.0,1322
0,     49432,0,        2829139620,0.0,2715
1,     49434,13938,        2829193488,0.0,0.0
0,     49436,0,        2829326954,0.0,5119
1,     49438,13939,        2829393488,0.0,0.0
1,     49440,13940,        2829593492,0.0,0.0
0,     49442,0,        2829650248,0.0,2093
0,     49444,0,        2829685062,0.0,3479
0,     49445,0,        2829685247,0.0,4244
0,     49447,0,        2829690551,0.0,3522
1,     49449,13941,        2829793492,0.0,0.0
0,     49451,0,        2829883786,0.0,4522
1,     49453,13942,        2829993492,0.0,0.0
0,     49455,0,        2830135998,0.0,1103
1,     49457,13943,        2830193496,0.0,0.0
1,     49459,13944,        2830393496,0.0,0.0
0,     49461,0,        2830572360,0.0,959
1,     49463,13945,        2830593496,0.0,0.0
0,     49465,0,        2830690007,0.0,1349
1,     49467,13946,        2830793496,0.0,0.0
0,     49469,0,        2830906293,0.0,3804
1,     49471,13947,        2830993500,0.0,0.0
0,     49473,0,        2831081081,0.0,3919
1,     49475,13948,        2831193500,0.0,0.0
0,     49477,0,        2831359301,0.0,4722
1,     49479,13949,        2831393500,0.0,0.0
0,     49481,0,        2831498319,0.0,3871
0,     49483,0,        2831560430,0.0,4595
1,     49485,13950,        2831593504,0.0,0.0
1,     49487,13951,        2831793504,0.0,0.0
0,     49489,0,        2831836008,0.0,4266
0,     49491,0,        2831872907,0.0,1947
0,     49493,0,        2831939863,0.0,2961
1,     49495,13952,        2831993504,0.0,0.0
1,     49497,13953,        2832193508,0.0,0.0
1,     49499,13954,        2832393508,0.0,0.0
0,     49501,0,        2832506155,0.0,1277
0,     49503,0,        2832565087,0.0,1383
0,     49505,0,        2832587411,0.0,1135
1,     49507,13955,        2832593508,0.0,0.0
1,     49509,13956,        2832793508,0.0,0.0
0,     49511,0,        2832974105,0.0,5268
1,     49513,13957,        2832993512,0.0,0.0
1,     49515,13958,        2833193512,0.0,0.0
1,     49517,13959,        2833393512,0.0,0.0
0,     49519,0,        2833429263,0.0,3724
1,     49521,13960,        2833593516,0.0,0.0
0,     49523,0,        2833748066,0.0,1489
1,     49525,13961,        2833793516,0.0,0.0
1,     49527,13962,        2833993516,0.0,0.0
0,     49529,0,        2834136151,0.0,4639
0,     49530,0,        2834136165,0.0,4166
0,     49532,0,        2834157961,0.0,5073
1,     49534,13963,        2834193520,0.0,0.0
0,     49536,0,        2834328932,0.0,5109
0,     49538,0,        2834393294,0.0,3513
1,     49539,13964,        2834393520,0.0,0.0
0,     49541,0,        2834564303,0.0,3348
1,     49543,13965,        2834593520,0.0,0.0
1,     49545,13966,        2834793520,0.0,0.0
1,     49547,13967,        2834993524,0.0,0.0
1,     49549,13968,        2835193524,0.0,0.0
0,     49551,0,        2835277567,0.0,5258
1,     49553,13969,        2835393524,0.0,0.0
0,     49555,0,        2835453293,0.0,281
1,     49557,13970,        2835593528,0.0,0.0
1,     49559,13971,        2835793528,0.0,0.0
0,     49561,0,        2835986788,0.0,1892
1,     49563,13972,        2835993528,0.0,0.0
1,     49565,13973,        2836193528,0.0,0.0
1,     49567,13974,        2836393532,0.0,0.0
0,     49569,0,        2836503061,0.0,5116
0,     49571,0,        2836538186,0.0,4202
1,     49573,13975,        2836593532,0.0,0.0
0,     49575,0,        2836703593,0.0,712
1,     49577,13976,        2836793532,0.0,0.0
1,     49579,13977,        2836993536,0.0,0.0
1,     49581,13978,        2837193536,0.0,0.0
0,     49583,0,        2837209207,0.0,4873
0,     49585,0,        2837213050,0.0,3473
0,     49587,0,        2837373676,0.0,1102
1,     49589,13979,        2837393536,0.0,0.0
0,     49591,0,        2837517830,0.0,4331
1,     49593,13980,        2837593540,0.0,0.0
0,     49595,0,        2837676324,0.0,2888
0,     49597,0,        2837722005,0.0,4641
1,     49599,13981,        2837793540,0.0,0.0
1,     49601,13982,        2837993540,0.0,0.0
0,     49603,0,        2838020798,0.0,3543
1,     49605,13983,        2838193540,0.0,0.0
0,     49607,0,        2838335937,0.0,5474
0,     49609,0,        2838348682,0.0,3408
0,     49611,0,        2838352696,0.0,259
1,     49613,13984,        2838393544,0.0,0.0
0,     49615,0,        2838577435,0.0,3407
0,     49616,0,        2838577442,0.0,881
1,     49618,13985,        2838593544,0.0,0.0
1,     49620,13986,        2838793544,0.0,0.0
0,     49622,0,        2838833136,0.0,1572
1,     49624,13987,        2838993548,0.0,0.0
0,     49626,0,        2839176961,0.0,1213
1,     49628,13988,        2839193548,0.0,0.0
1,     49630,13989,        2839393548,0.0,0.0
1,     49632,13990,        2839593552,0.0,0.0
1,     49634,13991,        2839793552,0.0,0.0
1,     49636,13992,        2839993552,0.0,0.0
1,     49638,13993,        2840193552,0.0,0.0
1,     49640,13994,        2840393556,0.0,0.0
1,     49642,13995,        2840593556,0.0,0.0
1,     49644,13996,        2840793556,0.0,0.0
0,     49646,0,        2840973055,0.0,176
0,     49648,0,        2840984025,0.0,3336
1,     49650,13997,        2840993560,0.0,0.0
0,     49652,0,        2841050169,0.0,245
1,     49654,13998,        2841193560,0.0,0.0
0,     49656,0,        2841258450,0.0,544
1,     49658,13999,        2841393560,0.0,0.0
0,     49660,0,        2841431840,0.0,4305
0,     49662,0,        2841519756,0.0,3328
1,     49664,14000,        2841593564,0.0,0.0
0,     49666,0,        2841687249,0.0,1398
1,     49668,14001,        2841793564,0.0,0.0
0,     49670,0,        2841966604,0.0,3531
1,     49672,14002,        2841993564,0.0,0.0
1,     49674,14003,        2842193564,0.0,0.0
1,     49676,14004,        2842393568,0.0,0.0
0,     49678,0,        2842412433,0.0,2837
0,     49680,0,        2842464842,0.0,187
1,     49682,14005,        2842593568,0.0,0.0
0,     49684,0,        2842715044,0.0,4485
1,     49686,14006,        2842793568,0.0,0.0
1,     49688,14007,        2842993572,0.0,0.0
0,     49690,0,        2843028314,0.0,3297
0,     49692,0,        2843031958,0.0,2287
0,     49694,0,        2843080716,0.0,3526
1,     49696,14008,        2843193572,0.0,0.0
1,     49698,14009,        2843393572,0.0,0.0
0,     49700,0,        2843448874,0.0,1410
0,     49702,0,        2843546865,0.0,2203
1,     49704,14010,        2843593572,0.0,0.0
0,     49706,0,        2843681446,0.0,5325
0,     49707,0,        2843681517,0.0,3127
0,     49709,0,        2843715900,0.0,2323
0,     49710,0,        2843716494,0.0,2300
1,     49712,14011,        2843793576,0.0,0.0
0,     49714,0,        2843858170,0.0,3306
1,     49716,14012,        2843993576,0.0,0.0
0,     49718,0,        2844113913,0.0,3836
1,     49720,14013,        2844193576,0.0,0.0
0,     49722,0,        2844259988,0.0,5147
0,     49724,0,        2844271646,0.0,1491
0,     49726,0,        2844339567,0.0,6211
1,     49728,14014,        2844393580,0.0,0.0
1,     49730,14015,        2844593580,0.0,0.0
0,     49732,0,        2844642669,0.0,1338
1,     49734,14016,        2844793580,0.0,0.0
1,     49736,14017,        2844993584,0.0,0.0
0,     49738,0,        2845150318,0.0,5263
0,     49740,0,        2845153191,0.0,3283
1,     49742,14018,        2845193584,0.0,0.0
1,     49744,14019,        2845393584,0.0,0.0
0,     49746,0,        2845401094,0.0,6063
1,     49748,14020,        2845593584,0.0,0.0
1,     49750,14021,        2845793588,0.0,0.0
1,     49752,14022,        2845993588,0.0,0.0
0,     49754,0,        2846100911,0.0,2967
0,     49756,0,        2846112111,0.0,1298
1,     49758,14023,        2846193588,0.0,0.0
1,     49760,14024,        2846393592,0.0,0.0
1,     49762,14025,        2846593592,0.0,0.0
1,     49764,14026,        2846793592,0.0,0.0
0,     49766,0,        2846941179,0.0,3286
1,     49768,14027,        2846993596,0.0,0.0
0,     49770,0,        2847082209,0.0,5610
1,     49772,14028,        2847193596,0.0,0.0
0,     49774,0,        2847350480,0.0,2550
0,     49776,0,        2847352775,0.0,3274
0,     49778,0,        2847367898,0.0,1694
1,     49780,14029,        2847393596,0.0,0.0
0,     49782,0,        2847428648,0.0,4258
0,     49784,0,        2847582745,0.0,665
1,     49786,14030,        2847593596,0.0,0.0
1,     49788,14031,        2847793600,0.0,0.0
1,     49790,14032,        2847993600,0.0,0.0
0,     49792,0,        2848037114,0.0,3284
0,     49794,0,        2848115948,0.0,3281
1,     49796,14033,        2848193600,0.0,0.0
1,     49798,14034,        2848393604,0.0,0.0
0,     49800,0,        2848517270,0.0,4382
1,     49802,14035,        2848593604,0.0,0.0
1,     49804,14036,        2848793604,0.0,0.0
0,     49806,0,        2848854093,0.0,3885
1,     49808,14037,        2848993608,0.0,0.0
0,     49810,0,        2849068889,0.0,5412
0,     49812,0,        2849182098,0.0,2103
1,     49814,14038,        2849193608,0.0,0.0
0,     49816,0,        2849249048,0.0,3450
0,     49818,0,        2849277710,0.0,3419
0,     49819,0,        2849277722,0.0,3202
1,     49821,14039,        2849393608,0.0,0.0
0,     49823,0,        2849545663,0.0,3907
1,     49825,14040,        2849593608,0.0,0.0
1,     49827,14041,        2849793612,0.0,0.0
0,     49829,0,        2849963330,0.0,2510
0,     49830,0,        2849963337,0.0,577
1,     49832,14042,        2849993612,0.0,0.0
1,     49834,14043,        2850193612,0.0,0.0
0,     49836,0,        2850388037,0.0,89
1,     49838,14044,        2850393616,0.0,0.0
0,     49840,0,        2850478305,0.0,2337
0,     49842,0,        2850569089,0.0,2697
0,     49844,0,        2850585054,0.0,1071
1,     49846,14045,        2850593616,0.0,0.0
1,     49848,14046,        2850793616,0.0,0.0
1,     49850,14047,        2850993620,0.0,0.0
0,     49852,0,        2851091237,0.0,385
1,     49854,14048,        2851193620,0.0,0.0
1,     49856,14049,        2851393620,0.0,0.0
0,     49858,0,        2851417719,0.0,3912
1,     49860,14050,        2851593620,0.0,0.0
0,     49862,0,        2851719575,0.0,2489
1,     49864,14051,        2851793624,0.0,0.0
1,     49866,14052,        2851993624,0.0,0.0
1,     49868,14053,        2852193624,0.0,0.0
1,     49870,14054,        2852393628,0.0,0.0
1,     49872,14055,        2852593628,0.0,0.0
1,     49874,14056,        2852793628,0.0,0.0
0,     49876,0,        2852846830,0.0,5342
1,     49878,14057,        2852993628,0.0,0.0
1,     49880,14058,        2853193632,0.0,0.0
1,     49882,14059,        2853393632,0.0,0.0
1,     49884,14060,        2853593632,0.0,0.0
1,     49886,14061,        2853793636,0.0,0.0
0,     49888,0,        2853923491,0.0,4844
1,     49890,14062,        2853993636,0.0,0.0
1,     49892,14063,        2854193636,0.0,0.0
0,     49894,0,        2854390834,0.0,3841
1,     49896,14064,        2854393640,0.0,0.0
0,     49898,0,        2854433400,0.0,6077
0,     49900,0,        2854533494,0.0,290
0,     49901,0,        2854533720,0.0,1632
1,     49903,14065,        2854593640,0.0,0.0
1,     49905,14066,        2854793640,0.0,0.0
1,     49907,14067,        2854993640,0.0,0.0
0,     49909,0,        2855080039,0.0,5445
1,     49911,14068,        2855193644,0.0,0.0
1,     49913,14069,        2855393644,0.0,0.0
0,     49915,0,        2855430858,0.0,1876
0,     49917,0,        2855491078,0.0,4150
1,     49919,14070,        2855593644,0.0,0.0
1,     49921,14071,        2855793648,0.0,0.0
0,     49923,0,        2855834255,0.0,4707
1,     49925,14072,        2855993648,0.0,0.0
0,     49927,0,        2856041923,0.0,4845
1,     49929,14073,        2856193648,0.0,0.0
1,     49931,14074,        2856393652,0.0,0.0
0,     49933,0,        2856468490,0.0,5811
1,     49935,14075,        2856593652,0.0,0.0
0,     49937,0,        2856716838,0.0,6156
1,     49939,14076,        2856793652,0.0,0.0
1,     49941,14077,        2856993652,0.0,0.0
0,     49943,0,        2857079510,0.0,726
0,     49945,0,        2857087240,0.0,5995
1,     49947,14078,        2857193656,0.0,0.0
0,     49949,0,        2857207575,0.0,1734
1,     49951,14079,        2857393656,0.0,0.0
0,     49953,0,        2857489392,0.0,4063
0,     49954,0,        2857489395,0.0,201
1,     49956,14080,        2857593656,0.0,0.0
1,     49958,14081,        2857793660,0.0,0.0
0,     49960,0,        2857985987,0.0,3266
1,     49962,14082,        2857993660,0.0,0.0
1,     49964,14083,        2858193660,0.0,0.0
0,     49966,0,        2858338954,0.0,2562
1,     49968,14084,        2858393664,0.0,0.0
0,     49970,0,        2858419135,0.0,676
0,     49972,0,        2858481236,0.0,1893
1,     49974,14085,        2858593664,0.0,0.0
1,     49976,14086,        2858793664,0.0,0.0
1,     49978,14087,        2858993664,0.0,0.0
0,     49980,0,        2859118081,0.0,4320
1,     49982,14088,        2859193668,0.0,0.0
1,     49984,14089,        2859393668,0.0,0.0
0,     49986,0,        2859587228,0.0,3429
0,     49988,0,        2859592498,0.0,4764
1,     49990,14090,        2859593668,0.0,0.0
1,     49992,14091,        2859793672,0.0,0.0
1,     49994,14092,        2859993672,0.0,0.0
1,     49996,14093,        2860193672,0.0,0.0
0,     49998,0,        2860270882,0.0,3587
0,     50000,0,        2860386205,0.0,5427
1,     50002,14094,        2860393676,0.0,0.0
1,     50004,14095,        2860593676,0.0,0.0
1,     50006,14096,        2860793676,0.0,0.0
0,     50008,0,        2860911442,0.0,747
1,     50010,14097,        2860993676,0.0,0.0
0,     50012,0,        2861014984,0.0,659
0,     50014,0,        2861050988,0.0,5820
1,     50016,14098,        2861193680,0.0,0.0
1,     50018,14099,        2861393680,0.0,0.0
1,     50020,14100,        2861593680,0.0,0.0
0,     50022,0,        2861627239,0.0,2050
0,     50024,0,        2861732044,0.0,4112
0,     50026,0,        2861735489,0.0,253
1,     50028,14101,        2861793684,0.0,0.0
0,     50030,0,        2861838833,0.0,1202
1,     50032,14102,        2861993684,0.0,0.0
1,     50034,14103,        2862193684,0.0,0.0
0,     50036,0,        2862340535,0.0,5075
1,     50038,14104,        2862393684,0.0,0.0
1,     50040,14105,        2862593688,0.0,0.0
1,     50042,14106,        2862793688,0.0,0.0
0,     50044,0,        2862928816,0.0,4756
1,     50046,14107,        2862993688,0.0,0.0
0,     50048,0,        2863163007,0.0,5391
1,     50050,14108,        2863193692,0.0,0.0
1,     50052,14109,        2863393692,0.0,0.0
0,     50054,0,        2863550165,0.0,5781
1,     50056,14110,        2863593692,0.0,0.0
0,     50058,0,        2863770550,0.0,4071
1,     50060,14111,        2863793696,0.0,0.0
0,     50062,0,        2863808942,0.0,1779
0,     50064,0,        2863958859,0.0,3297
0,     50066,0,        2863978419,0.0,3377
0,     50067,0,        2863978444,0.0,1002
1,     50069,14112,        2863993696,0.0,0.0
1,     50071,14113,        2864193696,0.0,0.0
1,     50073,14114,        2864393696,0.0,0.0
0,     50075,0,        2864524973,0.0,3310
0,     50077,0,        2864529484,0.0,4498
1,     50079,14115,        2864593700,0.0,0.0
1,     50081,14116,        2864793700,0.0,0.0
1,     50083,14117,        2864993700,0.0,0.0
0,     50085,0,        2865094951,0.0,3111
1,     50087,14118,        2865193704,0.0,0.0
0,     50089,0,        2865267566,0.0,5384
1,     50091,14119,        2865393704,0.0,0.0
1,     50093,14120,        2865593704,0.0,0.0
0,     50095,0,        2865654709,0.0,3904
0,     50097,0,        2865672423,0.0,311
1,     50099,14121,        2865793708,0.0,0.0
0,     50101,0,        2865921345,0.0,284
1,     50103,14122,        2865993708,0.0,0.0
1,     50105,14123,        2866193708,0.0,0.0
0,     50107,0,        2866306535,0.0,4607
1,     50109,14124,        2866393708,0.0,0.0
1,     50111,14125,        2866593712,0.0,0.0
1,     50113,14126,        2866793712,0.0,0.0
0,     50114,0,        2866794284,0.0,3374
1,     50116,14127,        2866993712,0.0,0.0
0,     50118,0,        2867123100,0.0,6116
1,     50120,14128,        2867193716,0.0,0.0
0,     50122,0,        2867212000,0.0,3864
0,     50123,0,        2867212072,0.0,6181
0,     50125,0,        2867383045,0.0,5967
1,     50127,14129,        2867393716,0.0,0.0
0,     50129,0,        2867509972,0.0,4036
1,     50131,14130,        2867593716,0.0,0.0
1,     50133,14131,        2867793720,0.0,0.0
0,     50135,0,        2867946521,0.0,2692
1,     50137,14132,        2867993720,0.0,0.0
1,     50139,14133,        2868193720,0.0,0.0
1,     50141,14134,        2868393720,0.0,0.0
1,     50143,14135,        2868593724,0.0,0.0
0,     50145,0,        2868708210,0.0,5954
0,     50147,0,        2868721489,0.0,2360
1,     50149,14136,        2868793724,0.0,0.0
1,     50151,14137,        2868993724,0.0,0.0
0,     50153,0,        2869010894,0.0,171
0,     50155,0,        2869018596,0.0,3195
1,     50157,14138,        2869193728,0.0,0.0
0,     50159,0,        2869284945,0.0,1656
0,     50161,0,        2869337681,0.0,3911
1,     50163,14139,        2869393728,0.0,0.0
0,     50165,0,        2869435017,0.0,3431
0,     50167,0,        2869491479,0.0,3031
1,     50169,14140,        2869593728,0.0,0.0
0,     50171,0,        2869630193,0.0,3461
1,     50173,14141,        2869793732,0.0,0.0
1,     50175,14142,        2869993732,0.0,0.0
0,     50177,0,        2870087761,0.0,3227
0,     50179,0,        2870091864,0.0,3459
0,     50181,0,        2870144959,0.0,6244
1,     50183,14143,        2870193732,0.0,0.0
0,     50185,0,        2870198337,0.0,3480
0,     50187,0,        2870238575,0.0,943
1,     50189,14144,        2870393732,0.0,0.0
0,     50191,0,        2870431203,0.0,3082
0,     50193,0,        2870539031,0.0,5169
0,     50194,0,        2870539063,0.0,775
1,     50196,14145,        2870593736,0.0,0.0
1,     50198,14146,        2870793736,0.0,0.0
0,     50200,0,        2870836262,0.0,3601
1,     50202,14147,        2870993736,0.0,0.0
1,     50204,14148,        2871193740,0.0,0.0
0,     50206,0,        2871286554,0.0,1817
0,     50208,0,        2871355007,0.0,1559
1,     50210,14149,        2871393740,0.0,0.0
0,     50212,0,        2871466253,0.0,3848
0,     50214,0,        2871516698,0.0,653
1,     50216,14150,        2871593740,0.0,0.0
0,     50218,0,        2871613497,0.0,48
1,     50220,14151,        2871793740,0.0,0.0
0,     50222,0,        2871831452,0.0,1554
1,     50224,14152,        2871993744,0.0,0.0
0,     50226,0,        2872010406,0.0,4901
1,     50228,14153,        2872193744,0.0,0.0
1,     50230,14154,        2872393744,0.0,0.0
0,     50232,0,        2872411219,0.0,6075
1,     50234,14155,        2872593748,0.0,0.0
0,     50236,0,        2872665172,0.0,4081
1,     50238,14156,        2872793748,0.0,0.0
1,     50240,14157,        2872993748,0.0,0.0
0,     50242,0,        2873036733,0.0,5377
1,     50244,14158,        2873193752,0.0,0.0
0,     50246,0,        2873358833,0.0,1777
1,     50248,14159,        2873393752,0.0,0.0
1,     50250,14160,        2873593752,0.0,0.0
1,     50252,14161,        2873793752,0.0,0.0
1,     50254,14162,        2873993756,0.0,0.0
0,     50256,0,        2874147636,0.0,3713
1,     50258,14163,        2874193756,0.0,0.0
0,     50260,0,        2874228477,0.0,2135
1,     50262,14164,        2874393756,0.0,0.0
0,     50264,0,        2874469201,0.0,5844
1,     50266,14165,        2874593760,0.0,0.0
1,     50268,14166,        2874793760,0.0,0.0
0,     50270,0,        2874924716,0.0,5435
1,     50272,14167,        2874993760,0.0,0.0
0,     50274,0,        2875138716,0.0,925
1,     50276,14168,        2875193764,0.0,0.0
0,     50278,0,        2875195131,0.0,1588
1,     50280,14169,        2875393764,0.0,0.0
1,     50282,14170,        2875593764,0.0,0.0
1,     50284,14171,        2875793764,0.0,0.0
0,     50286,0,        2875869488,0.0,5319
1,     50288,14172,        2875993768,0.0,0.0
1,     50290,14173,        2876193768,0.0,0.0
1,     50292,14174,        2876393768,0.0,0.0
1,     50294,14175,        2876593772,0.0,0.0
0,     50296,0,        2876627263,0.0,3901
0,     50298,0,        2876648408,0.0,2655
0,     50300,0,        2876649690,0.0,1565
0,     50302,0,        2876671490,0.0,969
0,     50304,0,        2876765606,0.0,702
1,     50306,14176,        2876793772,0.0,0.0
0,     50308,0,        2876849770,0.0,419
0,     50310,0,        2876896815,0.0,3036
0,     50311,0,        2876896876,0.0,5582
1,     50313,14177,        2876993772,0.0,0.0
0,     50315,0,        2876999831,0.0,3127
0,     50317,0,        2877055732,0.0,4653
0,     50319,0,        2877111058,0.0,3365
1,     50321,14178,        2877193776,0.0,0.0
1,     50323,14179,        2877393776,0.0,0.0
0,     50325,0,        2877546620,0.0,3917
1,     50327,14180,        2877593776,0.0,0.0
1,     50329,14181,        2877793776,0.0,0.0
0,     50331,0,        2877853442,0.0,3519
0,     50333,0,        2877950020,0.0,3505
1,     50335,14182,        2877993780,0.0,0.0
1,     50337,14183,        2878193780,0.0,0.0
1,     50339,14184,        2878393780,0.0,0.0
0,     50341,0,        2878511223,0.0,6168
0,     50343,0,        2878560006,0.0,4208
1,     50345,14185,        2878593784,0.0,0.0
0,     50347,0,        2878715650,0.0,3538
1,     50349,14186,        2878793784,0.0,0.0
0,     50351,0,        2878865918,0.0,935
1,     50353,14187,        2878993784,0.0,0.0
1,     50355,14188,        2879193788,0.0,0.0
0,     50357,0,        2879306914,0.0,4252
1,     50359,14189,        2879393788,0.0,0.0
1,     50361,14190,        2879593788,0.0,0.0
0,     50363,0,        2879642653,0.0,2389
1,     50365,14191,        2879793788,0.0,0.0
0,     50367,0,        2879818404,0.0,5841
0,     50369,0,        2879820253,0.0,4924
0,     50371,0,        2879961073,0.0,2851
1,     50373,14192,        2879993792,0.0,0.0
1,     50375,14193,        2880193792,0.0,0.0
1,     50377,14194,        2880393792,0.0,0.0
1,     50379,14195,        2880593796,0.0,0.0
1,     50381,14196,        2880793796,0.0,0.0
1,     50383,14197,        2880993796,0.0,0.0
0,     50385,0,        2881137195,0.0,5627
1,     50387,14198,        2881193796,0.0,0.0
0,     50389,0,        2881351577,0.0,1949
0,     50390,0,        2881351580,0.0,5382
1,     50392,14199,        2881393800,0.0,0.0
0,     50394,0,        2881483726,0.0,3042
0,     50396,0,        2881553833,0.0,527
1,     50398,14200,        2881593800,0.0,0.0
1,     50400,14201,        2881793800,0.0,0.0
0,     50402,0,        2881900262,0.0,525
1,     50404,14202,        2881993804,0.0,0.0
1,     50406,14203,        2882193804,0.0,0.0
1,     50408,14204,        2882393804,0.0,0.0
0,     50410,0,        2882495610,0.0,4794
1,     50412,14205,        2882593808,0.0,0.0
0,     50414,0,        2882635645,0.0,5320
0,     50416,0,        2882636461,0.0,8
1,     50418,14206,        2882793808,0.0,0.0
0,     50420,0,        2882823333,0.0,1884
1,     50422,14207,        2882993808,0.0,0.0
1,     50424,14208,        2883193808,0.0,0.0
1,     50426,14209,        2883393812,0.0,0.0
1,     50428,14210,        2883593812,0.0,0.0
0,     50430,0,        2883661296,0.0,4097
1,     50432,14211,        2883793812,0.0,0.0
1,     50434,14212,        2883993816,0.0,0.0
1,     50436,14213,        2884193816,0.0,0.0
0,     50438,0,        2884197192,0.0,4082
0,     50440,0,        2884197560,0.0,3978
0,     50442,0,        2884345372,0.0,2099
1,     50444,14214,        2884393816,0.0,0.0
0,     50446,0,        2884566605,0.0,283
1,     50448,14215,        2884593820,0.0,0.0
0,     50450,0,        2884706386,0.0,3089
1,     50452,14216,        2884793820,0.0,0.0
1,     50454,14217,        2884993820,0.0,0.0
1,     50456,14218,        2885193820,0.0,0.0
0,     50458,0,        2885299311,0.0,4401
0,     50460,0,        2885391794,0.0,2850
1,     50462,14219,        2885393824,0.0,0.0
0,     50464,0,        2885397217,0.0,18
0,     50466,0,        2885450963,0.0,5259
0,     50468,0,        2885580861,0.0,2764
1,     50470,14220,        2885593824,0.0,0.0
1,     50472,14221,        2885793824,0.0,0.0
0,     50474,0,        2885968106,0.0,5829
1,     50476,14222,        2885993828,0.0,0.0
0,     50478,0,        2886181817,0.0,2813
1,     50480,14223,        2886193828,0.0,0.0
1,     50482,14224,        2886393828,0.0,0.0
0,     50484,0,        2886430376,0.0,3334
1,     50486,14225,        2886593828,0.0,0.0
1,     50488,14226,        2886793832,0.0,0.0
0,     50490,0,        2886898322,0.0,4647
0,     50492,0,        2886978107,0.0,1793
1,     50494,14227,        2886993832,0.0,0.0
1,     50496,14228,        2887193832,0.0,0.0
1,     50498,14229,        2887393836,0.0,0.0
0,     50500,0,        2887503016,0.0,1195
1,     50502,14230,        2887593836,0.0,0.0
0,     50504,0,        2887610621,0.0,5379
0,     50506,0,        2887652283,0.0,932
0,     50508,0,        2887744673,0.0,5818
1,     50510,14231,        2887793836,0.0,0.0
0,     50512,0,        2887866060,0.0,2220
1,     50514,14232,        2887993840,0.0,0.0
0,     50516,0,        2888048969,0.0,6007
1,     50518,14233,        2888193840,0.0,0.0
1,     50520,14234,        2888393840,0.0,0.0
1,     50522,14235,        2888593840,0.0,0.0
0,     50524,0,        2888627238,0.0,3128
0,     50526,0,        2888727092,0.0,4774
1,     50528,14236,        2888793844,0.0,0.0
1,     50530,14237,        2888993844,0.0,0.0
0,     50532,0,        2889027068,0.0,2930
1,     50534,14238,        2889193844,0.0,0.0
0,     50536,0,        2889392570,0.0,3726
1,     50538,14239,        2889393848,0.0,0.0
1,     50540,14240,        2889593848,0.0,0.0
0,     50542,0,        2889691455,0.0,803
0,     50544,0,        2889766832,0.0,1402
0,     50545,0,        2889766903,0.0,5917
1,     50547,14241,        2889793848,0.0,0.0
0,     50549,0,        2889915078,0.0,990
0,     50550,0,        2889915191,0.0,2838
1,     50552,14242,        2889993852,0.0,0.0
0,     50554,0,        2890139241,0.0,2351
1,     50556,14243,        2890193852,0.0,0.0
0,     50558,0,        2890280417,0.0,1390
0,     50560,0,        2890359795,0.0,1616
0,     50562,0,        2890360114,0.0,3562
1,     50564,14244,        2890393852,0.0,0.0
0,     50566,0,        2890540290,0.0,1872
1,     50568,14245,        2890593852,0.0,0.0
1,     50570,14246,        2890793856,0.0,0.0
1,     50572,14247,        2890993856,0.0,0.0
1,     50574,14248,        2891193856,0.0,0.0
1,     50576,14249,        2891393860,0.0,0.0
0,     50578,0,        2891586684,0.0,3656
1,     50580,14250,        2891593860,0.0,0.0
0,     50582,0,        2891639580,0.0,5584
0,     50584,0,        2891658109,0.0,2520
0,     50586,0,        2891667253,0.0,4376
1,     50588,14251,        2891793860,0.0,0.0
1,     50590,14252,        2891993864,0.0,0.0
1,     50592,14253,        2892193864,0.0,0.0
1,     50594,14254,        2892393864,0.0,0.0
1,     50596,14255,        2892593864,0.0,0.0
0,     50598,0,        2892606413,0.0,5001
0,     50600,0,        2892697691,0.0,2961
0,     50602,0,        2892724627,0.0,2057
1,     50604,14256,        2892793868,0.0,0.0
1,     50606,14257,        2892993868,0.0,0.0
0,     50608,0,        2893155608,0.0,952
1,     50610,14258,        2893193868,0.0,0.0
1,     50612,14259,        2893393872,0.0,0.0
0,     50614,0,        2893568223,0.0,1862
1,     50616,14260,        2893593872,0.0,0.0
0,     50618,0,        2893647526,0.0,1560
1,     50620,14261,        2893793872,0.0,0.0
0,     50622,0,        2893888833,0.0,1448
0,     50623,0,        2893888836,0.0,3767
0,     50625,0,        2893962854,0.0,4829
1,     50627,14262,        2893993876,0.0,0.0
1,     50629,14263,        2894193876,0.0,0.0
0,     50631,0,        2894199381,0.0,4085
0,     50633,0,        2894343761,0.0,726
0,     50635,0,        2894352651,0.0,3822
1,     50637,14264,        2894393876,0.0,0.0
0,     50639,0,        2894429950,0.0,921
1,     50641,14265,        2894593876,0.0,0.0
1,     50643,14266,        2894793880,0.0,0.0
1,     50645,14267,        2894993880,0.0,0.0
0,     50647,0,        2895149209,0.0,3400
1,     50649,14268,        2895193880,0.0,0.0
1,     50651,14269,        2895393884,0.0,0.0
0,     50653,0,        2895399921,0.0,5878
0,     50655,0,        2895542346,0.0,3665
1,     50657,14270,        2895593884,0.0,0.0
1,     50659,14271,        2895793884,0.0,0.0
1,     50661,14272,        2895993884,0.0,0.0
1,     50663,14273,        2896193888,0.0,0.0
0,     50665,0,        2896380248,0.0,1380
1,     50667,14274,        2896393888,0.0,0.0
0,     50669,0,        2896396655,0.0,1769
1,     50671,14275,        2896593888,0.0,0.0
0,     50673,0,        2896622525,0.0,1201
1,     50675,14276,        2896793892,0.0,0.0
0,     50677,0,        2896941505,0.0,4538
1,     50679,14277,        2896993892,0.0,0.0
1,     50681,14278,        2897193892,0.0,0.0
0,     50683,0,        2897256047,0.0,6237
0,     50684,0,        2897256206,0.0,2594
0,     50686,0,        2897274629,0.0,1955
1,     50688,14279,        2897393896,0.0,0.0
1,     50690,14280,        2897593896,0.0,0.0
0,     50692,0,        2897605874,0.0,4217
0,     50694,0,        2897666897,0.0,4979
0,     50696,0,        2897713189,0.0,5933
0,     50698,0,        2897723402,0.0,5119
1,     50700,14281,        2897793896,0.0,0.0
1,     50702,14282,        2897993896,0.0,0.0
0,     50704,0,        2898014063,0.0,855
1,     50706,14283,        2898193900,0.0,0.0
0,     50708,0,        2898200600,0.0,5239
0,     50709,0,        2898200687,0.0,6057
0,     50711,0,        2898378618,0.0,2655
1,     50713,14284,        2898393900,0.0,0.0
1,     50715,14285,        2898593900,0.0,0.0
0,     50717,0,        2898614045,0.0,3633
1,     50719,14286,        2898793904,0.0,0.0
1,     50721,14287,        2898993904,0.0,0.0
1,     50723,14288,        2899193904,0.0,0.0
1,     50725,14289,        2899393908,0.0,0.0
1,     50727,14290,        2899593908,0.0,0.0
1,     50729,14291,        2899793908,0.0,0.0
0,     50731,0,        2899846954,0.0,5889
1,     50733,14292,        2899993908,0.0,0.0
0,     50735,0,        2900058573,0.0,328
1,     50737,14293,        2900193912,0.0,0.0
1,     50739,14294,        2900393912,0.0,0.0
1,     50741,14295,        2900593912,0.0,0.0
1,     50743,14296,        2900793916,0.0,0.0
1,     50745,14297,        2900993916,0.0,0.0
0,     50747,0,        2901081139,0.0,2359
1,     50749,14298,        2901193916,0.0,0.0
1,     50751,14299,        2901393920,0.0,0.0
0,     50753,0,        2901399333,0.0,3000
0,     50755,0,        2901497940,0.0,3539
0,     50757,0,        2901576127,0.0,2027
1,     50759,14300,        2901593920,0.0,0.0
0,     50761,0,        2901646304,0.0,4444
0,     50763,0,        2901766785,0.0,1948
1,     50765,14301,        2901793920,0.0,0.0
0,     50767,0,        2901930030,0.0,1480
1,     50769,14302,        2901993920,0.0,0.0
1,     50771,14303,        2902193924,0.0,0.0
0,     50773,0,        2902311641,0.0,6169
1,     50775,14304,        2902393924,0.0,0.0
0,     50777,0,        2902469435,0.0,5240
1,     50779,14305,        2902593924,0.0,0.0
1,     50781,14306,        2902793928,0.0,0.0
1,     50783,14307,        2902993928,0.0,0.0
1,     50785,14308,        2903193928,0.0,0.0
0,     50787,0,        2903287821,0.0,787
1,     50789,14309,        2903393932,0.0,0.0
1,     50791,14310,        2903593932,0.0,0.0
1,     50793,14311,        2903793932,0.0,0.0
1,     50795,14312,        2903993932,0.0,0.0
0,     50797,0,        2904046590,0.0,3
1,     50799,14313,        2904193936,0.0,0.0
1,     50801,14314,        2904393936,0.0,0.0
1,     50803,14315,        2904593936,0.0,0.0
1,     50805,14316,        2904793940,0.0,0.0
0,     50807,0,        2904825444,0.0,4846
0,     50809,0,        2904965392,0.0,5730
1,     50811,14317,        2904993940,0.0,0.0
0,     50813,0,        2905041464,0.0,3648
1,     50815,14318,        2905193940,0.0,0.0
0,     50817,0,        2905250497,0.0,2746
0,     50819,0,        2905353913,0.0,5491
1,     50821,14319,        2905393940,0.0,0.0
1,     50823,14320,        2905593944,0.0,0.0
0,     50825,0,        2905611596,0.0,5220
1,     50827,14321,        2905793944,0.0,0.0
1,     50829,14322,        2905993944,0.0,0.0
1,     50831,14323,        2906193948,0.0,0.0
0,     50833,0,        2906274685,0.0,2228
0,     50835,0,        2906372569,0.0,1781
1,     50837,14324,        2906393948,0.0,0.0
0,     50839,0,        2906396588,0.0,4764
0,     50841,0,        2906536757,0.0,5390
1,     50843,14325,        2906593948,0.0,0.0
0,     50845,0,        2906760167,0.0,4516
1,     50847,14326,        2906793952,0.0,0.0
0,     50849,0,        2906965194,0.0,1575
1,     50851,14327,        2906993952,0.0,0.0
1,     50853,14328,        2907193952,0.0,0.0
0,     50855,0,        2907198897,0.0,5215
0,     50857,0,        2907244243,0.0,2513
1,     50859,14329,        2907393952,0.0,0.0
1,     50861,14330,        2907593956,0.0,0.0
0,     50863,0,        2907601541,0.0,5472
0,     50865,0,        2907730096,0.0,2895
1,     50867,14331,        2907793956,0.0,0.0
1,     50869,14332,        2907993956,0.0,0.0
1,     50871,14333,        2908193960,0.0,0.0
0,     50873,0,        2908383977,0.0,2106
1,     50875,14334,        2908393960,0.0,0.0
1,     50877,14335,        2908593960,0.0,0.0
0,     50879,0,        2908650071,0.0,2016
1,     50881,14336,        2908793964,0.0,0.0
1,     50883,14337,        2908993964,0.0,0.0
0,     50885,0,        2909189990,0.0,309
1,     50887,14338,        2909193964,0.0,0.0
1,     50889,14339,        2909393964,0.0,0.0
0,     50891,0,        2909450867,0.0,5673
1,     50893,14340,        2909593968,0.0,0.0
1,     50895,14341,        2909793968,0.0,0.0
1,     50897,14342,        2909993968,0.0,0.0
0,     50899,0,        2910025584,0.0,1806
1,     50901,14343,        2910193972,0.0,0.0
1,     50903,14344,        2910393972,0.0,0.0
1,     50905,14345,        2910593972,0.0,0.0
1,     50907,14346,        2910793976,0.0,0.0
1,     50909,14347,        2910993976,0.0,0.0
1,     50911,14348,        2911193976,0.0,0.0
1,     50913,14349,        2911393976,0.0,0.0
1,     50915,14350,        2911593980,0.0,0.0
0,     50917,0,        2911682432,0.0,1081
0,     50919,0,        2911773658,0.0,624
1,     50921,14351,        2911793980,0.0,0.0
0,     50923,0,        2911865622,0.0,4963
0,     50925,0,        2911879952,0.0,1041
0,     50927,0,        2911934935,0.0,1366
1,     50929,14352,        2911993980,0.0,0.0
1,     50931,14353,        2912193984,0.0,0.0
1,     50933,14354,        2912393984,0.0,0.0
1,     50935,14355,        2912593984,0.0,0.0
0,     50937,0,        2912679663,0.0,3580
1,     50939,14356,        2912793988,0.0,0.0
0,     50941,0,        2912870733,0.0,2209
0,     50943,0,        2912888630,0.0,3512
0,     50945,0,        2912906603,0.0,2579
1,     50947,14357,        2912993988,0.0,0.0
0,     50949,0,        2913111569,0.0,3547
1,     50951,14358,        2913193988,0.0,0.0
1,     50953,14359,        2913393988,0.0,0.0
1,     50955,14360,        2913593992,0.0,0.0
0,     50957,0,        2913681791,0.0,2222
1,     50959,14361,        2913793992,0.0,0.0
0,     50961,0,        2913966776,0.0,3504
1,     50963,14362,        2913993992,0.0,0.0
0,     50965,0,        2914063508,0.0,3437
1,     50967,14363,        2914193996,0.0,0.0
1,     50969,14364,        2914393996,0.0,0.0
0,     50971,0,        2914569478,0.0,4201
1,     50973,14365,        2914593996,0.0,0.0
1,     50975,14366,        2914793996,0.0,0.0
1,     50977,14367,        2914994000,0.0,0.0
0,     50979,0,        2915004693,0.0,2578
0,     50981,0,        2915033885,0.0,1857
1,     50983,14368,        2915194000,0.0,0.0
0,     50985,0,        2915207092,0.0,5033
1,     50987,14369,        2915394000,0.0,0.0
1,     50989,14370,        2915594004,0.0,0.0
0,     50991,0,        2915635652,0.0,3403
0,     50993,0,        2915674580,0.0,90
0,     50994,0,        2915675011,0.0,5689
0,     50996,0,        2915768052,0.0,5864
0,     50997,0,        2915768181,0.0,3358
1,     50999,14371,        2915794004,0.0,0.0
1,     51001,14372,        2915994004,0.0,0.0
1,     51003,14373,        2916194008,0.0,0.0
1,     51005,14374,        2916394008,0.0,0.0
1,     51007,14375,        2916594008,0.0,0.0
1,     51009,14376,        2916794008,0.0,0.0
0,     51011,0,        2916816678,0.0,2210
0,     51013,0,        2916951074,0.0,2880
1,     51015,14377,        2916994012,0.0,0.0
1,     51017,14378,        2917194012,0.0,0.0
1,     51019,14379,        2917394012,0.0,0.0
1,     51021,14380,        2917594016,0.0,0.0
0,     51023,0,        2917623896,0.0,2115
1,     51025,14381,        2917794016,0.0,0.0
1,     51027,14382,        2917994016,0.0,0.0
0,     51029,0,        2918056717,0.0,3428
1,     51031,14383,        2918194020,0.0,0.0
0,     51033,0,        2918226653,0.0,382
1,     51035,14384,        2918394020,0.0,0.0
1,     51037,14385,        2918594020,0.0,0.0
1,     51039,14386,        2918794020,0.0,0.0
0,     51041,0,        2918968002,0.0,5634
0,     51043,0,        2918970028,0.0,1339
1,     51045,14387,        2918994024,0.0,0.0
1,     51047,14388,        2919194024,0.0,0.0
0,     51049,0,        2919321206,0.0,3296
1,     51051,14389,        2919394024,0.0,0.0
0,     51053,0,        2919400778,0.0,3348
0,     51055,0,        2919443119,0.0,3303
1,     51057,14390,        2919594028,0.0,0.0
1,     51059,14391,        2919794028,0.0,0.0
0,     51061,0,        2919902217,0.0,1251
0,     51063,0,        2919937616,0.0,3241
1,     51065,14392,        2919994028,0.0,0.0
0,     51067,0,        2920051433,0.0,3281
1,     51069,14393,        2920194032,0.0,0.0
0,     51071,0,        2920225783,0.0,3156
1,     51073,14394,        2920394032,0.0,0.0
0,     51075,0,        2920547597,0.0,3298
1,     51077,14395,        2920594032,0.0,0.0
1,     51079,14396,        2920794032,0.0,0.0
1,     51081,14397,        2920994036,0.0,0.0
0,     51083,0,        2921113839,0.0,4576
0,     51085,0,        2921141369,0.0,1865
0,     51087,0,        2921177215,0.0,2863
1,     51089,14398,        2921194036,0.0,0.0
0,     51091,0,        2921211184,0.0,5668
1,     51093,14399,        2921394036,0.0,0.0
1,     51095,14400,        2921594040,0.0,0.0
1,     51097,14401,        2921794040,0.0,0.0
0,     51099,0,        2921824785,0.0,989
0,     51101,0,        2921863417,0.0,4237
1,     51103,14402,        2921994040,0.0,0.0
0,     51105,0,        2922181784,0.0,2874
1,     51107,14403,        2922194044,0.0,0.0
0,     51109,0,        2922306065,0.0,4299
1,     51111,14404,        2922394044,0.0,0.0
1,     51113,14405,        2922594044,0.0,0.0
0,     51115,0,        2922650784,0.0,623
0,     51117,0,        2922657733,0.0,3339
1,     51119,14406,        2922794044,0.0,0.0
1,     51121,14407,        2922994048,0.0,0.0
1,     51123,14408,        2923194048,0.0,0.0
1,     51125,14409,        2923394048,0.0,0.0
0,     51127,0,        2923504015,0.0,3472
1,     51129,14410,        2923594052,0.0,0.0
0,     51131,0,        2923668233,0.0,5236
0,     51133,0,        2923738745,0.0,3229
1,     51135,14411,        2923794052,0.0,0.0
1,     51137,14412,        2923994052,0.0,0.0
0,     51139,0,        2924138560,0.0,1189
1,     51141,14413,        2924194052,0.0,0.0
1,     51143,14414,        2924394056,0.0,0.0
1,     51145,14415,        2924594056,0.0,0.0
0,     51147,0,        2924603032,0.0,5132
0,     51149,0,        2924642414,0.0,1547
1,     51151,14416,        2924794056,0.0,0.0
0,     51153,0,        2924838672,0.0,1158
1,     51155,14417,        2924994060,0.0,0.0
0,     51157,0,        2925022706,0.0,3141
1,     51159,14418,        2925194060,0.0,0.0
0,     51161,0,        2925265654,0.0,3931
1,     51163,14419,        2925394060,0.0,0.0
0,     51165,0,        2925485501,0.0,1490
1,     51167,14420,        2925594064,0.0,0.0
1,     51169,14421,        2925794064,0.0,0.0
1,     51171,14422,        2925994064,0.0,0.0
0,     51173,0,        2926008612,0.0,6067
0,     51175,0,        2926038058,0.0,3848
1,     51177,14423,        2926194064,0.0,0.0
1,     51179,14424,        2926394068,0.0,0.0
0,     51181,0,        2926501631,0.0,1891
1,     51183,14425,        2926594068,0.0,0.0
1,     51185,14426,        2926794068,0.0,0.0
1,     51187,14427,        2926994072,0.0,0.0
1,     51189,14428,        2927194072,0.0,0.0
1,     51191,14429,        2927394072,0.0,0.0
1,     51193,14430,        2927594076,0.0,0.0
0,     51195,0,        2927649214,0.0,3632
0,     51197,0,        2927714836,0.0,4112
0,     51199,0,        2927724344,0.0,3440
0,     51201,0,        2927772386,0.0,4050
1,     51203,14431,        2927794076,0.0,0.0
0,     51205,0,        2927797002,0.0,813
1,     51207,14432,        2927994076,0.0,0.0
0,     51209,0,        2928174150,0.0,3872
1,     51211,14433,        2928194076,0.0,0.0
0,     51213,0,        2928287865,0.0,2158
1,     51215,14434,        2928394080,0.0,0.0
0,     51217,0,        2928417449,0.0,551
1,     51219,14435,        2928594080,0.0,0.0
0,     51221,0,        2928609492,0.0,6025
0,     51223,0,        2928757077,0.0,1071
1,     51225,14436,        2928794080,0.0,0.0
0,     51227,0,        2928921551,0.0,869
1,     51229,14437,        2928994084,0.0,0.0
0,     51231,0,        2929119596,0.0,2887
1,     51233,14438,        2929194084,0.0,0.0
1,     51235,14439,        2929394084,0.0,0.0
0,     51237,0,        2929536922,0.0,4104
1,     51239,14440,        2929594084,0.0,0.0
1,     51241,14441,        2929794088,0.0,0.0
0,     51243,0,        2929931533,0.0,3693
0,     51245,0,        2929988259,0.0,1049
1,     51247,14442,        2929994088,0.0,0.0
1,     51249,14443,        2930194088,0.0,0.0
1,     51251,14444,        2930394092,0.0,0.0
1,     51253,14445,        2930594092,0.0,0.0
0,     51255,0,        2930613678,0.0,1629
0,     51257,0,        2930675092,0.0,4733
1,     51259,14446,        2930794092,0.0,0.0
0,     51261,0,        2930815792,0.0,973
1,     51263,14447,        2930994096,0.0,0.0
0,     51265,0,        2931023570,0.0,440
1,     51267,14448,        2931194096,0.0,0.0
0,     51269,0,        2931307777,0.0,4616
1,     51271,14449,        2931394096,0.0,0.0
0,     51273,0,        2931492413,0.0,5929
1,     51275,14450,        2931594100,0.0,0.0
0,     51277,0,        2931648539,0.0,6101
1,     51279,14451,        2931794100,0.0,0.0
0,     51281,0,        2931873997,0.0,2415
0,     51282,0,        2931874086,0.0,5599
1,     51284,14452,        2931994100,0.0,0.0
1,     51286,14453,        2932194100,0.0,0.0
1,     51288,14454,        2932394104,0.0,0.0
0,     51290,0,        2932554177,0.0,3678
1,     51292,14455,        2932594104,0.0,0.0
0,     51294,0,        2932748896,0.0,3490
0,     51296,0,        2932759705,0.0,4295
0,     51298,0,        2932791419,0.0,5028
1,     51300,14456,        2932794104,0.0,0.0
0,     51302,0,        2932822766,0.0,2725
1,     51304,14457,        2932994108,0.0,0.0
1,     51306,14458,        2933194108,0.0,0.0
1,     51308,14459,        2933394108,0.0,0.0
0,     51310,0,        2933507067,0.0,2595
1,     51312,14460,        2933594108,0.0,0.0
0,     51314,0,        2933639252,0.0,6060
0,     51316,0,        2933661604,0.0,1148
0,     51318,0,        2933765131,0.0,5413
1,     51320,14461,        2933794112,0.0,0.0
1,     51322,14462,        2933994112,0.0,0.0
1,     51324,14463,        2934194112,0.0,0.0
1,     51326,14464,        2934394116,0.0,0.0
1,     51328,14465,        2934594116,0.0,0.0
1,     51330,14466,        2934794116,0.0,0.0
1,     51332,14467,        2934994120,0.0,0.0
1,     51334,14468,        2935194120,0.0,0.0
1,     51336,14469,        2935394120,0.0,0.0
0,     51338,0,        2935472357,0.0,3950
0,     51340,0,        2935509193,0.0,3345
1,     51342,14470,        2935594120,0.0,0.0
1,     51344,14471,        2935794124,0.0,0.0
0,     51346,0,        2935971230,0.0,3364
1,     51348,14472,        2935994124,0.0,0.0
1,     51350,14473,        2936194124,0.0,0.0
1,     51352,14474,        2936394128,0.0,0.0
1,     51354,14475,        2936594128,0.0,0.0
0,     51356,0,        2936657914,0.0,5115
1,     51358,14476,        2936794128,0.0,0.0
1,     51360,14477,        2936994132,0.0,0.0
1,     51362,14478,        2937194132,0.0,0.0
0,     51364,0,        2937284674,0.0,4426
1,     51366,14479,        2937394132,0.0,0.0
0,     51368,0,        2937475740,0.0,3298
1,     51370,14480,        2937594132,0.0,0.0
1,     51372,14481,        2937794136,0.0,0.0
1,     51374,14482,        2937994136,0.0,0.0
1,     51376,14483,        2938194136,0.0,0.0
0,     51378,0,        2938255696,0.0,4673
1,     51380,14484,        2938394140,0.0,0.0
1,     51382,14485,        2938594140,0.0,0.0
1,     51384,14486,        2938794140,0.0,0.0
0,     51386,0,        2938991165,0.0,1750
1,     51388,14487,        2938994140,0.0,0.0
1,     51390,14488,        2939194144,0.0,0.0
0,     51392,0,        2939346472,0.0,3121
1,     51394,14489,        2939394144,0.0,0.0
0,     51396,0,        2939516050,0.0,4657
1,     51398,14490,        2939594144,0.0,0.0
0,     51400,0,        2939717016,0.0,1560
1,     51402,14491,        2939794148,0.0,0.0
0,     51404,0,        2939860519,0.0,1030
0,     51406,0,        2939931436,0.0,3547
1,     51408,14492,        2939994148,0.0,0.0
0,     51410,0,        2940180103,0.0,1802
1,     51412,14493,        2940194148,0.0,0.0
0,     51414,0,        2940269262,0.0,510
1,     51416,14494,        2940394152,0.0,0.0
0,     51418,0,        2940573061,0.0,1975
1,     51420,14495,        2940594152,0.0,0.0
1,     51422,14496,        2940794152,0.0,0.0
0,     51424,0,        2940975672,0.0,4260
1,     51426,14497,        2940994152,0.0,0.0
0,     51428,0,        2941160890,0.0,1738
1,     51430,14498,        2941194156,0.0,0.0
1,     51432,14499,        2941394156,0.0,0.0
0,     51434,0,        2941453703,0.0,1601
1,     51436,14500,        2941594156,0.0,0.0
1,     51438,14501,        2941794160,0.0,0.0
0,     51440,0,        2941981633,0.0,3210
1,     51442,14502,        2941994160,0.0,0.0
0,     51444,0,        2942076508,0.0,3752
1,     51446,14503,        2942194160,0.0,0.0
1,     51448,14504,        2942394164,0.0,0.0
1,     51450,14505,        2942594164,0.0,0.0
0,     51452,0,        2942652151,0.0,4391
1,     51454,14506,        2942794164,0.0,0.0
1,     51456,14507,        2942994164,0.0,0.0
0,     51458,0,        2943143624,0.0,2567
1,     51460,14508,        2943194168,0.0,0.0
0,     51462,0,        2943213694,0.0,2951
0,     51464,0,        2943272530,0.0,1982
1,     51466,14509,        2943394168,0.0,0.0
0,     51468,0,        2943471819,0.0,1889
1,     51470,14510,        2943594168,0.0,0.0
1,     51472,14511,        2943794172,0.0,0.0
0,     51474,0,        2943803758,0.0,5368
0,     51476,0,        2943849128,0.0,5666
1,     51478,14512,        2943994172,0.0,0.0
1,     51480,14513,        2944194172,0.0,0.0
1,     51482,14514,        2944394176,0.0,0.0
0,     51484,0,        2944581342,0.0,5003
1,     51486,14515,        2944594176,0.0,0.0
0,     51488,0,        2944763142,0.0,4571
1,     51490,14516,        2944794176,0.0,0.0
0,     51492,0,        2944948451,0.0,2306
1,     51494,14517,        2944994176,0.0,0.0
0,     51496,0,        2945115077,0.0,5041
0,     51498,0,        2945141182,0.0,3501
1,     51500,14518,        2945194180,0.0,0.0
1,     51502,14519,        2945394180,0.0,0.0
0,     51504,0,        2945514920,0.0,1936
1,     51506,14520,        2945594180,0.0,0.0
0,     51508,0,        2945670035,0.0,3451
0,     51510,0,        2945686538,0.0,4401
1,     51512,14521,        2945794184,0.0,0.0
0,     51514,0,        2945880675,0.0,4408
1,     51516,14522,        2945994184,0.0,0.0
0,     51518,0,        2946188347,0.0,3709
1,     51520,14523,        2946194184,0.0,0.0
1,     51522,14524,        2946394188,0.0,0.0
1,     51524,14525,        2946594188,0.0,0.0
0,     51526,0,        2946606414,0.0,3976
0,     51528,0,        2946709520,0.0,4936
1,     51530,14526,        2946794188,0.0,0.0
1,     51532,14527,        2946994188,0.0,0.0
0,     51534,0,        2947003277,0.0,2449
1,     51536,14528,        2947194192,0.0,0.0
1,     51538,14529,        2947394192,0.0,0.0
0,     51540,0,        2947480353,0.0,1452
1,     51542,14530,        2947594192,0.0,0.0
0,     51544,0,        2947758101,0.0,3664
1,     51546,14531,        2947794196,0.0,0.0
0,     51548,0,        2947946874,0.0,4083
1,     51550,14532,        2947994196,0.0,0.0
1,     51552,14533,        2948194196,0.0,0.0
0,     51554,0,        2948282134,0.0,4739
0,     51555,0,        2948282305,0.0,2573
1,     51557,14534,        2948394196,0.0,0.0
1,     51559,14535,        2948594200,0.0,0.0
1,     51561,14536,        2948794200,0.0,0.0
1,     51563,14537,        2948994200,0.0,0.0
0,     51565,0,        2949148512,0.0,5609
1,     51567,14538,        2949194204,0.0,0.0
0,     51569,0,        2949364816,0.0,2426
1,     51571,14539,        2949394204,0.0,0.0
0,     51573,0,        2949426468,0.0,2870
1,     51575,14540,        2949594204,0.0,0.0
0,     51577,0,        2949762125,0.0,3557
1,     51579,14541,        2949794208,0.0,0.0
1,     51581,14542,        2949994208,0.0,0.0
0,     51583,0,        2950152628,0.0,1185
1,     51585,14543,        2950194208,0.0,0.0
0,     51587,0,        2950218028,0.0,3705
1,     51589,14544,        2950394208,0.0,0.0
0,     51591,0,        2950507329,0.0,4763
0,     51593,0,        2950514924,0.0,1031
1,     51595,14545,        2950594212,0.0,0.0
1,     51597,14546,        2950794212,0.0,0.0
0,     51599,0,        2950896476,0.0,855
0,     51601,0,        2950930387,0.0,1638
1,     51603,14547,        2950994212,0.0,0.0
1,     51605,14548,        2951194216,0.0,0.0
0,     51607,0,        2951212764,0.0,187
1,     51609,14549,        2951394216,0.0,0.0
0,     51611,0,        2951510579,0.0,3969
1,     51613,14550,        2951594216,0.0,0.0
0,     51615,0,        2951719828,0.0,4048
0,     51617,0,        2951779485,0.0,1210
1,     51619,14551,        2951794220,0.0,0.0
0,     51621,0,        2951924591,0.0,4192
0,     51623,0,        2951937156,0.0,6124
1,     51625,14552,        2951994220,0.0,0.0
0,     51627,0,        2952125034,0.0,6197
0,     51629,0,        2952189619,0.0,405
1,     51631,14553,        2952194220,0.0,0.0
0,     51633,0,        2952221682,0.0,5346
0,     51635,0,        2952221908,0.0,2812
1,     51637,14554,        2952394220,0.0,0.0
0,     51639,0,        2952443260,0.0,5093
0,     51641,0,        2952510199,0.0,4156
1,     51643,14555,        2952594224,0.0,0.0
0,     51645,0,        2952703278,0.0,1696
1,     51647,14556,        2952794224,0.0,0.0
0,     51649,0,        2952855299,0.0,3397
0,     51651,0,        2952882966,0.0,2234
1,     51653,14557,        2952994224,0.0,0.0
0,     51655,0,        2953141804,0.0,2598
1,     51657,14558,        2953194228,0.0,0.0
1,     51659,14559,        2953394228,0.0,0.0
1,     51661,14560,        2953594228,0.0,0.0
1,     51663,14561,        2953794232,0.0,0.0
1,     51665,14562,        2953994232,0.0,0.0
0,     51667,0,        2954026847,0.0,275
0,     51669,0,        2954165721,0.0,4571
1,     51671,14563,        2954194232,0.0,0.0
0,     51673,0,        2954279363,0.0,4388
0,     51675,0,        2954290425,0.0,3542
0,     51676,0,        2954290530,0.0,4360
1,     51678,14564,        2954394232,0.0,0.0
1,     51680,14565,        2954594236,0.0,0.0
1,     51682,14566,        2954794236,0.0,0.0
0,     51684,0,        2954803610,0.0,514
0,     51686,0,        2954824019,0.0,4754
0,     51688,0,        2954827342,0.0,2361
1,     51690,14567,        2954994236,0.0,0.0
1,     51692,14568,        2955194240,0.0,0.0
0,     51694,0,        2955202371,0.0,2005
0,     51696,0,        2955230357,0.0,5177
0,     51698,0,        2955270057,0.0,2433
0,     51700,0,        2955308577,0.0,764
1,     51702,14569,        2955394240,0.0,0.0
1,     51704,14570,        2955594240,0.0,0.0
1,     51706,14571,        2955794244,0.0,0.0
1,     51708,14572,        2955994244,0.0,0.0
1,     51710,14573,        2956194244,0.0,0.0
0,     51712,0,        2956285320,0.0,1414
0,     51714,0,        2956334318,0.0,2990
1,     51716,14574,        2956394244,0.0,0.0
1,     51718,14575,        2956594248,0.0,0.0
0,     51720,0,        2956660091,0.0,4339
1,     51722,14576,        2956794248,0.0,0.0
1,     51724,14577,        2956994248,0.0,0.0
1,     51726,14578,        2957194252,0.0,0.0
0,     51728,0,        2957216956,0.0,1855
0,     51730,0,        2957369316,0.0,4322
1,     51732,14579,        2957394252,0.0,0.0
0,     51734,0,        2957551340,0.0,937
1,     51736,14580,        2957594252,0.0,0.0
0,     51738,0,        2957746638,0.0,2903
1,     51740,14581,        2957794252,0.0,0.0
1,     51742,14582,        2957994256,0.0,0.0
1,     51744,14583,        2958194256,0.0,0.0
1,     51746,14584,        2958394256,0.0,0.0
0,     51748,0,        2958485418,0.0,2848
1,     51750,14585,        2958594260,0.0,0.0
0,     51752,0,        2958680780,0.0,5924
1,     51754,14586,        2958794260,0.0,0.0
1,     51756,14587,        2958994260,0.0,0.0
0,     51758,0,        2959036953,0.0,3694
0,     51760,0,        2959069085,0.0,3669
0,     51762,0,        2959077284,0.0,3481
1,     51764,14588,        2959194264,0.0,0.0
1,     51766,14589,        2959394264,0.0,0.0
1,     51768,14590,        2959594264,0.0,0.0
0,     51770,0,        2959760161,0.0,3794
1,     51772,14591,        2959794264,0.0,0.0
0,     51774,0,        2959982439,0.0,2785
1,     51776,14592,        2959994268,0.0,0.0
1,     51778,14593,        2960194268,0.0,0.0
1,     51780,14594,        2960394268,0.0,0.0
0,     51782,0,        2960437043,0.0,5907
1,     51784,14595,        2960594272,0.0,0.0
1,     51786,14596,        2960794272,0.0,0.0
0,     51788,0,        2960919738,0.0,481
1,     51790,14597,        2960994272,0.0,0.0
0,     51792,0,        2961183532,0.0,5417
1,     51794,14598,        2961194276,0.0,0.0
0,     51796,0,        2961346142,0.0,867
1,     51798,14599,        2961394276,0.0,0.0
0,     51800,0,        2961497280,0.0,270
0,     51802,0,        2961562527,0.0,5609
1,     51804,14600,        2961594276,0.0,0.0
1,     51806,14601,        2961794276,0.0,0.0
1,     51808,14602,        2961994280,0.0,0.0
0,     51810,0,        2962022767,0.0,4051
0,     51812,0,        2962162412,0.0,3863
0,     51814,0,        2962166261,0.0,2771
1,     51816,14603,        2962194280,0.0,0.0
0,     51818,0,        2962276775,0.0,5712
1,     51820,14604,        2962394280,0.0,0.0
1,     51822,14605,        2962594284,0.0,0.0
0,     51824,0,        2962786403,0.0,4911
1,     51826,14606,        2962794284,0.0,0.0
0,     51828,0,        2962866254,0.0,1279
1,     51830,14607,        2962994284,0.0,0.0
0,     51832,0,        2963155970,0.0,1431
0,     51833,0,        2963156180,0.0,3399
1,     51835,14608,        2963194288,0.0,0.0
0,     51837,0,        2963277495,0.0,5260
1,     51839,14609,        2963394288,0.0,0.0
0,     51841,0,        2963407743,0.0,2349
0,     51843,0,        2963553359,0.0,4915
0,     51845,0,        2963570528,0.0,4675
1,     51847,14610,        2963594288,0.0,0.0
0,     51849,0,        2963788853,0.0,3617
1,     51851,14611,        2963794288,0.0,0.0
1,     51853,14612,        2963994292,0.0,0.0
0,     51855,0,        2964001609,0.0,4113
1,     51857,14613,        2964194292,0.0,0.0
0,     51859,0,        2964327871,0.0,4615
1,     51861,14614,        2964394292,0.0,0.0
1,     51863,14615,        2964594296,0.0,0.0
0,     51865,0,        2964673772,0.0,1857
1,     51867,14616,        2964794296,0.0,0.0
0,     51869,0,        2964838395,0.0,1969
1,     51871,14617,        2964994296,0.0,0.0
0,     51873,0,        2965080752,0.0,1790
1,     51875,14618,        2965194300,0.0,0.0
0,     51877,0,        2965346560,0.0,80
1,     51879,14619,        2965394300,0.0,0.0
0,     51881,0,        2965411572,0.0,300
0,     51883,0,        2965571376,0.0,5904
1,     51885,14620,        2965594300,0.0,0.0
1,     51887,14621,        2965794300,0.0,0.0
1,     51889,14622,        2965994304,0.0,0.0
1,     51891,14623,        2966194304,0.0,0.0
0,     51893,0,        2966382100,0.0,5041
1,     51895,14624,        2966394304,0.0,0.0
1,     51897,14625,        2966594308,0.0,0.0
1,     51899,14626,        2966794308,0.0,0.0
1,     51901,14627,        2966994308,0.0,0.0
1,     51903,14628,        2967194308,0.0,0.0
1,     51905,14629,        2967394312,0.0,0.0
0,     51907,0,        2967397949,0.0,3956
1,     51909,14630,        2967594312,0.0,0.0
0,     51911,0,        2967710238,0.0,703
1,     51913,14631,        2967794312,0.0,0.0
1,     51915,14632,        2967994316,0.0,0.0
0,     51917,0,        2968036725,0.0,1447
1,     51919,14633,        2968194316,0.0,0.0
1,     51921,14634,        2968394316,0.0,0.0
0,     51923,0,        2968474334,0.0,2923
0,     51925,0,        2968475153,0.0,4173
0,     51927,0,        2968583782,0.0,1516
1,     51929,14635,        2968594320,0.0,0.0
0,     51931,0,        2968626043,0.0,5283
1,     51933,14636,        2968794320,0.0,0.0
0,     51935,0,        2968909791,0.0,4434
0,     51937,0,        2968929538,0.0,5164
1,     51939,14637,        2968994320,0.0,0.0
0,     51941,0,        2969063673,0.0,1761
1,     51943,14638,        2969194320,0.0,0.0
1,     51945,14639,        2969394324,0.0,0.0
0,     51947,0,        2969468159,0.0,5933
0,     51949,0,        2969556267,0.0,2400
0,     51951,0,        2969585769,0.0,6038
0,     51952,0,        2969586091,0.0,2970
1,     51954,14640,        2969594324,0.0,0.0
1,     51956,14641,        2969794324,0.0,0.0
1,     51958,14642,        2969994328,0.0,0.0
0,     51960,0,        2970034529,0.0,2473
1,     51962,14643,        2970194328,0.0,0.0
0,     51964,0,        2970360859,0.0,3120
1,     51966,14644,        2970394328,0.0,0.0
0,     51968,0,        2970399446,0.0,1922
0,     51970,0,        2970422755,0.0,1023
0,     51972,0,        2970540144,0.0,3614
1,     51974,14645,        2970594332,0.0,0.0
1,     51976,14646,        2970794332,0.0,0.0
0,     51978,0,        2970882185,0.0,5181
1,     51980,14647,        2970994332,0.0,0.0
0,     51982,0,        2970997684,0.0,3671
0,     51984,0,        2971117831,0.0,283
1,     51986,14648,        2971194332,0.0,0.0
1,     51988,14649,        2971394336,0.0,0.0
0,     51990,0,        2971582130,0.0,2202
1,     51992,14650,        2971594336,0.0,0.0
0,     51994,0,        2971776772,0.0,5125
1,     51996,14651,        2971794336,0.0,0.0
1,     51998,14652,        2971994340,0.0,0.0
0,     52000,0,        2972034106,0.0,1025
1,     52002,14653,        2972194340,0.0,0.0
0,     52004,0,        2972216526,0.0,4181
0,     52006,0,        2972282412,0.0,1373
1,     52008,14654,        2972394340,0.0,0.0
0,     52010,0,        2972589888,0.0,1636
1,     52012,14655,        2972594344,0.0,0.0
0,     52014,0,        2972625920,0.0,5262
1,     52016,14656,        2972794344,0.0,0.0
0,     52018,0,        2972837649,0.0,2996
0,     52020,0,        2972980380,0.0,3498
1,     52022,14657,        2972994344,0.0,0.0
0,     52024,0,        2973091958,0.0,1740
0,     52026,0,        2973175053,0.0,5853
1,     52028,14658,        2973194344,0.0,0.0
1,     52030,14659,        2973394348,0.0,0.0
1,     52032,14660,        2973594348,0.0,0.0
0,     52034,0,        2973692979,0.0,3638
0,     52036,0,        2973724021,0.0,3391
1,     52038,14661,        2973794348,0.0,0.0
0,     52040,0,        2973851050,0.0,398
1,     52042,14662,        2973994352,0.0,0.0
1,     52044,14663,        2974194352,0.0,0.0
0,     52046,0,        2974239382,0.0,2607
0,     52048,0,        2974341648,0.0,2964
1,     52050,14664,        2974394352,0.0,0.0
1,     52052,14665,        2974594356,0.0,0.0
0,     52054,0,        2974618650,0.0,1875
1,     52056,14666,        2974794356,0.0,0.0
0,     52058,0,        2974895579,0.0,3717
1,     52060,14667,        2974994356,0.0,0.0
1,     52062,14668,        2975194356,0.0,0.0
1,     52064,14669,        2975394360,0.0,0.0
1,     52066,14670,        2975594360,0.0,0.0
1,     52068,14671,        2975794360,0.0,0.0
1,     52070,14672,        2975994364,0.0,0.0
1,     52072,14673,        2976194364,0.0,0.0
0,     52074,0,        2976253120,0.0,998
0,     52076,0,        2976316877,0.0,1458
1,     52078,14674,        2976394364,0.0,0.0
0,     52080,0,        2976418761,0.0,3164
1,     52082,14675,        2976594364,0.0,0.0
0,     52084,0,        2976635717,0.0,5896
1,     52086,14676,        2976794368,0.0,0.0
1,     52088,14677,        2976994368,0.0,0.0
1,     52090,14678,        2977194368,0.0,0.0
0,     52092,0,        2977223182,0.0,1683
1,     52094,14679,        2977394372,0.0,0.0
1,     52096,14680,        2977594372,0.0,0.0
0,     52098,0,        2977731469,0.0,2429
1,     52100,14681,        2977794372,0.0,0.0
0,     52102,0,        2977839461,0.0,2907
1,     52104,14682,        2977994376,0.0,0.0
0,     52106,0,        2978044944,0.0,3463
0,     52108,0,        2978063482,0.0,3789
0,     52110,0,        2978104878,0.0,1051
0,     52112,0,        2978115480,0.0,3660
1,     52114,14683,        2978194376,0.0,0.0
0,     52116,0,        2978382518,0.0,3928
1,     52118,14684,        2978394376,0.0,0.0
1,     52120,14685,        2978594376,0.0,0.0
0,     52122,0,        2978646630,0.0,1778
0,     52124,0,        2978707300,0.0,4722
1,     52126,14686,        2978794380,0.0,0.0
0,     52128,0,        2978952058,0.0,3074
1,     52130,14687,        2978994380,0.0,0.0
1,     52132,14688,        2979194380,0.0,0.0
1,     52134,14689,        2979394384,0.0,0.0
1,     52136,14690,        2979594384,0.0,0.0
1,     52138,14691,        2979794384,0.0,0.0
1,     52140,14692,        2979994388,0.0,0.0
1,     52142,14693,        2980194388,0.0,0.0
1,     52144,14694,        2980394388,0.0,0.0
1,     52146,14695,        2980594388,0.0,0.0
0,     52148,0,        2980699299,0.0,3749
1,     52150,14696,        2980794392,0.0,0.0
1,     52152,14697,        2980994392,0.0,0.0
0,     52154,0,        2981048586,0.0,2179
0,     52156,0,        2981108804,0.0,373
1,     52158,14698,        2981194392,0.0,0.0
1,     52160,14699,        2981394396,0.0,0.0
1,     52162,14700,        2981594396,0.0,0.0
0,     52164,0,        2981664765,0.0,918
1,     52166,14701,        2981794396,0.0,0.0
1,     52168,14702,        2981994400,0.0,0.0
0,     52170,0,        2982055779,0.0,2347
1,     52172,14703,        2982194400,0.0,0.0
0,     52174,0,        2982297265,0.0,3871
1,     52176,14704,        2982394400,0.0,0.0
0,     52178,0,        2982558282,0.0,4997
1,     52180,14705,        2982594400,0.0,0.0
0,     52182,0,        2982647607,0.0,5018
0,     52184,0,        2982783978,0.0,4188
1,     52186,14706,        2982794404,0.0,0.0
0,     52188,0,        2982866228,0.0,2892
1,     52190,14707,        2982994404,0.0,0.0
0,     52192,0,        2983042363,0.0,4483
1,     52194,14708,        2983194404,0.0,0.0
1,     52196,14709,        2983394408,0.0,0.0
1,     52198,14710,        2983594408,0.0,0.0
0,     52200,0,        2983692587,0.0,5366
1,     52202,14711,        2983794408,0.0,0.0
1,     52204,14712,        2983994412,0.0,0.0
1,     52206,14713,        2984194412,0.0,0.0
0,     52208,0,        2984217956,0.0,310
0,     52210,0,        2984320761,0.0,1286
0,     52212,0,        2984342715,0.0,1589
1,     52214,14714,        2984394412,0.0,0.0
0,     52216,0,        2984567885,0.0,1733
1,     52218,14715,        2984594412,0.0,0.0
0,     52220,0,        2984596048,0.0,2436
0,     52221,0,        2984596180,0.0,895
0,     52223,0,        2984783123,0.0,2980
1,     52225,14716,        2984794416,0.0,0.0
1,     52227,14717,        2984994416,0.0,0.0
1,     52229,14718,        2985194416,0.0,0.0
1,     52231,14719,        2985394420,0.0,0.0
1,     52233,14720,        2985594420,0.0,0.0
0,     52235,0,        2985792270,0.0,2615
1,     52237,14721,        2985794420,0.0,0.0
0,     52239,0,        2985851186,0.0,3518
1,     52241,14722,        2985994420,0.0,0.0
0,     52243,0,        2986060004,0.0,4164
1,     52245,14723,        2986194424,0.0,0.0
0,     52247,0,        2986211318,0.0,3555
0,     52249,0,        2986259297,0.0,5038
0,     52251,0,        2986277947,0.0,1483
1,     52253,14724,        2986394424,0.0,0.0
1,     52255,14725,        2986594424,0.0,0.0
1,     52257,14726,        2986794428,0.0,0.0
0,     52259,0,        2986877386,0.0,708
1,     52261,14727,        2986994428,0.0,0.0
1,     52263,14728,        2987194428,0.0,0.0
1,     52265,14729,        2987394432,0.0,0.0
1,     52267,14730,        2987594432,0.0,0.0
0,     52269,0,        2987777333,0.0,1638
0,     52271,0,        2987778141,0.0,5192
0,     52273,0,        2987784972,0.0,150
1,     52275,14731,        2987794432,0.0,0.0
0,     52277,0,        2987807229,0.0,242
0,     52279,0,        2987964313,0.0,3543
1,     52281,14732,        2987994432,0.0,0.0
0,     52283,0,        2988056851,0.0,1233
1,     52285,14733,        2988194436,0.0,0.0
1,     52287,14734,        2988394436,0.0,0.0
1,     52289,14735,        2988594436,0.0,0.0
0,     52291,0,        2988697173,0.0,4793
0,     52293,0,        2988791581,0.0,3013
1,     52295,14736,        2988794440,0.0,0.0
1,     52297,14737,        2988994440,0.0,0.0
1,     52299,14738,        2989194440,0.0,0.0
0,     52301,0,        2989273441,0.0,3597
1,     52303,14739,        2989394444,0.0,0.0
0,     52305,0,        2989417540,0.0,3530
0,     52307,0,        2989517106,0.0,2291
1,     52309,14740,        2989594444,0.0,0.0
1,     52311,14741,        2989794444,0.0,0.0
0,     52313,0,        2989893447,0.0,3991
1,     52315,14742,        2989994444,0.0,0.0
0,     52317,0,        2990154685,0.0,3481
1,     52319,14743,        2990194448,0.0,0.0
1,     52321,14744,        2990394448,0.0,0.0
1,     52323,14745,        2990594448,0.0,0.0
1,     52325,14746,        2990794452,0.0,0.0
1,     52327,14747,        2990994452,0.0,0.0
1,     52329,14748,        2991194452,0.0,0.0
1,     52331,14749,        2991394456,0.0,0.0
0,     52333,0,        2991565085,0.0,3318
1,     52335,14750,        2991594456,0.0,0.0
0,     52337,0,        2991677222,0.0,4670
1,     52339,14751,        2991794456,0.0,0.0
0,     52341,0,        2991909195,0.0,3985
1,     52343,14752,        2991994456,0.0,0.0
1,     52345,14753,        2992194460,0.0,0.0
1,     52347,14754,        2992394460,0.0,0.0
0,     52349,0,        2992410734,0.0,3215
0,     52351,0,        2992458071,0.0,889
0,     52353,0,        2992568970,0.0,3357
1,     52355,14755,        2992594460,0.0,0.0
1,     52357,14756,        2992794464,0.0,0.0
0,     52359,0,        2992898379,0.0,2708
0,     52361,0,        2992941213,0.0,3555
1,     52363,14757,        2992994464,0.0,0.0
1,     52365,14758,        2993194464,0.0,0.0
1,     52367,14759,        2993394468,0.0,0.0
1,     52369,14760,        2993594468,0.0,0.0
0,     52371,0,        2993641401,0.0,803
1,     52373,14761,        2993794468,0.0,0.0
1,     52375,14762,        2993994468,0.0,0.0
1,     52377,14763,        2994194472,0.0,0.0
1,     52379,14764,        2994394472,0.0,0.0
0,     52381,0,        2994515184,0.0,1386
1,     52383,14765,        2994594472,0.0,0.0
0,     52385,0,        2994674937,0.0,2259
1,     52387,14766,        2994794476,0.0,0.0
1,     52389,14767,        2994994476,0.0,0.0
1,     52391,14768,        2995194476,0.0,0.0
1,     52393,14769,        2995394476,0.0,0.0
0,     52395,0,        2995565683,0.0,1886
1,     52397,14770,        2995594480,0.0,0.0
0,     52399,0,        2995790967,0.0,1762
1,     52401,14771,        2995794480,0.0,0.0
0,     52403,0,        2995938077,0.0,3336
1,     52405,14772,        2995994480,0.0,0.0
0,     52407,0,        2996004474,0.0,2374
1,     52409,14773,        2996194484,0.0,0.0
0,     52411,0,        2996251246,0.0,4307
0,     52413,0,        2996302314,0.0,1875
1,     52415,14774,        2996394484,0.0,0.0
0,     52417,0,        2996525506,0.0,977
0,     52418,0,        2996525638,0.0,3979
1,     52420,14775,        2996594484,0.0,0.0
0,     52422,0,        2996706650,0.0,3295
0,     52424,0,        2996770982,0.0,3304
1,     52426,14776,        2996794488,0.0,0.0
0,     52428,0,        2996887707,0.0,2221
1,     52430,14777,        2996994488,0.0,0.0
0,     52432,0,        2997081827,0.0,2805
1,     52434,14778,        2997194488,0.0,0.0
1,     52436,14779,        2997394488,0.0,0.0
0,     52438,0,        2997574917,0.0,2339
1,     52440,14780,        2997594492,0.0,0.0
1,     52442,14781,        2997794492,0.0,0.0
0,     52444,0,        2997922178,0.0,3590
1,     52446,14782,        2997994492,0.0,0.0
0,     52448,0,        2998059342,0.0,3292
1,     52450,14783,        2998194496,0.0,0.0
0,     52452,0,        2998344015,0.0,3313
1,     52454,14784,        2998394496,0.0,0.0
1,     52456,14785,        2998594496,0.0,0.0
0,     52458,0,        2998748797,0.0,1540
1,     52460,14786,        2998794500,0.0,0.0
0,     52462,0,        2998972729,0.0,271
1,     52464,14787,        2998994500,0.0,0.0
1,     52466,14788,        2999194500,0.0,0.0
0,     52468,0,        2999358810,0.0,1918
0,     52470,0,        2999393432,0.0,1040
1,     52472,14789,        2999394500,0.0,0.0
1,     52474,14790,        2999594504,0.0,0.0
1,     52476,14791,        2999794504,0.0,0.0
1,     52478,14792,        2999994504,0.0,0.0
1,     52480,14793,        3000194508,0.0,0.0
0,     52482,0,        3000220719,0.0,2900
1,     52484,14794,        3000394508,0.0,0.0
0,     52486,0,        3000428424,0.0,5098
1,     52488,14795,        3000594508,0.0,0.0
0,     52490,0,        3000707816,0.0,6131
1,     52492,14796,        3000794508,0.0,0.0
1,     52494,14797,        3000994512,0.0,0.0
1,     52496,14798,        3001194512,0.0,0.0
1,     52498,14799,        3001394512,0.0,0.0
1,     52500,14800,        3001594516,0.0,0.0
1,     52502,14801,        3001794516,0.0,0.0
0,     52504,0,        3001800544,0.0,47
0,     52506,0,        3001800809,0.0,3186
1,     52508,14802,        3001994516,0.0,0.0
1,     52510,14803,        3002194520,0.0,0.0
1,     52512,14804,        3002394520,0.0,0.0
1,     52514,14805,        3002594520,0.0,0.0
0,     52516,0,        3002626776,0.0,3109
0,     52518,0,        3002641102,0.0,2863
0,     52520,0,        3002642724,0.0,3300
1,     52522,14806,        3002794524,0.0,0.0
1,     52524,14807,        3002994524,0.0,0.0
1,     52526,14808,        3003194524,0.0,0.0
1,     52528,14809,        3003394524,0.0,0.0
0,     52530,0,        3003549075,0.0,3888
0,     52532,0,        3003576434,0.0,137
1,     52534,14810,        3003594528,0.0,0.0
0,     52536,0,        3003638988,0.0,2267
0,     52538,0,        3003687830,0.0,3728
1,     52540,14811,        3003794528,0.0,0.0
1,     52542,14812,        3003994528,0.0,0.0
1,     52544,14813,        3004194532,0.0,0.0
0,     52546,0,        3004232008,0.0,1187
1,     52548,14814,        3004394532,0.0,0.0
1,     52550,14815,        3004594532,0.0,0.0
0,     52552,0,        3004608582,0.0,2960
1,     52554,14816,        3004794532,0.0,0.0
0,     52556,0,        3004829683,0.0,214
1,     52558,14817,        3004994536,0.0,0.0
1,     52560,14818,        3005194536,0.0,0.0
1,     52562,14819,        3005394536,0.0,0.0
0,     52564,0,        3005435322,0.0,5549
0,     52566,0,        3005583355,0.0,2967
1,     52568,14820,        3005594540,0.0,0.0
0,     52570,0,        3005645549,0.0,4016
1,     52572,14821,        3005794540,0.0,0.0
1,     52574,14822,        3005994540,0.0,0.0
0,     52576,0,        3006013496,0.0,4561
0,     52578,0,        3006081876,0.0,5698
1,     52580,14823,        3006194544,0.0,0.0
1,     52582,14824,        3006394544,0.0,0.0
1,     52584,14825,        3006594544,0.0,0.0
0,     52586,0,        3006725851,0.0,1185
1,     52588,14826,        3006794544,0.0,0.0
0,     52590,0,        3006912056,0.0,2468
1,     52592,14827,        3006994548,0.0,0.0
0,     52594,0,        3007096542,0.0,5799
1,     52596,14828,        3007194548,0.0,0.0
0,     52598,0,        3007274576,0.0,5665
1,     52600,14829,        3007394548,0.0,0.0
1,     52602,14830,        3007594552,0.0,0.0
1,     52604,14831,        3007794552,0.0,0.0
1,     52606,14832,        3007994552,0.0,0.0
0,     52608,0,        3008008157,0.0,1199
0,     52610,0,        3008126039,0.0,3937
1,     52612,14833,        3008194556,0.0,0.0
0,     52614,0,        3008261815,0.0,59
1,     52616,14834,        3008394556,0.0,0.0
1,     52618,14835,        3008594556,0.0,0.0
0,     52620,0,        3008611150,0.0,3602
0,     52622,0,        3008735663,0.0,2896
1,     52624,14836,        3008794556,0.0,0.0
1,     52626,14837,        3008994560,0.0,0.0
0,     52628,0,        3009115590,0.0,1144
1,     52630,14838,        3009194560,0.0,0.0
0,     52632,0,        3009305259,0.0,282
1,     52634,14839,        3009394560,0.0,0.0
0,     52636,0,        3009456598,0.0,3273
1,     52638,14840,        3009594564,0.0,0.0
0,     52640,0,        3009787206,0.0,3277
1,     52642,14841,        3009794564,0.0,0.0
0,     52644,0,        3009867112,0.0,1793
1,     52646,14842,        3009994564,0.0,0.0
1,     52648,14843,        3010194564,0.0,0.0
1,     52650,14844,        3010394568,0.0,0.0
0,     52652,0,        3010502032,0.0,5080
1,     52654,14845,        3010594568,0.0,0.0
0,     52656,0,        3010653989,0.0,2347
0,     52658,0,        3010747772,0.0,5835
1,     52660,14846,        3010794568,0.0,0.0
0,     52662,0,        3010839228,0.0,111
1,     52664,14847,        3010994572,0.0,0.0
1,     52666,14848,        3011194572,0.0,0.0
0,     52668,0,        3011313103,0.0,4510
1,     52670,14849,        3011394572,0.0,0.0
1,     52672,14850,        3011594576,0.0,0.0
0,     52674,0,        3011692508,0.0,763
1,     52676,14851,        3011794576,0.0,0.0
1,     52678,14852,        3011994576,0.0,0.0
0,     52680,0,        3012155507,0.0,1328
1,     52682,14853,        3012194576,0.0,0.0
0,     52684,0,        3012347591,0.0,6070
1,     52686,14854,        3012394580,0.0,0.0
1,     52688,14855,        3012594580,0.0,0.0
1,     52690,14856,        3012794580,0.0,0.0
0,     52692,0,        3012936944,0.0,3919
1,     52694,14857,        3012994584,0.0,0.0
0,     52696,0,        3013071324,0.0,3091
1,     52698,14858,        3013194584,0.0,0.0
0,     52700,0,        3013224909,0.0,3101
1,     52702,14859,        3013394584,0.0,0.0
0,     52704,0,        3013406110,0.0,5083
1,     52706,14860,        3013594588,0.0,0.0
1,     52708,14861,        3013794588,0.0,0.0
0,     52710,0,        3013909408,0.0,1697
1,     52712,14862,        3013994588,0.0,0.0
1,     52714,14863,        3014194588,0.0,0.0
0,     52716,0,        3014294771,0.0,3295
0,     52718,0,        3014363136,0.0,1643
1,     52720,14864,        3014394592,0.0,0.0
1,     52722,14865,        3014594592,0.0,0.0
0,     52724,0,        3014642301,0.0,1324
1,     52726,14866,        3014794592,0.0,0.0
0,     52728,0,        3014963006,0.0,5085
1,     52730,14867,        3014994596,0.0,0.0
1,     52732,14868,        3015194596,0.0,0.0
0,     52734,0,        3015323814,0.0,290
1,     52736,14869,        3015394596,0.0,0.0
0,     52738,0,        3015565408,0.0,6236
0,     52739,0,        3015565419,0.0,3619
1,     52741,14870,        3015594600,0.0,0.0
0,     52743,0,        3015768330,0.0,2938
1,     52745,14871,        3015794600,0.0,0.0
1,     52747,14872,        3015994600,0.0,0.0
0,     52749,0,        3016008111,0.0,3310
0,     52751,0,        3016071361,0.0,3382
0,     52753,0,        3016163211,0.0,3305
1,     52755,14873,        3016194600,0.0,0.0
0,     52757,0,        3016214178,0.0,4507
1,     52759,14874,        3016394604,0.0,0.0
0,     52761,0,        3016421003,0.0,3874
0,     52763,0,        3016569700,0.0,5591
1,     52765,14875,        3016594604,0.0,0.0
1,     52767,14876,        3016794604,0.0,0.0
0,     52769,0,        3016871459,0.0,4126
1,     52771,14877,        3016994608,0.0,0.0
0,     52773,0,        3017002175,0.0,6120
1,     52775,14878,        3017194608,0.0,0.0
1,     52777,14879,        3017394608,0.0,0.0
1,     52779,14880,        3017594612,0.0,0.0
1,     52781,14881,        3017794612,0.0,0.0
0,     52783,0,        3017830358,0.0,3345
0,     52785,0,        3017940170,0.0,2724
1,     52787,14882,        3017994612,0.0,0.0
0,     52789,0,        3018124823,0.0,1214
0,     52790,0,        3018124826,0.0,4378
0,     52792,0,        3018152421,0.0,1036
1,     52794,14883,        3018194612,0.0,0.0
1,     52796,14884,        3018394616,0.0,0.0
1,     52798,14885,        3018594616,0.0,0.0
0,     52800,0,        3018787034,0.0,3391
0,     52801,0,        3018787049,0.0,3146
1,     52803,14886,        3018794616,0.0,0.0
1,     52805,14887,        3018994620,0.0,0.0
1,     52807,14888,        3019194620,0.0,0.0
1,     52809,14889,        3019394620,0.0,0.0
1,     52811,14890,        3019594620,0.0,0.0
1,     52813,14891,        3019794624,0.0,0.0
1,     52815,14892,        3019994624,0.0,0.0
1,     52817,14893,        3020194624,0.0,0.0
1,     52819,14894,        3020394628,0.0,0.0
1,     52821,14895,        3020594628,0.0,0.0
1,     52823,14896,        3020794628,0.0,0.0
0,     52825,0,        3020799171,0.0,3497
0,     52827,0,        3020859868,0.0,5825
0,     52829,0,        3020917179,0.0,5343
1,     52831,14897,        3020994632,0.0,0.0
0,     52833,0,        3021023875,0.0,5660
0,     52835,0,        3021086032,0.0,2564
0,     52836,0,        3021086341,0.0,1736
1,     52838,14898,        3021194632,0.0,0.0
0,     52840,0,        3021225626,0.0,1693
0,     52842,0,        3021334361,0.0,4924
0,     52844,0,        3021387829,0.0,2493
1,     52846,14899,        3021394632,0.0,0.0
0,     52848,0,        3021586585,0.0,5789
1,     52850,14900,        3021594632,0.0,0.0
0,     52852,0,        3021685526,0.0,1009
1,     52854,14901,        3021794636,0.0,0.0
0,     52856,0,        3021889822,0.0,490
0,     52858,0,        3021956181,0.0,1876
0,     52860,0,        3021957212,0.0,4108
1,     52862,14902,        3021994636,0.0,0.0
0,     52864,0,        3022140379,0.0,3508
1,     52866,14903,        3022194636,0.0,0.0
0,     52868,0,        3022254738,0.0,5438
0,     52870,0,        3022383322,0.0,4524
1,     52872,14904,        3022394640,0.0,0.0
0,     52874,0,        3022513036,0.0,6106
1,     52876,14905,        3022594640,0.0,0.0
0,     52878,0,        3022605289,0.0,4149
1,     52880,14906,        3022794640,0.0,0.0
0,     52882,0,        3022825903,0.0,2846
0,     52884,0,        3022837525,0.0,868
1,     52886,14907,        3022994644,0.0,0.0
1,     52888,14908,        3023194644,0.0,0.0
1,     52890,14909,        3023394644,0.0,0.0
1,     52892,14910,        3023594644,0.0,0.0
1,     52894,14911,        3023794648,0.0,0.0
0,     52896,0,        3023831235,0.0,1266
1,     52898,14912,        3023994648,0.0,0.0
1,     52900,14913,        3024194648,0.0,0.0
0,     52902,0,        3024202441,0.0,6082
0,     52904,0,        3024305908,0.0,5432
1,     52906,14914,        3024394652,0.0,0.0
1,     52908,14915,        3024594652,0.0,0.0
0,     52910,0,        3024674362,0.0,1615
1,     52912,14916,        3024794652,0.0,0.0
0,     52914,0,        3024802756,0.0,3505
1,     52916,14917,        3024994656,0.0,0.0
1,     52918,14918,        3025194656,0.0,0.0
1,     52920,14919,        3025394656,0.0,0.0
1,     52922,14920,        3025594656,0.0,0.0
0,     52924,0,        3025648127,0.0,3878
1,     52926,14921,        3025794660,0.0,0.0
1,     52928,14922,        3025994660,0.0,0.0
0,     52930,0,        3026101495,0.0,1873
1,     52932,14923,        3026194660,0.0,0.0
0,     52934,0,        3026233051,0.0,5505
0,     52936,0,        3026368746,0.0,2410
1,     52938,14924,        3026394664,0.0,0.0
1,     52940,14925,        3026594664,0.0,0.0
0,     52942,0,        3026606520,0.0,6030
1,     52944,14926,        3026794664,0.0,0.0
0,     52946,0,        3026839088,0.0,544
0,     52948,0,        3026943884,0.0,5015
1,     52950,14927,        3026994668,0.0,0.0
1,     52952,14928,        3027194668,0.0,0.0
1,     52954,14929,        3027394668,0.0,0.0
0,     52956,0,        3027472556,0.0,4379
1,     52958,14930,        3027594668,0.0,0.0
1,     52960,14931,        3027794672,0.0,0.0
0,     52962,0,        3027958195,0.0,3740
1,     52964,14932,        3027994672,0.0,0.0
0,     52966,0,        3028082914,0.0,3947
0,     52968,0,        3028091614,0.0,3574
0,     52970,0,        3028183918,0.0,3718
1,     52972,14933,        3028194672,0.0,0.0
0,     52974,0,        3028262187,0.0,4012
1,     52976,14934,        3028394676,0.0,0.0
0,     52978,0,        3028506359,0.0,1549
0,     52980,0,        3028523677,0.0,5744
1,     52982,14935,        3028594676,0.0,0.0
1,     52984,14936,        3028794676,0.0,0.0
1,     52986,14937,        3028994676,0.0,0.0
1,     52988,14938,        3029194680,0.0,0.0
0,     52990,0,        3029322225,0.0,518
1,     52992,14939,        3029394680,0.0,0.0
1,     52994,14940,        3029594680,0.0,0.0
0,     52996,0,        3029741446,0.0,5729
0,     52998,0,        3029788295,0.0,3900
1,     53000,14941,        3029794684,0.0,0.0
1,     53002,14942,        3029994684,0.0,0.0
1,     53004,14943,        3030194684,0.0,0.0
1,     53006,14944,        3030394688,0.0,0.0
0,     53008,0,        3030432993,0.0,2319
0,     53010,0,        3030498049,0.0,372
1,     53012,14945,        3030594688,0.0,0.0
1,     53014,14946,        3030794688,0.0,0.0
0,     53016,0,        3030877469,0.0,1759
1,     53018,14947,        3030994688,0.0,0.0
1,     53020,14948,        3031194692,0.0,0.0
1,     53022,14949,        3031394692,0.0,0.0
0,     53024,0,        3031427209,0.0,1079
0,     53026,0,        3031509298,0.0,3537
1,     53028,14950,        3031594692,0.0,0.0
1,     53030,14951,        3031794696,0.0,0.0
1,     53032,14952,        3031994696,0.0,0.0
1,     53034,14953,        3032194696,0.0,0.0
1,     53036,14954,        3032394700,0.0,0.0
1,     53038,14955,        3032594700,0.0,0.0
0,     53040,0,        3032675182,0.0,5303
0,     53042,0,        3032768114,0.0,3625
1,     53044,14956,        3032794700,0.0,0.0
0,     53046,0,        3032957924,0.0,792
1,     53048,14957,        3032994700,0.0,0.0
1,     53050,14958,        3033194704,0.0,0.0
0,     53052,0,        3033203853,0.0,1012
1,     53054,14959,        3033394704,0.0,0.0
1,     53056,14960,        3033594704,0.0,0.0
1,     53058,14961,        3033794708,0.0,0.0
1,     53060,14962,        3033994708,0.0,0.0
1,     53062,14963,        3034194708,0.0,0.0
0,     53064,0,        3034214849,0.0,2753
1,     53066,14964,        3034394712,0.0,0.0
0,     53068,0,        3034423376,0.0,6128
0,     53070,0,        3034548226,0.0,4329
1,     53072,14965,        3034594712,0.0,0.0
0,     53074,0,        3034757247,0.0,3978
1,     53076,14966,        3034794712,0.0,0.0
0,     53078,0,        3034916136,0.0,2900
0,     53080,0,        3034955898,0.0,6130
1,     53082,14967,        3034994712,0.0,0.0
1,     53084,14968,        3035194716,0.0,0.0
1,     53086,14969,        3035394716,0.0,0.0
1,     53088,14970,        3035594716,0.0,0.0
1,     53090,14971,        3035794720,0.0,0.0
0,     53092,0,        3035960897,0.0,3655
1,     53094,14972,        3035994720,0.0,0.0
0,     53096,0,        3036075719,0.0,3558
0,     53098,0,        3036153805,0.0,1605
0,     53100,0,        3036167346,0.0,3272
1,     53102,14973,        3036194720,0.0,0.0
0,     53104,0,        3036337743,0.0,5426
1,     53106,14974,        3036394724,0.0,0.0
0,     53108,0,        3036565858,0.0,1541
1,     53110,14975,        3036594724,0.0,0.0
0,     53112,0,        3036770690,0.0,202
0,     53114,0,        3036771358,0.0,839
1,     53116,14976,        3036794724,0.0,0.0
0,     53118,0,        3036803355,0.0,3319
0,     53120,0,        3036905473,0.0,3671
0,     53122,0,        3036961233,0.0,1371
0,     53123,0,        3036961283,0.0,5062
1,     53125,14977,        3036994724,0.0,0.0
0,     53127,0,        3037087394,0.0,4350
1,     53129,14978,        3037194728,0.0,0.0
1,     53131,14979,        3037394728,0.0,0.0
1,     53133,14980,        3037594728,0.0,0.0
0,     53135,0,        3037713159,0.0,1775
1,     53137,14981,        3037794732,0.0,0.0
1,     53139,14982,        3037994732,0.0,0.0
0,     53141,0,        3038158086,0.0,860
1,     53143,14983,        3038194732,0.0,0.0
1,     53145,14984,        3038394732,0.0,0.0
0,     53147,0,        3038445831,0.0,2337
0,     53149,0,        3038563898,0.0,3664
1,     53151,14985,        3038594736,0.0,0.0
1,     53153,14986,        3038794736,0.0,0.0
1,     53155,14987,        3038994736,0.0,0.0
0,     53157,0,        3039167696,0.0,4223
1,     53159,14988,        3039194740,0.0,0.0
1,     53161,14989,        3039394740,0.0,0.0
0,     53163,0,        3039434943,0.0,5978
1,     53165,14990,        3039594740,0.0,0.0
0,     53167,0,        3039639600,0.0,1280
0,     53169,0,        3039689227,0.0,1845
1,     53171,14991,        3039794744,0.0,0.0
0,     53173,0,        3039816587,0.0,4261
1,     53175,14992,        3039994744,0.0,0.0
1,     53177,14993,        3040194744,0.0,0.0
0,     53179,0,        3040246270,0.0,4732
1,     53181,14994,        3040394744,0.0,0.0
0,     53183,0,        3040402596,0.0,4715
1,     53185,14995,        3040594748,0.0,0.0
0,     53187,0,        3040663918,0.0,518
0,     53189,0,        3040676435,0.0,4274
1,     53191,14996,        3040794748,0.0,0.0
1,     53193,14997,        3040994748,0.0,0.0
1,     53195,14998,        3041194752,0.0,0.0
1,     53197,14999,        3041394752,0.0,0.0
0,     53199,0,        3041589079,0.0,1010
1,     53201,15000,        3041594752,0.0,0.0
1,     53203,15001,        3041794756,0.0,0.0
0,     53205,0,        3041835461,0.0,4962
1,     53207,15002,        3041994756,0.0,0.0
0,     53209,0,        3042079844,0.0,3748
0,     53211,0,        3042116172,0.0,1250
1,     53213,15003,        3042194756,0.0,0.0
0,     53215,0,        3042313425,0.0,4666
1,     53217,15004,        3042394756,0.0,0.0
1,     53219,15005,        3042594760,0.0,0.0
0,     53221,0,        3042700528,0.0,1616
1,     53223,15006,        3042794760,0.0,0.0
0,     53225,0,        3042848432,0.0,4520
0,     53227,0,        3042873601,0.0,3413
1,     53229,15007,        3042994760,0.0,0.0
1,     53231,15008,        3043194764,0.0,0.0
0,     53233,0,        3043264855,0.0,92
1,     53235,15009,        3043394764,0.0,0.0
0,     53237,0,        3043503120,0.0,2288
0,     53239,0,        3043564342,0.0,797
0,     53241,0,        3043580528,0.0,783
1,     53243,15010,        3043594764,0.0,0.0
0,     53245,0,        3043603038,0.0,5933
1,     53247,15011,        3043794768,0.0,0.0
0,     53249,0,        3043984500,0.0,1533
1,     53251,15012,        3043994768,0.0,0.0
1,     53253,15013,        3044194768,0.0,0.0
1,     53255,15014,        3044394768,0.0,0.0
0,     53257,0,        3044575311,0.0,4435
1,     53259,15015,        3044594772,0.0,0.0
1,     53261,15016,        3044794772,0.0,0.0
1,     53263,15017,        3044994772,0.0,0.0
1,     53265,15018,        3045194776,0.0,0.0
1,     53267,15019,        3045394776,0.0,0.0
1,     53269,15020,        3045594776,0.0,0.0
1,     53271,15021,        3045794780,0.0,0.0
1,     53273,15022,        3045994780,0.0,0.0
1,     53275,15023,        3046194780,0.0,0.0
1,     53277,15024,        3046394780,0.0,0.0
1,     53279,15025,        3046594784,0.0,0.0
1,     53281,15026,        3046794784,0.0,0.0
0,     53283,0,        3046913278,0.0,3500
1,     53285,15027,        3046994784,0.0,0.0
0,     53287,0,        3047158573,0.0,3778
1,     53289,15028,        3047194788,0.0,0.0
1,     53291,15029,        3047394788,0.0,0.0
1,     53293,15030,        3047594788,0.0,0.0
1,     53295,15031,        3047794788,0.0,0.0
0,     53297,0,        3047860671,0.0,3633
0,     53299,0,        3047974438,0.0,1412
1,     53301,15032,        3047994792,0.0,0.0
0,     53303,0,        3048147911,0.0,4188
1,     53305,15033,        3048194792,0.0,0.0
1,     53307,15034,        3048394792,0.0,0.0
0,     53309,0,        3048474590,0.0,1979
1,     53311,15035,        3048594796,0.0,0.0
1,     53313,15036,        3048794796,0.0,0.0
1,     53315,15037,        3048994796,0.0,0.0
0,     53317,0,        3049126908,0.0,5988
0,     53319,0,        3049126965,0.0,3064
1,     53321,15038,        3049194800,0.0,0.0
0,     53323,0,        3049218841,0.0,5152
0,     53325,0,        3049316061,0.0,80
1,     53327,15039,        3049394800,0.0,0.0
1,     53329,15040,        3049594800,0.0,0.0
0,     53331,0,        3049715961,0.0,6081
1,     53333,15041,        3049794800,0.0,0.0
0,     53335,0,        3049899071,0.0,5062
1,     53337,15042,        3049994804,0.0,0.0
0,     53339,0,        3050131374,0.0,93
1,     53341,15043,        3050194804,0.0,0.0
1,     53343,15044,        3050394804,0.0,0.0
1,     53345,15045,        3050594808,0.0,0.0
0,     53347,0,        3050601041,0.0,3381
1,     53349,15046,        3050794808,0.0,0.0
1,     53351,15047,        3050994808,0.0,0.0
1,     53353,15048,        3051194812,0.0,0.0
1,     53355,15049,        3051394812,0.0,0.0
1,     53357,15050,        3051594812,0.0,0.0
0,     53359,0,        3051598413,0.0,5796
1,     53361,15051,        3051794812,0.0,0.0
0,     53363,0,        3051797656,0.0,1166
0,     53365,0,        3051883960,0.0,2831
1,     53367,15052,        3051994816,0.0,0.0
1,     53369,15053,        3052194816,0.0,0.0
1,     53371,15054,        3052394816,0.0,0.0
1,     53373,15055,        3052594820,0.0,0.0
1,     53375,15056,        3052794820,0.0,0.0
1,     53377,15057,        3052994820,0.0,0.0
0,     53379,0,        3053045425,0.0,5238
0,     53381,0,        3053192872,0.0,5414
1,     53383,15058,        3053194824,0.0,0.0
1,     53385,15059,        3053394824,0.0,0.0
1,     53387,15060,        3053594824,0.0,0.0
0,     53389,0,        3053719085,0.0,3356
1,     53391,15061,        3053794824,0.0,0.0
1,     53393,15062,        3053994828,0.0,0.0
1,     53395,15063,        3054194828,0.0,0.0
0,     53397,0,        3054288147,0.0,2026
1,     53399,15064,        3054394828,0.0,0.0
1,     53401,15065,        3054594832,0.0,0.0
1,     53403,15066,        3054794832,0.0,0.0
0,     53405,0,        3054808516,0.0,3262
0,     53406,0,        3054808740,0.0,2649
1,     53408,15067,        3054994832,0.0,0.0
0,     53410,0,        3055014409,0.0,4382
1,     53412,15068,        3055194832,0.0,0.0
1,     53414,15069,        3055394836,0.0,0.0
0,     53416,0,        3055580712,0.0,4011
1,     53418,15070,        3055594836,0.0,0.0
0,     53420,0,        3055787597,0.0,1982
1,     53422,15071,        3055794836,0.0,0.0
1,     53424,15072,        3055994840,0.0,0.0
1,     53426,15073,        3056194840,0.0,0.0
1,     53428,15074,        3056394840,0.0,0.0
1,     53430,15075,        3056594844,0.0,0.0
1,     53432,15076,        3056794844,0.0,0.0
1,     53434,15077,        3056994844,0.0,0.0
1,     53436,15078,        3057194844,0.0,0.0
0,     53438,0,        3057204906,0.0,5249
1,     53440,15079,        3057394848,0.0,0.0
1,     53442,15080,        3057594848,0.0,0.0
0,     53444,0,        3057628074,0.0,1768
1,     53446,15081,        3057794848,0.0,0.0
0,     53448,0,        3057861254,0.0,1842
0,     53450,0,        3057978126,0.0,3316
1,     53452,15082,        3057994852,0.0,0.0
1,     53454,15083,        3058194852,0.0,0.0
0,     53456,0,        3058196242,0.0,3842
0,     53458,0,        3058205431,0.0,3761
1,     53460,15084,        3058394852,0.0,0.0
0,     53462,0,        3058468219,0.0,49
1,     53464,15085,        3058594856,0.0,0.0
0,     53466,0,        3058777529,0.0,1793
1,     53468,15086,        3058794856,0.0,0.0
0,     53470,0,        3058799307,0.0,5892
1,     53472,15087,        3058994856,0.0,0.0
1,     53474,15088,        3059194856,0.0,0.0
1,     53476,15089,        3059394860,0.0,0.0
1,     53478,15090,        3059594860,0.0,0.0
1,     53480,15091,        3059794860,0.0,0.0
0,     53482,0,        3059861883,0.0,4709
0,     53484,0,        3059886840,0.0,5061
1,     53486,15092,        3059994864,0.0,0.0
0,     53488,0,        3060036938,0.0,5707
1,     53490,15093,        3060194864,0.0,0.0
0,     53492,0,        3060231587,0.0,4985
1,     53494,15094,        3060394864,0.0,0.0
1,     53496,15095,        3060594868,0.0,0.0
0,     53498,0,        3060727345,0.0,5489
1,     53500,15096,        3060794868,0.0,0.0
0,     53502,0,        3060842185,0.0,6107
1,     53504,15097,        3060994868,0.0,0.0
1,     53506,15098,        3061194868,0.0,0.0
0,     53508,0,        3061300152,0.0,328
1,     53510,15099,        3061394872,0.0,0.0
0,     53512,0,        3061403695,0.0,5460
0,     53514,0,        3061417643,0.0,718
0,     53516,0,        3061476135,0.0,2699
0,     53518,0,        3061522783,0.0,4970
1,     53520,15100,        3061594872,0.0,0.0
0,     53522,0,        3061683698,0.0,3079
1,     53524,15101,        3061794872,0.0,0.0
1,     53526,15102,        3061994876,0.0,0.0
1,     53528,15103,        3062194876,0.0,0.0
1,     53530,15104,        3062394876,0.0,0.0
0,     53532,0,        3062419785,0.0,5893
0,     53534,0,        3062590015,0.0,4626
1,     53536,15105,        3062594880,0.0,0.0
1,     53538,15106,        3062794880,0.0,0.0
0,     53540,0,        3062979224,0.0,3577
1,     53542,15107,        3062994880,0.0,0.0
1,     53544,15108,        3063194880,0.0,0.0
0,     53546,0,        3063245400,0.0,1542
1,     53548,15109,        3063394884,0.0,0.0
1,     53550,15110,        3063594884,0.0,0.0
1,     53552,15111,        3063794884,0.0,0.0
1,     53554,15112,        3063994888,0.0,0.0
0,     53556,0,        3064095516,0.0,2028
0,     53558,0,        3064190460,0.0,1689
1,     53560,15113,        3064194888,0.0,0.0
0,     53562,0,        3064288051,0.0,2395
1,     53564,15114,        3064394888,0.0,0.0
0,     53566,0,        3064580688,0.0,3586
1,     53568,15115,        3064594888,0.0,0.0
1,     53570,15116,        3064794892,0.0,0.0
1,     53572,15117,        3064994892,0.0,0.0
1,     53574,15118,        3065194892,0.0,0.0
0,     53576,0,        3065342215,0.0,3828
0,     53577,0,        3065342248,0.0,5020
0,     53579,0,        3065346467,0.0,5494
1,     53581,15119,        3065394896,0.0,0.0
0,     53583,0,        3065458281,0.0,2832
0,     53585,0,        3065571609,0.0,4240
1,     53587,15120,        3065594896,0.0,0.0
0,     53589,0,        3065755941,0.0,4596
1,     53591,15121,        3065794896,0.0,0.0
0,     53593,0,        3065922181,0.0,119
1,     53595,15122,        3065994900,0.0,0.0
0,     53597,0,        3066126562,0.0,3396
0,     53599,0,        3066179127,0.0,2590
1,     53601,15123,        3066194900,0.0,0.0
1,     53603,15124,        3066394900,0.0,0.0
1,     53605,15125,        3066594900,0.0,0.0
1,     53607,15126,        3066794904,0.0,0.0
1,     53609,15127,        3066994904,0.0,0.0
0,     53611,0,        3067036119,0.0,4241
0,     53613,0,        3067093211,0.0,633
1,     53615,15128,        3067194904,0.0,0.0
1,     53617,15129,        3067394908,0.0,0.0
1,     53619,15130,        3067594908,0.0,0.0
0,     53621,0,        3067633642,0.0,2770
1,     53623,15131,        3067794908,0.0,0.0
0,     53625,0,        3067820021,0.0,3378
1,     53627,15132,        3067994912,0.0,0.0
1,     53629,15133,        3068194912,0.0,0.0
1,     53631,15134,        3068394912,0.0,0.0
1,     53633,15135,        3068594912,0.0,0.0
0,     53635,0,        3068711408,0.0,3002
0,     53637,0,        3068714450,0.0,5315
0,     53639,0,        3068784153,0.0,5004
1,     53641,15136,        3068794916,0.0,0.0
0,     53643,0,        3068951235,0.0,1604
1,     53645,15137,        3068994916,0.0,0.0
0,     53647,0,        3069002542,0.0,4298
0,     53649,0,        3069015156,0.0,2842
0,     53650,0,        3069015159,0.0,867
1,     53652,15138,        3069194916,0.0,0.0
1,     53654,15139,        3069394920,0.0,0.0
1,     53656,15140,        3069594920,0.0,0.0
0,     53658,0,        3069764638,0.0,293
1,     53660,15141,        3069794920,0.0,0.0
1,     53662,15142,        3069994924,0.0,0.0
1,     53664,15143,        3070194924,0.0,0.0
0,     53666,0,        3070261381,0.0,802
1,     53668,15144,        3070394924,0.0,0.0
1,     53670,15145,        3070594924,0.0,0.0
0,     53672,0,        3070632757,0.0,5041
0,     53674,0,        3070755494,0.0,4413
1,     53676,15146,        3070794928,0.0,0.0
1,     53678,15147,        3070994928,0.0,0.0
1,     53680,15148,        3071194928,0.0,0.0
0,     53682,0,        3071198477,0.0,172
0,     53684,0,        3071213172,0.0,2232
0,     53686,0,        3071235614,0.0,3103
0,     53688,0,        3071258959,0.0,8
0,     53690,0,        3071331069,0.0,77
1,     53692,15149,        3071394932,0.0,0.0
0,     53694,0,        3071593545,0.0,1518
1,     53696,15150,        3071594932,0.0,0.0
1,     53698,15151,        3071794932,0.0,0.0
1,     53700,15152,        3071994936,0.0,0.0
0,     53702,0,        3072036521,0.0,3443
1,     53704,15153,        3072194936,0.0,0.0
1,     53706,15154,        3072394936,0.0,0.0
0,     53708,0,        3072513860,0.0,1779
1,     53710,15155,        3072594936,0.0,0.0
0,     53712,0,        3072648386,0.0,3930
0,     53714,0,        3072693836,0.0,935
1,     53716,15156,        3072794940,0.0,0.0
1,     53718,15157,        3072994940,0.0,0.0
1,     53720,15158,        3073194940,0.0,0.0
1,     53722,15159,        3073394944,0.0,0.0
0,     53724,0,        3073478780,0.0,1696
0,     53726,0,        3073534134,0.0,6089
1,     53728,15160,        3073594944,0.0,0.0
0,     53730,0,        3073782119,0.0,3288
1,     53732,15161,        3073794944,0.0,0.0
0,     53734,0,        3073891242,0.0,4652
1,     53736,15162,        3073994944,0.0,0.0
0,     53738,0,        3074113486,0.0,3280
0,     53740,0,        3074121907,0.0,5144
1,     53742,15163,        3074194948,0.0,0.0
0,     53744,0,        3074325498,0.0,931
1,     53746,15164,        3074394948,0.0,0.0
0,     53748,0,        3074587912,0.0,5885
1,     53750,15165,        3074594948,0.0,0.0
0,     53752,0,        3074625680,0.0,5404
0,     53754,0,        3074657645,0.0,4942
1,     53756,15166,        3074794952,0.0,0.0
0,     53758,0,        3074992816,0.0,458
1,     53760,15167,        3074994952,0.0,0.0
0,     53762,0,        3075046171,0.0,3917
0,     53763,0,        3075046174,0.0,973
0,     53764,0,        3075046180,0.0,1487
0,     53766,0,        3075159922,0.0,5988
1,     53768,15168,        3075194952,0.0,0.0
0,     53770,0,        3075196411,0.0,3415
1,     53772,15169,        3075394956,0.0,0.0
1,     53774,15170,        3075594956,0.0,0.0
1,     53776,15171,        3075794956,0.0,0.0
0,     53778,0,        3075864311,0.0,2523
0,     53780,0,        3075985300,0.0,861
1,     53782,15172,        3075994956,0.0,0.0
0,     53784,0,        3076119037,0.0,850
1,     53786,15173,        3076194960,0.0,0.0
0,     53788,0,        3076341835,0.0,5564
1,     53790,15174,        3076394960,0.0,0.0
1,     53792,15175,        3076594960,0.0,0.0
0,     53794,0,        3076598120,0.0,3866
0,     53796,0,        3076665296,0.0,5299
0,     53798,0,        3076668051,0.0,5776
1,     53800,15176,        3076794964,0.0,0.0
1,     53802,15177,        3076994964,0.0,0.0
0,     53804,0,        3077153161,0.0,247
1,     53806,15178,        3077194964,0.0,0.0
1,     53808,15179,        3077394968,0.0,0.0
0,     53810,0,        3077473156,0.0,2832
1,     53812,15180,        3077594968,0.0,0.0
0,     53814,0,        3077649266,0.0,2170
1,     53816,15181,        3077794968,0.0,0.0
1,     53818,15182,        3077994968,0.0,0.0
0,     53820,0,        3078185089,0.0,3276
1,     53822,15183,        3078194972,0.0,0.0
0,     53824,0,        3078249859,0.0,83
1,     53826,15184,        3078394972,0.0,0.0
1,     53828,15185,        3078594972,0.0,0.0
0,     53830,0,        3078605637,0.0,5611
0,     53832,0,        3078764057,0.0,1000
1,     53834,15186,        3078794976,0.0,0.0
0,     53836,0,        3078875106,0.0,3347
1,     53838,15187,        3078994976,0.0,0.0
1,     53840,15188,        3079194976,0.0,0.0
1,     53842,15189,        3079394980,0.0,0.0
0,     53844,0,        3079423941,0.0,1775
1,     53846,15190,        3079594980,0.0,0.0
0,     53848,0,        3079700209,0.0,5977
0,     53850,0,        3079745000,0.0,2139
0,     53851,0,        3079745434,0.0,4825
1,     53853,15191,        3079794980,0.0,0.0
1,     53855,15192,        3079994980,0.0,0.0
0,     53857,0,        3080047069,0.0,2784
0,     53859,0,        3080053505,0.0,423
1,     53861,15193,        3080194984,0.0,0.0
1,     53863,15194,        3080394984,0.0,0.0
1,     53865,15195,        3080594984,0.0,0.0
0,     53867,0,        3080743975,0.0,5104
1,     53869,15196,        3080794988,0.0,0.0
1,     53871,15197,        3080994988,0.0,0.0
0,     53873,0,        3081065177,0.0,2575
1,     53875,15198,        3081194988,0.0,0.0
1,     53877,15199,        3081394992,0.0,0.0
1,     53879,15200,        3081594992,0.0,0.0
1,     53881,15201,        3081794992,0.0,0.0
1,     53883,15202,        3081994992,0.0,0.0
0,     53885,0,        3082032551,0.0,4354
1,     53887,15203,        3082194996,0.0,0.0
1,     53889,15204,        3082394996,0.0,0.0
0,     53891,0,        3082442619,0.0,2006
0,     53893,0,        3082495566,0.0,3273
1,     53895,15205,        3082594996,0.0,0.0
0,     53897,0,        3082613144,0.0,4783
1,     53899,15206,        3082795000,0.0,0.0
0,     53901,0,        3082859699,0.0,4330
1,     53903,15207,        3082995000,0.0,0.0
1,     53905,15208,        3083195000,0.0,0.0
1,     53907,15209,        3083395000,0.0,0.0
0,     53909,0,        3083547416,0.0,3451
0,     53911,0,        3083554128,0.0,4007
1,     53913,15210,        3083595004,0.0,0.0
0,     53915,0,        3083654175,0.0,6119
1,     53917,15211,        3083795004,0.0,0.0
0,     53919,0,        3083818080,0.0,2197
0,     53921,0,        3083950429,0.0,2582
0,     53922,0,        3083950676,0.0,1565
1,     53924,15212,        3083995004,0.0,0.0
0,     53926,0,        3084070214,0.0,880
1,     53928,15213,        3084195008,0.0,0.0
1,     53930,15214,        3084395008,0.0,0.0
0,     53932,0,        3084430384,0.0,367
1,     53934,15215,        3084595008,0.0,0.0
1,     53936,15216,        3084795012,0.0,0.0
0,     53938,0,        3084903786,0.0,1333
1,     53940,15217,        3084995012,0.0,0.0
1,     53942,15218,        3085195012,0.0,0.0
0,     53944,0,        3085210791,0.0,6058
1,     53946,15219,        3085395012,0.0,0.0
0,     53948,0,        3085414699,0.0,6049
0,     53950,0,        3085565305,0.0,3716
0,     53952,0,        3085583502,0.0,441
1,     53954,15220,        3085595016,0.0,0.0
0,     53956,0,        3085623242,0.0,2794
1,     53958,15221,        3085795016,0.0,0.0
1,     53960,15222,        3085995016,0.0,0.0
1,     53962,15223,        3086195020,0.0,0.0
1,     53964,15224,        3086395020,0.0,0.0
1,     53966,15225,        3086595020,0.0,0.0
1,     53968,15226,        3086795024,0.0,0.0
1,     53970,15227,        3086995024,0.0,0.0
1,     53972,15228,        3087195024,0.0,0.0
0,     53974,0,        3087362328,0.0,3283
1,     53976,15229,        3087395024,0.0,0.0
1,     53978,15230,        3087595028,0.0,0.0
0,     53980,0,        3087605875,0.0,3293
0,     53982,0,        3087642245,0.0,1982
0,     53984,0,        3087735173,0.0,3316
1,     53986,15231,        3087795028,0.0,0.0
0,     53988,0,        3087894925,0.0,4787
0,     53989,0,        3087895004,0.0,4767
1,     53991,15232,        3087995028,0.0,0.0
1,     53993,15233,        3088195032,0.0,0.0
1,     53995,15234,        3088395032,0.0,0.0
1,     53997,15235,        3088595032,0.0,0.0
1,     53999,15236,        3088795036,0.0,0.0
1,     54001,15237,        3088995036,0.0,0.0
0,     54003,0,        3089162727,0.0,3280
0,     54005,0,        3089173983,0.0,4694
1,     54007,15238,        3089195036,0.0,0.0
1,     54009,15239,        3089395036,0.0,0.0
0,     54011,0,        3089420630,0.0,302
1,     54013,15240,        3089595040,0.0,0.0
1,     54015,15241,        3089795040,0.0,0.0
1,     54017,15242,        3089995040,0.0,0.0
0,     54019,0,        3090166435,0.0,5276
1,     54021,15243,        3090195044,0.0,0.0
1,     54023,15244,        3090395044,0.0,0.0
1,     54025,15245,        3090595044,0.0,0.0
0,     54027,0,        3090602741,0.0,783
0,     54029,0,        3090769010,0.0,99
1,     54031,15246,        3090795048,0.0,0.0
1,     54033,15247,        3090995048,0.0,0.0
1,     54035,15248,        3091195048,0.0,0.0
1,     54037,15249,        3091395048,0.0,0.0
1,     54039,15250,        3091595052,0.0,0.0
1,     54041,15251,        3091795052,0.0,0.0
1,     54043,15252,        3091995052,0.0,0.0
1,     54045,15253,        3092195056,0.0,0.0
0,     54047,0,        3092263452,0.0,1497
0,     54049,0,        3092316928,0.0,3389
1,     54051,15254,        3092395056,0.0,0.0
0,     54053,0,        3092423500,0.0,4026
1,     54055,15255,        3092595056,0.0,0.0
0,     54057,0,        3092744086,0.0,3322
1,     54059,15256,        3092795056,0.0,0.0
1,     54061,15257,        3092995060,0.0,0.0
0,     54063,0,        3093056018,0.0,965
0,     54065,0,        3093093767,0.0,1942
1,     54067,15258,        3093195060,0.0,0.0
1,     54069,15259,        3093395060,0.0,0.0
0,     54071,0,        3093408670,0.0,4218
0,     54073,0,        3093518092,0.0,1622
1,     54075,15260,        3093595064,0.0,0.0
1,     54077,15261,        3093795064,0.0,0.0
0,     54079,0,        3093941016,0.0,4117
0,     54080,0,        3093941063,0.0,5897
0,     54082,0,        3093964079,0.0,1198
0,     54084,0,        3093982872,0.0,786
1,     54086,15262,        3093995064,0.0,0.0
0,     54088,0,        3094192459,0.0,2843
1,     54090,15263,        3094195068,0.0,0.0
0,     54092,0,        3094355786,0.0,3019
1,     54094,15264,        3094395068,0.0,0.0
1,     54096,15265,        3094595068,0.0,0.0
0,     54098,0,        3094667148,0.0,5812
1,     54100,15266,        3094795068,0.0,0.0
1,     54102,15267,        3094995072,0.0,0.0
0,     54104,0,        3095174929,0.0,6103
1,     54106,15268,        3095195072,0.0,0.0
1,     54108,15269,        3095395072,0.0,0.0
0,     54110,0,        3095488671,0.0,6178
1,     54112,15270,        3095595076,0.0,0.0
1,     54114,15271,        3095795076,0.0,0.0
0,     54116,0,        3095860518,0.0,377
0,     54118,0,        3095963904,0.0,4332
1,     54120,15272,        3095995076,0.0,0.0
1,     54122,15273,        3096195080,0.0,0.0
1,     54124,15274,        3096395080,0.0,0.0
0,     54126,0,        3096406639,0.0,1985
1,     54128,15275,        3096595080,0.0,0.0
0,     54130,0,        3096710886,0.0,1969
1,     54132,15276,        3096795080,0.0,0.0
0,     54134,0,        3096910751,0.0,2733
0,     54136,0,        3096947202,0.0,719
1,     54138,15277,        3096995084,0.0,0.0
1,     54140,15278,        3097195084,0.0,0.0
0,     54142,0,        3097222797,0.0,1025
1,     54144,15279,        3097395084,0.0,0.0
1,     54146,15280,        3097595088,0.0,0.0
0,     54148,0,        3097759681,0.0,3487
1,     54150,15281,        3097795088,0.0,0.0
0,     54152,0,        3097804505,0.0,156
1,     54154,15282,        3097995088,0.0,0.0
1,     54156,15283,        3098195092,0.0,0.0
0,     54158,0,        3098244909,0.0,3488
1,     54160,15284,        3098395092,0.0,0.0
1,     54162,15285,        3098595092,0.0,0.0
0,     54164,0,        3098681911,0.0,3544
1,     54166,15286,        3098795092,0.0,0.0
0,     54168,0,        3098871934,0.0,5842
0,     54170,0,        3098936112,0.0,1466
1,     54172,15287,        3098995096,0.0,0.0
0,     54174,0,        3099126265,0.0,6018
1,     54176,15288,        3099195096,0.0,0.0
0,     54178,0,        3099310042,0.0,3773
0,     54180,0,        3099369010,0.0,999
1,     54182,15289,        3099395096,0.0,0.0
0,     54184,0,        3099471446,0.0,3695
1,     54186,15290,        3099595100,0.0,0.0
0,     54188,0,        3099754800,0.0,2345
1,     54190,15291,        3099795100,0.0,0.0
1,     54192,15292,        3099995100,0.0,0.0
1,     54194,15293,        3100195104,0.0,0.0
0,     54196,0,        3100265979,0.0,2825
1,     54198,15294,        3100395104,0.0,0.0
1,     54200,15295,        3100595104,0.0,0.0
1,     54202,15296,        3100795104,0.0,0.0
0,     54204,0,        3100938927,0.0,5777
0,     54206,0,        3100977411,0.0,4888
1,     54208,15297,        3100995108,0.0,0.0
1,     54210,15298,        3101195108,0.0,0.0
0,     54212,0,        3101346812,0.0,351
1,     54214,15299,        3101395108,0.0,0.0
0,     54216,0,        3101408730,0.0,745
0,     54218,0,        3101491813,0.0,2069
1,     54220,15300,        3101595112,0.0,0.0
0,     54222,0,        3101618425,0.0,1943
0,     54224,0,        3101647278,0.0,3515
0,     54226,0,        3101648825,0.0,3536
1,     54228,15301,        3101795112,0.0,0.0
1,     54230,15302,        3101995112,0.0,0.0
0,     54232,0,        3102118368,0.0,5067
1,     54234,15303,        3102195112,0.0,0.0
0,     54236,0,        3102321901,0.0,2494
0,     54238,0,        3102376644,0.0,3410
1,     54240,15304,        3102395116,0.0,0.0
0,     54242,0,        3102470631,0.0,3252
1,     54244,15305,        3102595116,0.0,0.0
0,     54246,0,        3102760787,0.0,33
0,     54248,0,        3102775823,0.0,5208
1,     54250,15306,        3102795116,0.0,0.0
0,     54252,0,        3102953384,0.0,56
0,     54254,0,        3102954290,0.0,3301
1,     54256,15307,        3102995120,0.0,0.0
0,     54258,0,        3103034706,0.0,2678
0,     54260,0,        3103114371,0.0,5167
1,     54262,15308,        3103195120,0.0,0.0
0,     54264,0,        3103268773,0.0,2350
1,     54266,15309,        3103395120,0.0,0.0
1,     54268,15310,        3103595124,0.0,0.0
1,     54270,15311,        3103795124,0.0,0.0
0,     54272,0,        3103933525,0.0,3575
1,     54274,15312,        3103995124,0.0,0.0
0,     54276,0,        3104008538,0.0,6098
1,     54278,15313,        3104195124,0.0,0.0
0,     54280,0,        3104202244,0.0,3458
0,     54282,0,        3104255649,0.0,763
0,     54284,0,        3104359411,0.0,2068
0,     54286,0,        3104365103,0.0,3935
1,     54288,15314,        3104395128,0.0,0.0
0,     54290,0,        3104545887,0.0,4846
0,     54292,0,        3104548253,0.0,5084
1,     54294,15315,        3104595128,0.0,0.0
1,     54296,15316,        3104795128,0.0,0.0
1,     54298,15317,        3104995132,0.0,0.0
1,     54300,15318,        3105195132,0.0,0.0
0,     54302,0,        3105260888,0.0,375
1,     54304,15319,        3105395132,0.0,0.0
1,     54306,15320,        3105595136,0.0,0.0
0,     54308,0,        3105756258,0.0,3728
1,     54310,15321,        3105795136,0.0,0.0
0,     54312,0,        3105951490,0.0,393
1,     54314,15322,        3105995136,0.0,0.0
0,     54316,0,        3106015878,0.0,989
0,     54318,0,        3106070761,0.0,4124
0,     54320,0,        3106161039,0.0,2640
1,     54322,15323,        3106195136,0.0,0.0
0,     54324,0,        3106262424,0.0,4269
0,     54326,0,        3106278558,0.0,1567
1,     54328,15324,        3106395140,0.0,0.0
1,     54330,15325,        3106595140,0.0,0.0
1,     54332,15326,        3106795140,0.0,0.0
1,     54334,15327,        3106995144,0.0,0.0
0,     54336,0,        3107075683,0.0,3823
0,     54337,0,        3107076065,0.0,4945
0,     54339,0,        3107079438,0.0,3468
1,     54341,15328,        3107195144,0.0,0.0
0,     54343,0,        3107347302,0.0,5751
1,     54345,15329,        3107395144,0.0,0.0
0,     54347,0,        3107411934,0.0,1343
0,     54349,0,        3107558311,0.0,3580
0,     54351,0,        3107593490,0.0,2896
1,     54353,15330,        3107595148,0.0,0.0
0,     54355,0,        3107668719,0.0,920
0,     54357,0,        3107673537,0.0,104
0,     54358,0,        3107673823,0.0,498
1,     54360,15331,        3107795148,0.0,0.0
0,     54362,0,        3107898096,0.0,5016
0,     54364,0,        3107979858,0.0,1302
1,     54366,15332,        3107995148,0.0,0.0
1,     54368,15333,        3108195148,0.0,0.0
0,     54370,0,        3108320259,0.0,1489
1,     54372,15334,        3108395152,0.0,0.0
0,     54374,0,        3108457085,0.0,5040
0,     54376,0,        3108563352,0.0,4899
1,     54378,15335,        3108595152,0.0,0.0
0,     54380,0,        3108779815,0.0,4425
1,     54382,15336,        3108795152,0.0,0.0
1,     54384,15337,        3108995156,0.0,0.0
0,     54386,0,        3109005713,0.0,3195
1,     54388,15338,        3109195156,0.0,0.0
1,     54390,15339,        3109395156,0.0,0.0
0,     54392,0,        3109399310,0.0,2712
1,     54394,15340,        3109595160,0.0,0.0
0,     54396,0,        3109642299,0.0,1745
0,     54398,0,        3109696050,0.0,2262
1,     54400,15341,        3109795160,0.0,0.0
0,     54402,0,        3109967122,0.0,2443
1,     54404,15342,        3109995160,0.0,0.0
1,     54406,15343,        3110195160,0.0,0.0
1,     54408,15344,        3110395164,0.0,0.0
0,     54410,0,        3110495896,0.0,5358
1,     54412,15345,        3110595164,0.0,0.0
1,     54414,15346,        3110795164,0.0,0.0
1,     54416,15347,        3110995168,0.0,0.0
0,     54418,0,        3111054111,0.0,495
1,     54420,15348,        3111195168,0.0,0.0
0,     54422,0,        3111201541,0.0,4316
1,     54424,15349,        3111395168,0.0,0.0
1,     54426,15350,        3111595168,0.0,0.0
0,     54428,0,        3111626136,0.0,493
0,     54430,0,        3111636457,0.0,1686
1,     54432,15351,        3111795172,0.0,0.0
0,     54434,0,        3111860498,0.0,4330
0,     54436,0,        3111862769,0.0,3652
0,     54438,0,        3111899935,0.0,5656
1,     54440,15352,        3111995172,0.0,0.0
1,     54442,15353,        3112195172,0.0,0.0
0,     54444,0,        3112239913,0.0,4293
1,     54446,15354,        3112395176,0.0,0.0
0,     54448,0,        3112534394,0.0,3078
1,     54450,15355,        3112595176,0.0,0.0
0,     54452,0,        3112706323,0.0,576
1,     54454,15356,        3112795176,0.0,0.0
0,     54456,0,        3112960649,0.0,4874
1,     54458,15357,        3112995180,0.0,0.0
0,     54460,0,        3113033785,0.0,3870
1,     54462,15358,        3113195180,0.0,0.0
1,     54464,15359,        3113395180,0.0,0.0
0,     54466,0,        3113430337,0.0,2566
0,     54468,0,        3113550000,0.0,3753
0,     54470,0,        3113578508,0.0,18
1,     54472,15360,        3113595180,0.0,0.0
0,     54474,0,        3113660581,0.0,6078
1,     54476,15361,        3113795184,0.0,0.0
1,     54478,15362,        3113995184,0.0,0.0
1,     54480,15363,        3114195184,0.0,0.0
1,     54482,15364,        3114395188,0.0,0.0
1,     54484,15365,        3114595188,0.0,0.0
0,     54486,0,        3114616270,0.0,5120
1,     54488,15366,        3114795188,0.0,0.0
1,     54490,15367,        3114995192,0.0,0.0
1,     54492,15368,        3115195192,0.0,0.0
1,     54494,15369,        3115395192,0.0,0.0
0,     54496,0,        3115494188,0.0,3581
1,     54498,15370,        3115595192,0.0,0.0
1,     54500,15371,        3115795196,0.0,0.0
0,     54502,0,        3115807471,0.0,3884
0,     54504,0,        3115845681,0.0,3835
1,     54506,15372,        3115995196,0.0,0.0
1,     54508,15373,        3116195196,0.0,0.0
1,     54510,15374,        3116395200,0.0,0.0
1,     54512,15375,        3116595200,0.0,0.0
0,     54514,0,        3116743173,0.0,5578
1,     54516,15376,        3116795200,0.0,0.0
1,     54518,15377,        3116995200,0.0,0.0
1,     54520,15378,        3117195204,0.0,0.0
0,     54522,0,        3117205673,0.0,3070
0,     54524,0,        3117371870,0.0,5728
1,     54526,15379,        3117395204,0.0,0.0
0,     54528,0,        3117516984,0.0,3553
0,     54530,0,        3117519342,0.0,3686
0,     54532,0,        3117576545,0.0,5103
1,     54534,15380,        3117595204,0.0,0.0
1,     54536,15381,        3117795208,0.0,0.0
0,     54538,0,        3117879934,0.0,5429
0,     54540,0,        3117928663,0.0,4430
1,     54542,15382,        3117995208,0.0,0.0
0,     54544,0,        3118156696,0.0,5082
1,     54546,15383,        3118195208,0.0,0.0
0,     54548,0,        3118290792,0.0,2077
1,     54550,15384,        3118395212,0.0,0.0
0,     54552,0,        3118416932,0.0,3499
1,     54554,15385,        3118595212,0.0,0.0
1,     54556,15386,        3118795212,0.0,0.0
0,     54558,0,        3118864807,0.0,1250
1,     54560,15387,        3118995212,0.0,0.0
0,     54562,0,        3118999442,0.0,3132
1,     54564,15388,        3119195216,0.0,0.0
0,     54566,0,        3119206448,0.0,1258
0,     54567,0,        3119206458,0.0,2978
1,     54569,15389,        3119395216,0.0,0.0
1,     54571,15390,        3119595216,0.0,0.0
1,     54573,15391,        3119795220,0.0,0.0
1,     54575,15392,        3119995220,0.0,0.0
1,     54577,15393,        3120195220,0.0,0.0
1,     54579,15394,        3120395224,0.0,0.0
1,     54581,15395,        3120595224,0.0,0.0
1,     54583,15396,        3120795224,0.0,0.0
1,     54585,15397,        3120995224,0.0,0.0
0,     54587,0,        3121067998,0.0,2440
0,     54588,0,        3121068009,0.0,3075
0,     54590,0,        3121088133,0.0,485
1,     54592,15398,        3121195228,0.0,0.0
1,     54594,15399,        3121395228,0.0,0.0
0,     54596,0,        3121412778,0.0,981
0,     54598,0,        3121574562,0.0,4519
1,     54600,15400,        3121595228,0.0,0.0
0,     54602,0,        3121608834,0.0,370
0,     54604,0,        3121770383,0.0,2052
1,     54606,15401,        3121795232,0.0,0.0
0,     54608,0,        3121839100,0.0,2085
0,     54610,0,        3121850613,0.0,2599
1,     54612,15402,        3121995232,0.0,0.0
1,     54614,15403,        3122195232,0.0,0.0
1,     54616,15404,        3122395236,0.0,0.0
1,     54618,15405,        3122595236,0.0,0.0
0,     54620,0,        3122662516,0.0,6014
0,     54622,0,        3122733639,0.0,230
0,     54624,0,        3122742693,0.0,1301
1,     54626,15406,        3122795236,0.0,0.0
1,     54628,15407,        3122995236,0.0,0.0
1,     54630,15408,        3123195240,0.0,0.0
1,     54632,15409,        3123395240,0.0,0.0
1,     54634,15410,        3123595240,0.0,0.0
0,     54636,0,        3123749258,0.0,5862
1,     54638,15411,        3123795244,0.0,0.0
1,     54640,15412,        3123995244,0.0,0.0
1,     54642,15413,        3124195244,0.0,0.0
0,     54644,0,        3124265931,0.0,1395
1,     54646,15414,        3124395248,0.0,0.0
1,     54648,15415,        3124595248,0.0,0.0
1,     54650,15416,        3124795248,0.0,0.0
1,     54652,15417,        3124995248,0.0,0.0
0,     54654,0,        3125181679,0.0,5149
0,     54655,0,        3125181747,0.0,4207
1,     54657,15418,        3125195252,0.0,0.0
1,     54659,15419,        3125395252,0.0,0.0
0,     54661,0,        3125592553,0.0,1570
1,     54663,15420,        3125595252,0.0,0.0
0,     54665,0,        3125631535,0.0,3891
0,     54667,0,        3125648328,0.0,4585
0,     54669,0,        3125657198,0.0,3753
1,     54671,15421,        3125795256,0.0,0.0
1,     54673,15422,        3125995256,0.0,0.0
0,     54675,0,        3126145666,0.0,5861
1,     54677,15423,        3126195256,0.0,0.0
1,     54679,15424,        3126395256,0.0,0.0
0,     54681,0,        3126544092,0.0,5383
1,     54683,15425,        3126595260,0.0,0.0
1,     54685,15426,        3126795260,0.0,0.0
1,     54687,15427,        3126995260,0.0,0.0
1,     54689,15428,        3127195264,0.0,0.0
1,     54691,15429,        3127395264,0.0,0.0
0,     54693,0,        3127453880,0.0,4915
0,     54695,0,        3127517478,0.0,1070
0,     54696,0,        3127517481,0.0,1682
0,     54698,0,        3127580738,0.0,979
1,     54700,15430,        3127595264,0.0,0.0
0,     54702,0,        3127710273,0.0,4396
1,     54704,15431,        3127795268,0.0,0.0
1,     54706,15432,        3127995268,0.0,0.0
0,     54708,0,        3128058675,0.0,5026
0,     54710,0,        3128076790,0.0,3872
0,     54712,0,        3128110722,0.0,3318
0,     54714,0,        3128153125,0.0,5025
1,     54716,15433,        3128195268,0.0,0.0
0,     54718,0,        3128249613,0.0,5087
0,     54720,0,        3128367675,0.0,4902
1,     54722,15434,        3128395268,0.0,0.0
0,     54724,0,        3128406044,0.0,2960
0,     54726,0,        3128465662,0.0,178
1,     54728,15435,        3128595272,0.0,0.0
1,     54730,15436,        3128795272,0.0,0.0
0,     54732,0,        3128911209,0.0,3689
1,     54734,15437,        3128995272,0.0,0.0
0,     54736,0,        3129006016,0.0,4934
0,     54738,0,        3129144934,0.0,5433
1,     54740,15438,        3129195276,0.0,0.0
0,     54742,0,        3129354261,0.0,193
1,     54744,15439,        3129395276,0.0,0.0
1,     54746,15440,        3129595276,0.0,0.0
1,     54748,15441,        3129795280,0.0,0.0
1,     54750,15442,        3129995280,0.0,0.0
0,     54752,0,        3130003717,0.0,4430
1,     54754,15443,        3130195280,0.0,0.0
0,     54756,0,        3130338203,0.0,2838
1,     54758,15444,        3130395280,0.0,0.0
0,     54760,0,        3130515264,0.0,335
1,     54762,15445,        3130595284,0.0,0.0
1,     54764,15446,        3130795284,0.0,0.0
0,     54766,0,        3130873367,0.0,1695
1,     54768,15447,        3130995284,0.0,0.0
0,     54770,0,        3131033686,0.0,5902
1,     54772,15448,        3131195288,0.0,0.0
0,     54774,0,        3131236937,0.0,2594
1,     54776,15449,        3131395288,0.0,0.0
1,     54778,15450,        3131595288,0.0,0.0
0,     54780,0,        3131641464,0.0,3550
0,     54782,0,        3131684399,0.0,3750
0,     54784,0,        3131745157,0.0,5001
0,     54786,0,        3131750971,0.0,6137
0,     54788,0,        3131765210,0.0,6044
1,     54790,15451,        3131795292,0.0,0.0
1,     54792,15452,        3131995292,0.0,0.0
1,     54794,15453,        3132195292,0.0,0.0
1,     54796,15454,        3132395292,0.0,0.0
1,     54798,15455,        3132595296,0.0,0.0
1,     54800,15456,        3132795296,0.0,0.0
1,     54802,15457,        3132995296,0.0,0.0
1,     54804,15458,        3133195300,0.0,0.0
0,     54806,0,        3133213439,0.0,4469
0,     54808,0,        3133367775,0.0,558
1,     54810,15459,        3133395300,0.0,0.0
0,     54812,0,        3133467500,0.0,1945
0,     54813,0,        3133467512,0.0,2389
1,     54815,15460,        3133595300,0.0,0.0
1,     54817,15461,        3133795304,0.0,0.0
1,     54819,15462,        3133995304,0.0,0.0
0,     54821,0,        3134028729,0.0,3868
1,     54823,15463,        3134195304,0.0,0.0
1,     54825,15464,        3134395304,0.0,0.0
1,     54827,15465,        3134595308,0.0,0.0
1,     54829,15466,        3134795308,0.0,0.0
0,     54831,0,        3134965706,0.0,3563
1,     54833,15467,        3134995308,0.0,0.0
0,     54835,0,        3135139190,0.0,4047
1,     54837,15468,        3135195312,0.0,0.0
1,     54839,15469,        3135395312,0.0,0.0
1,     54841,15470,        3135595312,0.0,0.0
1,     54843,15471,        3135795312,0.0,0.0
1,     54845,15472,        3135995316,0.0,0.0
0,     54847,0,        3136048310,0.0,3153
1,     54849,15473,        3136195316,0.0,0.0
0,     54851,0,        3136331828,0.0,4656
1,     54853,15474,        3136395316,0.0,0.0
1,     54855,15475,        3136595320,0.0,0.0
0,     54857,0,        3136782140,0.0,4812
0,     54859,0,        3136794411,0.0,746
1,     54861,15476,        3136795320,0.0,0.0
1,     54863,15477,        3136995320,0.0,0.0
0,     54865,0,        3137124071,0.0,4146
1,     54867,15478,        3137195324,0.0,0.0
1,     54869,15479,        3137395324,0.0,0.0
0,     54871,0,        3137587128,0.0,1578
1,     54873,15480,        3137595324,0.0,0.0
0,     54875,0,        3137739735,0.0,4142
1,     54877,15481,        3137795324,0.0,0.0
1,     54879,15482,        3137995328,0.0,0.0
1,     54881,15483,        3138195328,0.0,0.0
0,     54883,0,        3138273293,0.0,5581
1,     54885,15484,        3138395328,0.0,0.0
0,     54887,0,        3138497708,0.0,4269
1,     54889,15485,        3138595332,0.0,0.0
1,     54891,15486,        3138795332,0.0,0.0
1,     54893,15487,        3138995332,0.0,0.0
0,     54895,0,        3139078811,0.0,4156
1,     54897,15488,        3139195336,0.0,0.0
1,     54899,15489,        3139395336,0.0,0.0
0,     54901,0,        3139489655,0.0,4226
1,     54903,15490,        3139595336,0.0,0.0
0,     54905,0,        3139598566,0.0,4731
0,     54906,0,        3139598628,0.0,232
1,     54908,15491,        3139795336,0.0,0.0
0,     54910,0,        3139799345,0.0,783
0,     54912,0,        3139890241,0.0,4107
1,     54914,15492,        3139995340,0.0,0.0
0,     54916,0,        3140091067,0.0,3562
1,     54918,15493,        3140195340,0.0,0.0
0,     54920,0,        3140248604,0.0,3462
1,     54922,15494,        3140395340,0.0,0.0
1,     54924,15495,        3140595344,0.0,0.0
0,     54926,0,        3140597720,0.0,3581
0,     54928,0,        3140629706,0.0,3589
0,     54929,0,        3140629936,0.0,3105
1,     54931,15496,        3140795344,0.0,0.0
1,     54933,15497,        3140995344,0.0,0.0
1,     54935,15498,        3141195348,0.0,0.0
1,     54937,15499,        3141395348,0.0,0.0
0,     54939,0,        3141560142,0.0,4022
0,     54940,0,        3141560268,0.0,4288
1,     54942,15500,        3141595348,0.0,0.0
0,     54944,0,        3141621540,0.0,6087
0,     54946,0,        3141687811,0.0,5865
1,     54948,15501,        3141795348,0.0,0.0
1,     54950,15502,        3141995352,0.0,0.0
1,     54952,15503,        3142195352,0.0,0.0
0,     54954,0,        3142239117,0.0,1299
0,     54956,0,        3142361494,0.0,1711
0,     54958,0,        3142364168,0.0,5333
1,     54960,15504,        3142395352,0.0,0.0
0,     54962,0,        3142517937,0.0,3052
1,     54964,15505,        3142595356,0.0,0.0
1,     54966,15506,        3142795356,0.0,0.0
1,     54968,15507,        3142995356,0.0,0.0
1,     54970,15508,        3143195360,0.0,0.0
1,     54972,15509,        3143395360,0.0,0.0
1,     54974,15510,        3143595360,0.0,0.0
1,     54976,15511,        3143795360,0.0,0.0
0,     54978,0,        3143813083,0.0,175
0,     54980,0,        3143862921,0.0,4190
1,     54982,15512,        3143995364,0.0,0.0
0,     54984,0,        3144077725,0.0,3340
0,     54985,0,        3144077727,0.0,2107
1,     54987,15513,        3144195364,0.0,0.0
0,     54989,0,        3144283093,0.0,3376
0,     54991,0,        3144317120,0.0,3323
1,     54993,15514,        3144395364,0.0,0.0
0,     54995,0,        3144571144,0.0,5948
1,     54997,15515,        3144595368,0.0,0.0
1,     54999,15516,        3144795368,0.0,0.0
1,     55001,15517,        3144995368,0.0,0.0
0,     55003,0,        3145191894,0.0,1084
1,     55005,15518,        3145195368,0.0,0.0
0,     55007,0,        3145253157,0.0,6156
1,     55009,15519,        3145395372,0.0,0.0
1,     55011,15520,        3145595372,0.0,0.0
0,     55013,0,        3145757702,0.0,6031
1,     55015,15521,        3145795372,0.0,0.0
0,     55017,0,        3145881048,0.0,1459
1,     55019,15522,        3145995376,0.0,0.0
1,     55021,15523,        3146195376,0.0,0.0
1,     55023,15524,        3146395376,0.0,0.0
1,     55025,15525,        3146595380,0.0,0.0
0,     55027,0,        3146790342,0.0,3132
1,     55029,15526,        3146795380,0.0,0.0
0,     55031,0,        3146951218,0.0,3889
0,     55033,0,        3146981010,0.0,1011
1,     55035,15527,        3146995380,0.0,0.0
1,     55037,15528,        3147195380,0.0,0.0
0,     55039,0,        3147241524,0.0,1818
1,     55041,15529,        3147395384,0.0,0.0
0,     55043,0,        3147538739,0.0,3318
1,     55045,15530,        3147595384,0.0,0.0
1,     55047,15531,        3147795384,0.0,0.0
1,     55049,15532,        3147995388,0.0,0.0
1,     55051,15533,        3148195388,0.0,0.0
1,     55053,15534,        3148395388,0.0,0.0
0,     55055,0,        3148490842,0.0,1622
1,     55057,15535,        3148595392,0.0,0.0
0,     55059,0,        3148616107,0.0,1997
0,     55061,0,        3148626077,0.0,2573
0,     55063,0,        3148788919,0.0,5327
1,     55065,15536,        3148795392,0.0,0.0
1,     55067,15537,        3148995392,0.0,0.0
0,     55069,0,        3149185003,0.0,199
1,     55071,15538,        3149195392,0.0,0.0
0,     55073,0,        3149370052,0.0,4983
1,     55075,15539,        3149395396,0.0,0.0
0,     55077,0,        3149543667,0.0,5179
0,     55079,0,        3149576081,0.0,1252
1,     55081,15540,        3149595396,0.0,0.0
0,     55083,0,        3149633878,0.0,3890
1,     55085,15541,        3149795396,0.0,0.0
0,     55087,0,        3149817314,0.0,1818
0,     55089,0,        3149977148,0.0,4648
1,     55091,15542,        3149995400,0.0,0.0
0,     55093,0,        3150001076,0.0,3611
0,     55095,0,        3150128152,0.0,3480
1,     55097,15543,        3150195400,0.0,0.0
1,     55099,15544,        3150395400,0.0,0.0
0,     55101,0,        3150407823,0.0,4013
0,     55103,0,        3150546272,0.0,5354
0,     55104,0,        3150546457,0.0,1654
1,     55106,15545,        3150595404,0.0,0.0
1,     55108,15546,        3150795404,0.0,0.0
1,     55110,15547,        3150995404,0.0,0.0
1,     55112,15548,        3151195404,0.0,0.0
0,     55114,0,        3151329984,0.0,6248
1,     55116,15549,        3151395408,0.0,0.0
0,     55118,0,        3151545050,0.0,2010
0,     55119,0,        3151545129,0.0,871
1,     55121,15550,        3151595408,0.0,0.0
1,     55123,15551,        3151795408,0.0,0.0
0,     55125,0,        3151886790,0.0,603
0,     55127,0,        3151932553,0.0,3281
0,     55129,0,        3151955220,0.0,2566
0,     55131,0,        3151989536,0.0,1827
1,     55133,15552,        3151995412,0.0,0.0
1,     55135,15553,        3152195412,0.0,0.0
0,     55137,0,        3152225590,0.0,4748
1,     55139,15554,        3152395412,0.0,0.0
1,     55141,15555,        3152595416,0.0,0.0
0,     55143,0,        3152765323,0.0,5176
1,     55145,15556,        3152795416,0.0,0.0
0,     55147,0,        3152890738,0.0,5274
1,     55149,15557,        3152995416,0.0,0.0
1,     55151,15558,        3153195416,0.0,0.0
1,     55153,15559,        3153395420,0.0,0.0
1,     55155,15560,        3153595420,0.0,0.0
0,     55157,0,        3153699376,0.0,4001
1,     55159,15561,        3153795420,0.0,0.0
1,     55161,15562,        3153995424,0.0,0.0
0,     55163,0,        3154145802,0.0,3309
1,     55165,15563,        3154195424,0.0,0.0
1,     55167,15564,        3154395424,0.0,0.0
1,     55169,15565,        3154595424,0.0,0.0
0,     55171,0,        3154679305,0.0,269
1,     55173,15566,        3154795428,0.0,0.0
0,     55175,0,        3154853956,0.0,6234
0,     55177,0,        3154934409,0.0,2274
1,     55179,15567,        3154995428,0.0,0.0
1,     55181,15568,        3155195428,0.0,0.0
0,     55183,0,        3155262826,0.0,2600
0,     55185,0,        3155313890,0.0,4723
1,     55187,15569,        3155395432,0.0,0.0
0,     55189,0,        3155527235,0.0,5181
1,     55191,15570,        3155595432,0.0,0.0
1,     55193,15571,        3155795432,0.0,0.0
1,     55195,15572,        3155995436,0.0,0.0
1,     55197,15573,        3156195436,0.0,0.0
1,     55199,15574,        3156395436,0.0,0.0
0,     55201,0,        3156407167,0.0,4126
1,     55203,15575,        3156595436,0.0,0.0
1,     55205,15576,        3156795440,0.0,0.0
0,     55207,0,        3156880859,0.0,3080
0,     55209,0,        3156994714,0.0,2033
1,     55211,15577,        3156995440,0.0,0.0
1,     55213,15578,        3157195440,0.0,0.0
0,     55215,0,        3157295701,0.0,4526
1,     55217,15579,        3157395444,0.0,0.0
1,     55219,15580,        3157595444,0.0,0.0
1,     55221,15581,        3157795444,0.0,0.0
0,     55223,0,        3157891793,0.0,4812
1,     55225,15582,        3157995448,0.0,0.0
0,     55227,0,        3158111437,0.0,6067
0,     55229,0,        3158176014,0.0,3422
1,     55231,15583,        3158195448,0.0,0.0
0,     55233,0,        3158220586,0.0,3327
1,     55235,15584,        3158395448,0.0,0.0
0,     55237,0,        3158430539,0.0,3623
1,     55239,15585,        3158595448,0.0,0.0
1,     55241,15586,        3158795452,0.0,0.0
0,     55243,0,        3158883938,0.0,2164
0,     55245,0,        3158920986,0.0,1304
0,     55247,0,        3158950345,0.0,3297
1,     55249,15587,        3158995452,0.0,0.0
0,     55251,0,        3159064154,0.0,3560
1,     55253,15588,        3159195452,0.0,0.0
0,     55255,0,        3159237868,0.0,861
1,     55257,15589,        3159395456,0.0,0.0
0,     55259,0,        3159447036,0.0,2601
0,     55261,0,        3159568868,0.0,4075
1,     55263,15590,        3159595456,0.0,0.0
1,     55265,15591,        3159795456,0.0,0.0
0,     55267,0,        3159828153,0.0,560
1,     55269,15592,        3159995460,0.0,0.0
0,     55271,0,        3160052015,0.0,6168
1,     55273,15593,        3160195460,0.0,0.0
1,     55275,15594,        3160395460,0.0,0.0
0,     55277,0,        3160434970,0.0,3399
0,     55278,0,        3160435144,0.0,2835
1,     55280,15595,        3160595460,0.0,0.0
0,     55282,0,        3160695141,0.0,4600
1,     55284,15596,        3160795464,0.0,0.0
1,     55286,15597,        3160995464,0.0,0.0
1,     55288,15598,        3161195464,0.0,0.0
0,     55290,0,        3161365812,0.0,2855
1,     55292,15599,        3161395468,0.0,0.0
0,     55294,0,        3161458874,0.0,3812
0,     55296,0,        3161506053,0.0,1917
0,     55298,0,        3161568827,0.0,343
1,     55300,15600,        3161595468,0.0,0.0
1,     55302,15601,        3161795468,0.0,0.0
0,     55304,0,        3161853169,0.0,1818
0,     55305,0,        3161853186,0.0,6095
0,     55306,0,        3161853643,0.0,5542
1,     55308,15602,        3161995472,0.0,0.0
0,     55310,0,        3162129620,0.0,3473
0,     55312,0,        3162141023,0.0,3950
1,     55314,15603,        3162195472,0.0,0.0
1,     55316,15604,        3162395472,0.0,0.0
1,     55318,15605,        3162595472,0.0,0.0
0,     55320,0,        3162721571,0.0,78
1,     55322,15606,        3162795476,0.0,0.0
0,     55324,0,        3162959151,0.0,3553
1,     55326,15607,        3162995476,0.0,0.0
1,     55328,15608,        3163195476,0.0,0.0
0,     55330,0,        3163302630,0.0,1217
1,     55332,15609,        3163395480,0.0,0.0
1,     55334,15610,        3163595480,0.0,0.0
1,     55336,15611,        3163795480,0.0,0.0
0,     55338,0,        3163951101,0.0,3357
1,     55340,15612,        3163995480,0.0,0.0
1,     55342,15613,        3164195484,0.0,0.0
0,     55344,0,        3164328475,0.0,1598
1,     55346,15614,        3164395484,0.0,0.0
0,     55348,0,        3164434853,0.0,2323
1,     55350,15615,        3164595484,0.0,0.0
1,     55352,15616,        3164795488,0.0,0.0
0,     55354,0,        3164894473,0.0,1711
1,     55356,15617,        3164995488,0.0,0.0
0,     55358,0,        3165030217,0.0,2753
1,     55360,15618,        3165195488,0.0,0.0
0,     55362,0,        3165277195,0.0,3177
1,     55364,15619,        3165395492,0.0,0.0
1,     55366,15620,        3165595492,0.0,0.0
1,     55368,15621,        3165795492,0.0,0.0
0,     55370,0,        3165921553,0.0,3293
1,     55372,15622,        3165995492,0.0,0.0
0,     55374,0,        3166061020,0.0,2747
1,     55376,15623,        3166195496,0.0,0.0
1,     55378,15624,        3166395496,0.0,0.0
0,     55380,0,        3166572107,0.0,5467
1,     55382,15625,        3166595496,0.0,0.0
1,     55384,15626,        3166795500,0.0,0.0
0,     55386,0,        3166912347,0.0,2975
0,     55388,0,        3166938701,0.0,3798
1,     55390,15627,        3166995500,0.0,0.0
1,     55392,15628,        3167195500,0.0,0.0
0,     55394,0,        3167387567,0.0,1984
1,     55396,15629,        3167395504,0.0,0.0
1,     55398,15630,        3167595504,0.0,0.0
0,     55400,0,        3167607214,0.0,3341
1,     55402,15631,        3167795504,0.0,0.0
0,     55404,0,        3167814848,0.0,610
1,     55406,15632,        3167995504,0.0,0.0
1,     55408,15633,        3168195508,0.0,0.0
1,     55410,15634,        3168395508,0.0,0.0
0,     55412,0,        3168400088,0.0,402
1,     55414,15635,        3168595508,0.0,0.0
1,     55416,15636,        3168795512,0.0,0.0
1,     55418,15637,        3168995512,0.0,0.0
1,     55420,15638,        3169195512,0.0,0.0
1,     55422,15639,        3169395516,0.0,0.0
0,     55424,0,        3169450098,0.0,3527
0,     55426,0,        3169568594,0.0,2403
1,     55428,15640,        3169595516,0.0,0.0
1,     55430,15641,        3169795516,0.0,0.0
1,     55432,15642,        3169995516,0.0,0.0
0,     55434,0,        3170117317,0.0,5880
1,     55436,15643,        3170195520,0.0,0.0
1,     55438,15644,        3170395520,0.0,0.0
1,     55440,15645,        3170595520,0.0,0.0
1,     55442,15646,        3170795524,0.0,0.0
1,     55444,15647,        3170995524,0.0,0.0
0,     55446,0,        3171108286,0.0,5674
1,     55448,15648,        3171195524,0.0,0.0
1,     55450,15649,        3171395528,0.0,0.0
1,     55452,15650,        3171595528,0.0,0.0
1,     55454,15651,        3171795528,0.0,0.0
1,     55456,15652,        3171995528,0.0,0.0
1,     55458,15653,        3172195532,0.0,0.0
1,     55460,15654,        3172395532,0.0,0.0
0,     55462,0,        3172564612,0.0,5102
1,     55464,15655,        3172595532,0.0,0.0
0,     55466,0,        3172758698,0.0,894
1,     55468,15656,        3172795536,0.0,0.0
0,     55470,0,        3172989726,0.0,1170
1,     55472,15657,        3172995536,0.0,0.0
1,     55474,15658,        3173195536,0.0,0.0
1,     55476,15659,        3173395536,0.0,0.0
1,     55478,15660,        3173595540,0.0,0.0
0,     55480,0,        3173619075,0.0,3963
0,     55481,0,        3173619084,0.0,431
1,     55483,15661,        3173795540,0.0,0.0
0,     55485,0,        3173853276,0.0,216
1,     55487,15662,        3173995540,0.0,0.0
0,     55489,0,        3174063773,0.0,3510
0,     55491,0,        3174144293,0.0,945
1,     55493,15663,        3174195544,0.0,0.0
0,     55495,0,        3174221939,0.0,790
0,     55497,0,        3174348020,0.0,4974
1,     55499,15664,        3174395544,0.0,0.0
1,     55501,15665,        3174595544,0.0,0.0
0,     55503,0,        3174754217,0.0,4659
1,     55505,15666,        3174795548,0.0,0.0
1,     55507,15667,        3174995548,0.0,0.0
1,     55509,15668,        3175195548,0.0,0.0
1,     55511,15669,        3175395548,0.0,0.0
0,     55513,0,        3175424912,0.0,3296
1,     55515,15670,        3175595552,0.0,0.0
0,     55517,0,        3175730327,0.0,342
1,     55519,15671,        3175795552,0.0,0.0
1,     55521,15672,        3175995552,0.0,0.0
1,     55523,15673,        3176195556,0.0,0.0
1,     55525,15674,        3176395556,0.0,0.0
0,     55527,0,        3176510515,0.0,523
0,     55529,0,        3176564570,0.0,4829
0,     55531,0,        3176587755,0.0,5989
1,     55533,15675,        3176595556,0.0,0.0
1,     55535,15676,        3176795560,0.0,0.0
0,     55537,0,        3176891550,0.0,5720
0,     55539,0,        3176907698,0.0,2694
1,     55541,15677,        3176995560,0.0,0.0
1,     55543,15678,        3177195560,0.0,0.0
0,     55545,0,        3177242160,0.0,2384
1,     55547,15679,        3177395560,0.0,0.0
1,     55549,15680,        3177595564,0.0,0.0
1,     55551,15681,        3177795564,0.0,0.0
0,     55553,0,        3177993320,0.0,4774
1,     55555,15682,        3177995564,0.0,0.0
0,     55557,0,        3178005891,0.0,6162
1,     55559,15683,        3178195568,0.0,0.0
1,     55561,15684,        3178395568,0.0,0.0
0,     55563,0,        3178441890,0.0,3410
1,     55565,15685,        3178595568,0.0,0.0
1,     55567,15686,        3178795572,0.0,0.0
1,     55569,15687,        3178995572,0.0,0.0
1,     55571,15688,        3179195572,0.0,0.0
1,     55573,15689,        3179395572,0.0,0.0
1,     55575,15690,        3179595576,0.0,0.0
1,     55577,15691,        3179795576,0.0,0.0
0,     55579,0,        3179994443,0.0,3197
1,     55581,15692,        3179995576,0.0,0.0
0,     55583,0,        3180120219,0.0,4995
1,     55585,15693,        3180195580,0.0,0.0
1,     55587,15694,        3180395580,0.0,0.0
1,     55589,15695,        3180595580,0.0,0.0
1,     55591,15696,        3180795584,0.0,0.0
0,     55593,0,        3180977264,0.0,4822
1,     55595,15697,        3180995584,0.0,0.0
0,     55597,0,        3181125239,0.0,2046
1,     55599,15698,        3181195584,0.0,0.0
0,     55601,0,        3181243645,0.0,5114
0,     55603,0,        3181287221,0.0,1553
0,     55604,0,        3181287223,0.0,1940
1,     55606,15699,        3181395584,0.0,0.0
1,     55608,15700,        3181595588,0.0,0.0
1,     55610,15701,        3181795588,0.0,0.0
0,     55612,0,        3181813260,0.0,3606
0,     55614,0,        3181823312,0.0,4372
1,     55616,15702,        3181995588,0.0,0.0
1,     55618,15703,        3182195592,0.0,0.0
0,     55620,0,        3182381168,0.0,4384
1,     55622,15704,        3182395592,0.0,0.0
1,     55624,15705,        3182595592,0.0,0.0
0,     55626,0,        3182611957,0.0,4085
0,     55628,0,        3182752071,0.0,905
0,     55630,0,        3182762553,0.0,5701
0,     55632,0,        3182765428,0.0,4646
1,     55634,15706,        3182795592,0.0,0.0
0,     55636,0,        3182821850,0.0,3477
1,     55638,15707,        3182995596,0.0,0.0
0,     55640,0,        3183161822,0.0,5791
1,     55642,15708,        3183195596,0.0,0.0
1,     55644,15709,        3183395596,0.0,0.0
1,     55646,15710,        3183595600,0.0,0.0
0,     55648,0,        3183758670,0.0,2834
1,     55650,15711,        3183795600,0.0,0.0
0,     55652,0,        3183815891,0.0,4124
1,     55654,15712,        3183995600,0.0,0.0
0,     55656,0,        3184160987,0.0,3752
1,     55658,15713,        3184195604,0.0,0.0
1,     55660,15714,        3184395604,0.0,0.0
1,     55662,15715,        3184595604,0.0,0.0
0,     55664,0,        3184700064,0.0,5903
1,     55666,15716,        3184795604,0.0,0.0
1,     55668,15717,        3184995608,0.0,0.0
1,     55670,15718,        3185195608,0.0,0.0
0,     55672,0,        3185275226,0.0,959
0,     55674,0,        3185393505,0.0,186
1,     55676,15719,        3185395608,0.0,0.0
0,     55678,0,        3185565300,0.0,6138
1,     55680,15720,        3185595612,0.0,0.0
0,     55682,0,        3185679316,0.0,727
1,     55684,15721,        3185795612,0.0,0.0
1,     55686,15722,        3185995612,0.0,0.0
0,     55688,0,        3186062185,0.0,1866
1,     55690,15723,        3186195616,0.0,0.0
0,     55692,0,        3186200325,0.0,1544
1,     55694,15724,        3186395616,0.0,0.0
1,     55696,15725,        3186595616,0.0,0.0
0,     55698,0,        3186771173,0.0,5242
1,     55700,15726,        3186795616,0.0,0.0
1,     55702,15727,        3186995620,0.0,0.0
1,     55704,15728,        3187195620,0.0,0.0
1,     55706,15729,        3187395620,0.0,0.0
0,     55708,0,        3187583391,0.0,5192
1,     55710,15730,        3187595624,0.0,0.0
1,     55712,15731,        3187795624,0.0,0.0
0,     55714,0,        3187861495,0.0,2850
1,     55716,15732,        3187995624,0.0,0.0
0,     55718,0,        3188157450,0.0,695
1,     55720,15733,        3188195628,0.0,0.0
1,     55722,15734,        3188395628,0.0,0.0
0,     55724,0,        3188476971,0.0,3689
1,     55726,15735,        3188595628,0.0,0.0
0,     55728,0,        3188660875,0.0,1430
1,     55730,15736,        3188795628,0.0,0.0
0,     55732,0,        3188809764,0.0,3604
0,     55734,0,        3188942678,0.0,1977
1,     55736,15737,        3188995632,0.0,0.0
0,     55738,0,        3189125192,0.0,532
1,     55740,15738,        3189195632,0.0,0.0
1,     55742,15739,        3189395632,0.0,0.0
1,     55744,15740,        3189595636,0.0,0.0
0,     55746,0,        3189730736,0.0,4421
1,     55748,15741,        3189795636,0.0,0.0
0,     55750,0,        3189850529,0.0,2747
1,     55752,15742,        3189995636,0.0,0.0
1,     55754,15743,        3190195636,0.0,0.0
0,     55756,0,        3190236366,0.0,5752
1,     55758,15744,        3190395640,0.0,0.0
1,     55760,15745,        3190595640,0.0,0.0
0,     55762,0,        3190625759,0.0,3306
1,     55764,15746,        3190795640,0.0,0.0
0,     55766,0,        3190843776,0.0,1435
0,     55768,0,        3190938411,0.0,2306
1,     55770,15747,        3190995644,0.0,0.0
1,     55772,15748,        3191195644,0.0,0.0
0,     55774,0,        3191233977,0.0,1163
1,     55776,15749,        3191395644,0.0,0.0
1,     55778,15750,        3191595648,0.0,0.0
0,     55780,0,        3191620571,0.0,5398
0,     55782,0,        3191772322,0.0,3975
1,     55784,15751,        3191795648,0.0,0.0
0,     55786,0,        3191971662,0.0,4231
1,     55788,15752,        3191995648,0.0,0.0
1,     55790,15753,        3192195648,0.0,0.0
0,     55792,0,        3192231490,0.0,4096
0,     55794,0,        3192238829,0.0,3889
1,     55796,15754,        3192395652,0.0,0.0
0,     55798,0,        3192495189,0.0,4577
1,     55800,15755,        3192595652,0.0,0.0
1,     55802,15756,        3192795652,0.0,0.0
0,     55804,0,        3192878029,0.0,5903
0,     55806,0,        3192899754,0.0,1037
1,     55808,15757,        3192995656,0.0,0.0
0,     55810,0,        3193173601,0.0,3207
1,     55812,15758,        3193195656,0.0,0.0
1,     55814,15759,        3193395656,0.0,0.0
0,     55816,0,        3193447192,0.0,5133
1,     55818,15760,        3193595660,0.0,0.0
0,     55820,0,        3193705534,0.0,1089
1,     55822,15761,        3193795660,0.0,0.0
1,     55824,15762,        3193995660,0.0,0.0
1,     55826,15763,        3194195660,0.0,0.0
0,     55828,0,        3194240387,0.0,984
1,     55830,15764,        3194395664,0.0,0.0
0,     55832,0,        3194478619,0.0,5815
1,     55834,15765,        3194595664,0.0,0.0
1,     55836,15766,        3194795664,0.0,0.0
0,     55838,0,        3194981168,0.0,2472
1,     55840,15767,        3194995668,0.0,0.0
1,     55842,15768,        3195195668,0.0,0.0
1,     55844,15769,        3195395668,0.0,0.0
1,     55846,15770,        3195595672,0.0,0.0
0,     55848,0,        3195667923,0.0,1013
1,     55850,15771,        3195795672,0.0,0.0
1,     55852,15772,        3195995672,0.0,0.0
1,     55854,15773,        3196195672,0.0,0.0
1,     55856,15774,        3196395676,0.0,0.0
1,     55858,15775,        3196595676,0.0,0.0
0,     55860,0,        3196656000,0.0,755
1,     55862,15776,        3196795676,0.0,0.0
1,     55864,15777,        3196995680,0.0,0.0
1,     55866,15778,        3197195680,0.0,0.0
0,     55868,0,        3197214880,0.0,5326
1,     55870,15779,        3197395680,0.0,0.0
0,     55872,0,        3197410446,0.0,594
0,     55874,0,        3197482963,0.0,3855
1,     55876,15780,        3197595684,0.0,0.0
1,     55878,15781,        3197795684,0.0,0.0
0,     55880,0,        3197870525,0.0,3776
1,     55882,15782,        3197995684,0.0,0.0
0,     55884,0,        3198104425,0.0,1742
0,     55886,0,        3198133470,0.0,5841
0,     55888,0,        3198193289,0.0,4323
1,     55890,15783,        3198195684,0.0,0.0
1,     55892,15784,        3198395688,0.0,0.0
1,     55894,15785,        3198595688,0.0,0.0
0,     55896,0,        3198741097,0.0,3603
1,     55898,15786,        3198795688,0.0,0.0
0,     55900,0,        3198867736,0.0,5599
1,     55902,15787,        3198995692,0.0,0.0
1,     55904,15788,        3199195692,0.0,0.0
0,     55906,0,        3199279696,0.0,29
1,     55908,15789,        3199395692,0.0,0.0
1,     55910,15790,        3199595692,0.0,0.0
1,     55912,15791,        3199795696,0.0,0.0
0,     55914,0,        3199797614,0.0,900
1,     55916,15792,        3199995696,0.0,0.0
0,     55918,0,        3200013124,0.0,2866
1,     55920,15793,        3200195696,0.0,0.0
0,     55922,0,        3200372669,0.0,5873
0,     55924,0,        3200373308,0.0,775
1,     55926,15794,        3200395700,0.0,0.0
1,     55928,15795,        3200595700,0.0,0.0
0,     55930,0,        3200734005,0.0,3017
1,     55932,15796,        3200795700,0.0,0.0
0,     55934,0,        3200976715,0.0,2064
1,     55936,15797,        3200995704,0.0,0.0
0,     55938,0,        3201003012,0.0,2921
0,     55940,0,        3201143561,0.0,2830
1,     55942,15798,        3201195704,0.0,0.0
0,     55944,0,        3201208119,0.0,1835
1,     55946,15799,        3201395704,0.0,0.0
1,     55948,15800,        3201595704,0.0,0.0
1,     55950,15801,        3201795708,0.0,0.0
0,     55952,0,        3201981028,0.0,1661
1,     55954,15802,        3201995708,0.0,0.0
1,     55956,15803,        3202195708,0.0,0.0
0,     55958,0,        3202205513,0.0,704
1,     55960,15804,        3202395712,0.0,0.0
0,     55962,0,        3202595398,0.0,1930
1,     55963,15805,        3202595712,0.0,0.0
1,     55965,15806,        3202795712,0.0,0.0
0,     55967,0,        3202987011,0.0,2161
1,     55969,15807,        3202995716,0.0,0.0
0,     55971,0,        3203045212,0.0,4848
0,     55973,0,        3203166191,0.0,6202
1,     55975,15808,        3203195716,0.0,0.0
1,     55977,15809,        3203395716,0.0,0.0
0,     55979,0,        3203411615,0.0,342
1,     55981,15810,        3203595716,0.0,0.0
0,     55983,0,        3203678058,0.0,5275
0,     55985,0,        3203719280,0.0,733
0,     55987,0,        3203742865,0.0,506
1,     55989,15811,        3203795720,0.0,0.0
0,     55991,0,        3203814739,0.0,3840
1,     55993,15812,        3203995720,0.0,0.0
1,     55995,15813,        3204195720,0.0,0.0
1,     55997,15814,        3204395724,0.0,0.0
0,     55999,0,        3204434333,0.0,3329
1,     56001,15815,        3204595724,0.0,0.0
0,     56003,0,        3204720318,0.0,4021
1,     56005,15816,        3204795724,0.0,0.0
0,     56007,0,        3204975978,0.0,1210
1,     56009,15817,        3204995728,0.0,0.0
0,     56011,0,        3205016478,0.0,1973
0,     56013,0,        3205172958,0.0,3453
1,     56015,15818,        3205195728,0.0,0.0
1,     56017,15819,        3205395728,0.0,0.0
1,     56019,15820,        3205595728,0.0,0.0
0,     56021,0,        3205699090,0.0,3151
1,     56023,15821,        3205795732,0.0,0.0
1,     56025,15822,        3205995732,0.0,0.0
1,     56027,15823,        3206195732,0.0,0.0
0,     56029,0,        3206314490,0.0,5228
0,     56030,0,        3206314571,0.0,4176
1,     56032,15824,        3206395736,0.0,0.0
1,     56034,15825,        3206595736,0.0,0.0
1,     56036,15826,        3206795736,0.0,0.0
1,     56038,15827,        3206995740,0.0,0.0
0,     56040,0,        3207146623,0.0,4650
1,     56042,15828,        3207195740,0.0,0.0
1,     56044,15829,        3207395740,0.0,0.0
1,     56046,15830,        3207595740,0.0,0.0
0,     56048,0,        3207676309,0.0,449
0,     56050,0,        3207718962,0.0,4365
0,     56052,0,        3207749204,0.0,1729
1,     56054,15831,        3207795744,0.0,0.0
0,     56056,0,        3207969137,0.0,3798
1,     56058,15832,        3207995744,0.0,0.0
0,     56060,0,        3208036555,0.0,3668
0,     56062,0,        3208107853,0.0,41
1,     56064,15833,        3208195744,0.0,0.0
1,     56066,15834,        3208395748,0.0,0.0
0,     56068,0,        3208521212,0.0,4801
0,     56070,0,        3208583195,0.0,2298
0,     56071,0,        3208583199,0.0,4879
1,     56073,15835,        3208595748,0.0,0.0
1,     56075,15836,        3208795748,0.0,0.0
1,     56077,15837,        3208995748,0.0,0.0
0,     56079,0,        3209165314,0.0,3841
1,     56081,15838,        3209195752,0.0,0.0
1,     56083,15839,        3209395752,0.0,0.0
0,     56085,0,        3209521246,0.0,338
0,     56087,0,        3209526092,0.0,1748
1,     56089,15840,        3209595752,0.0,0.0
0,     56091,0,        3209612376,0.0,5281
0,     56093,0,        3209737344,0.0,273
1,     56095,15841,        3209795756,0.0,0.0
1,     56097,15842,        3209995756,0.0,0.0
0,     56099,0,        3210066604,0.0,3926
1,     56101,15843,        3210195756,0.0,0.0
1,     56103,15844,        3210395760,0.0,0.0
0,     56105,0,        3210449964,0.0,2132
0,     56107,0,        3210465625,0.0,4273
1,     56109,15845,        3210595760,0.0,0.0
1,     56111,15846,        3210795760,0.0,0.0
0,     56113,0,        3210801433,0.0,847
1,     56115,15847,        3210995760,0.0,0.0
0,     56117,0,        3211093757,0.0,5299
1,     56119,15848,        3211195764,0.0,0.0
0,     56121,0,        3211376459,0.0,3899
1,     56123,15849,        3211395764,0.0,0.0
0,     56125,0,        3211434574,0.0,1148
1,     56127,15850,        3211595764,0.0,0.0
0,     56129,0,        3211794251,0.0,1095
1,     56131,15851,        3211795768,0.0,0.0
1,     56133,15852,        3211995768,0.0,0.0
0,     56135,0,        3212065697,0.0,3727
1,     56137,15853,        3212195768,0.0,0.0
1,     56139,15854,        3212395772,0.0,0.0
1,     56141,15855,        3212595772,0.0,0.0
0,     56143,0,        3212794960,0.0,2240
1,     56144,15856,        3212795772,0.0,0.0
1,     56146,15857,        3212995772,0.0,0.0
0,     56148,0,        3213002661,0.0,3563
0,     56150,0,        3213104487,0.0,5060
1,     56152,15858,        3213195776,0.0,0.0
1,     56154,15859,        3213395776,0.0,0.0
0,     56156,0,        3213588065,0.0,978
1,     56158,15860,        3213595776,0.0,0.0
1,     56160,15861,        3213795780,0.0,0.0
0,     56162,0,        3213833692,0.0,3535
1,     56164,15862,        3213995780,0.0,0.0
0,     56166,0,        3214017098,0.0,52
0,     56168,0,        3214109430,0.0,1420
1,     56170,15863,        3214195780,0.0,0.0
1,     56172,15864,        3214395784,0.0,0.0
1,     56174,15865,        3214595784,0.0,0.0
0,     56176,0,        3214737716,0.0,3275
1,     56178,15866,        3214795784,0.0,0.0
0,     56180,0,        3214815585,0.0,1379
1,     56182,15867,        3214995784,0.0,0.0
0,     56184,0,        3215066956,0.0,515
0,     56186,0,        3215102854,0.0,3626
0,     56188,0,        3215130058,0.0,5455
1,     56190,15868,        3215195788,0.0,0.0
1,     56192,15869,        3215395788,0.0,0.0
1,     56194,15870,        3215595788,0.0,0.0
0,     56196,0,        3215655224,0.0,3918
1,     56198,15871,        3215795792,0.0,0.0
1,     56200,15872,        3215995792,0.0,0.0
1,     56202,15873,        3216195792,0.0,0.0
0,     56204,0,        3216337774,0.0,3537
0,     56206,0,        3216358719,0.0,3534
1,     56208,15874,        3216395796,0.0,0.0
1,     56210,15875,        3216595796,0.0,0.0
1,     56212,15876,        3216795796,0.0,0.0
0,     56214,0,        3216991399,0.0,3575
1,     56216,15877,        3216995796,0.0,0.0
0,     56218,0,        3217019802,0.0,1514
0,     56220,0,        3217085476,0.0,4105
1,     56222,15878,        3217195800,0.0,0.0
0,     56224,0,        3217199490,0.0,3042
1,     56226,15879,        3217395800,0.0,0.0
1,     56228,15880,        3217595800,0.0,0.0
1,     56230,15881,        3217795804,0.0,0.0
1,     56232,15882,        3217995804,0.0,0.0
0,     56234,0,        3218112195,0.0,4092
1,     56236,15883,        3218195804,0.0,0.0
1,     56238,15884,        3218395804,0.0,0.0
0,     56240,0,        3218460467,0.0,4074
0,     56242,0,        3218527893,0.0,508
0,     56244,0,        3218574280,0.0,3040
1,     56246,15885,        3218595808,0.0,0.0
0,     56248,0,        3218730208,0.0,826
1,     56250,15886,        3218795808,0.0,0.0
1,     56252,15887,        3218995808,0.0,0.0
0,     56254,0,        3219171389,0.0,1703
1,     56256,15888,        3219195812,0.0,0.0
1,     56258,15889,        3219395812,0.0,0.0
0,     56260,0,        3219428257,0.0,735
0,     56262,0,        3219446661,0.0,1270
0,     56264,0,        3219594536,0.0,5726
1,     56266,15890,        3219595812,0.0,0.0
0,     56268,0,        3219738282,0.0,6106
1,     56270,15891,        3219795816,0.0,0.0
0,     56272,0,        3219927694,0.0,3948
1,     56274,15892,        3219995816,0.0,0.0
1,     56276,15893,        3220195816,0.0,0.0
0,     56278,0,        3220331766,0.0,5893
1,     56280,15894,        3220395816,0.0,0.0
1,     56282,15895,        3220595820,0.0,0.0
0,     56284,0,        3220755724,0.0,3351
1,     56286,15896,        3220795820,0.0,0.0
0,     56288,0,        3220922833,0.0,984
0,     56290,0,        3220923489,0.0,2510
1,     56292,15897,        3220995820,0.0,0.0
1,     56294,15898,        3221195824,0.0,0.0
1,     56296,15899,        3221395824,0.0,0.0
1,     56298,15900,        3221595824,0.0,0.0
0,     56299,0,        3221595956,0.0,4568
1,     56301,15901,        3221795828,0.0,0.0
0,     56303,0,        3221965257,0.0,4912
0,     56305,0,        3221986757,0.0,5581
1,     56307,15902,        3221995828,0.0,0.0
1,     56309,15903,        3222195828,0.0,0.0
1,     56311,15904,        3222395828,0.0,0.0
1,     56313,15905,        3222595832,0.0,0.0
1,     56315,15906,        3222795832,0.0,0.0
0,     56317,0,        3222901077,0.0,1950
1,     56319,15907,        3222995832,0.0,0.0
0,     56321,0,        3223158928,0.0,1372
1,     56323,15908,        3223195836,0.0,0.0
1,     56325,15909,        3223395836,0.0,0.0
1,     56327,15910,        3223595836,0.0,0.0
1,     56329,15911,        3223795840,0.0,0.0
1,     56331,15912,        3223995840,0.0,0.0
0,     56333,0,        3223997544,0.0,3441
1,     56335,15913,        3224195840,0.0,0.0
0,     56337,0,        3224259811,0.0,5626
1,     56339,15914,        3224395840,0.0,0.0
0,     56341,0,        3224559833,0.0,1075
1,     56343,15915,        3224595844,0.0,0.0
1,     56345,15916,        3224795844,0.0,0.0
1,     56347,15917,        3224995844,0.0,0.0
1,     56349,15918,        3225195848,0.0,0.0
0,     56351,0,        3225362941,0.0,1071
1,     56353,15919,        3225395848,0.0,0.0
1,     56355,15920,        3225595848,0.0,0.0
1,     56357,15921,        3225795852,0.0,0.0
1,     56359,15922,        3225995852,0.0,0.0
1,     56361,15923,        3226195852,0.0,0.0
1,     56363,15924,        3226395852,0.0,0.0
1,     56365,15925,        3226595856,0.0,0.0
1,     56367,15926,        3226795856,0.0,0.0
1,     56369,15927,        3226995856,0.0,0.0
1,     56371,15928,        3227195860,0.0,0.0
0,     56373,0,        3227294899,0.0,2317
1,     56375,15929,        3227395860,0.0,0.0
0,     56377,0,        3227480863,0.0,3318
1,     56379,15930,        3227595860,0.0,0.0
1,     56381,15931,        3227795860,0.0,0.0
1,     56383,15932,        3227995864,0.0,0.0
1,     56385,15933,        3228195864,0.0,0.0
1,     56387,15934,        3228395864,0.0,0.0
1,     56389,15935,        3228595868,0.0,0.0
0,     56391,0,        3228628504,0.0,1013
0,     56393,0,        3228629074,0.0,2473
1,     56395,15936,        3228795868,0.0,0.0
1,     56397,15937,        3228995868,0.0,0.0
0,     56399,0,        3229140191,0.0,1099
1,     56401,15938,        3229195872,0.0,0.0
0,     56403,0,        3229291226,0.0,6178
1,     56405,15939,        3229395872,0.0,0.0
0,     56407,0,        3229477099,0.0,2390
1,     56409,15940,        3229595872,0.0,0.0
1,     56411,15941,        3229795872,0.0,0.0
1,     56413,15942,        3229995876,0.0,0.0
1,     56415,15943,        3230195876,0.0,0.0
1,     56417,15944,        3230395876,0.0,0.0
0,     56419,0,        3230562702,0.0,6233
1,     56421,15945,        3230595880,0.0,0.0
0,     56423,0,        3230630167,0.0,482
0,     56425,0,        3230711360,0.0,2599
0,     56427,0,        3230734261,0.0,1733
1,     56429,15946,        3230795880,0.0,0.0
0,     56431,0,        3230830312,0.0,3251
1,     56433,15947,        3230995880,0.0,0.0
0,     56435,0,        3231104822,0.0,4357
1,     56437,15948,        3231195884,0.0,0.0
1,     56439,15949,        3231395884,0.0,0.0
0,     56441,0,        3231574336,0.0,5909
1,     56443,15950,        3231595884,0.0,0.0
1,     56445,15951,        3231795884,0.0,0.0
0,     56447,0,        3231955507,0.0,3116
1,     56449,15952,        3231995888,0.0,0.0
0,     56451,0,        3232047628,0.0,1963
0,     56453,0,        3232195772,0.0,3341
1,     56454,15953,        3232195888,0.0,0.0
0,     56456,0,        3232312242,0.0,1828
1,     56458,15954,        3232395888,0.0,0.0
1,     56460,15955,        3232595892,0.0,0.0
0,     56462,0,        3232742024,0.0,402
1,     56464,15956,        3232795892,0.0,0.0
0,     56466,0,        3232862942,0.0,3285
1,     56468,15957,        3232995892,0.0,0.0
0,     56470,0,        3233110709,0.0,2794
0,     56472,0,        3233158001,0.0,321
1,     56474,15958,        3233195896,0.0,0.0
1,     56476,15959,        3233395896,0.0,0.0
0,     56478,0,        3233431520,0.0,2007
0,     56480,0,        3233550251,0.0,4801
1,     56482,15960,        3233595896,0.0,0.0
1,     56484,15961,        3233795896,0.0,0.0
0,     56486,0,        3233803686,0.0,5582
0,     56488,0,        3233889481,0.0,5174
1,     56490,15962,        3233995900,0.0,0.0
0,     56492,0,        3233998273,0.0,551
1,     56494,15963,        3234195900,0.0,0.0
1,     56496,15964,        3234395900,0.0,0.0
1,     56498,15965,        3234595904,0.0,0.0
1,     56500,15966,        3234795904,0.0,0.0
1,     56502,15967,        3234995904,0.0,0.0
0,     56504,0,        3235076902,0.0,2950
1,     56506,15968,        3235195908,0.0,0.0
0,     56508,0,        3235366822,0.0,4230
1,     56510,15969,        3235395908,0.0,0.0
1,     56512,15970,        3235595908,0.0,0.0
0,     56514,0,        3235626093,0.0,5280
1,     56516,15971,        3235795908,0.0,0.0
1,     56518,15972,        3235995912,0.0,0.0
1,     56520,15973,        3236195912,0.0,0.0
1,     56522,15974,        3236395912,0.0,0.0
0,     56524,0,        3236424893,0.0,772
0,     56526,0,        3236457285,0.0,2790
0,     56528,0,        3236573162,0.0,3725
1,     56530,15975,        3236595916,0.0,0.0
0,     56532,0,        3236738782,0.0,5491
1,     56534,15976,        3236795916,0.0,0.0
0,     56536,0,        3236865390,0.0,3810
0,     56538,0,        3236941662,0.0,1317
1,     56540,15977,        3236995916,0.0,0.0
1,     56542,15978,        3237195916,0.0,0.0
0,     56544,0,        3237348529,0.0,1339
1,     56546,15979,        3237395920,0.0,0.0
1,     56548,15980,        3237595920,0.0,0.0
0,     56550,0,        3237639108,0.0,4207
1,     56552,15981,        3237795920,0.0,0.0
1,     56554,15982,        3237995924,0.0,0.0
0,     56556,0,        3238171556,0.0,3336
0,     56558,0,        3238193671,0.0,3741
1,     56560,15983,        3238195924,0.0,0.0
0,     56562,0,        3238348733,0.0,2943
1,     56564,15984,        3238395924,0.0,0.0
1,     56566,15985,        3238595928,0.0,0.0
0,     56568,0,        3238740353,0.0,779
1,     56570,15986,        3238795928,0.0,0.0
0,     56572,0,        3238913159,0.0,5381
1,     56574,15987,        3238995928,0.0,0.0
0,     56576,0,        3239094840,0.0,2568
0,     56577,0,        3239094864,0.0,121
1,     56579,15988,        3239195928,0.0,0.0
0,     56581,0,        3239246428,0.0,1445
1,     56583,15989,        3239395932,0.0,0.0
0,     56585,0,        3239416006,0.0,3700
1,     56587,15990,        3239595932,0.0,0.0
0,     56589,0,        3239608714,0.0,1855
0,     56591,0,        3239747693,0.0,6235
1,     56593,15991,        3239795932,0.0,0.0
1,     56595,15992,        3239995936,0.0,0.0
0,     56597,0,        3240124703,0.0,3321
1,     56599,15993,        3240195936,0.0,0.0
0,     56601,0,        3240378225,0.0,755
1,     56603,15994,        3240395936,0.0,0.0
0,     56605,0,        3240456868,0.0,4741
0,     56607,0,        3240580189,0.0,2946
1,     56609,15995,        3240595940,0.0,0.0
1,     56611,15996,        3240795940,0.0,0.0
1,     56613,15997,        3240995940,0.0,0.0
0,     56615,0,        3241186731,0.0,5181
1,     56617,15998,        3241195940,0.0,0.0
0,     56619,0,        3241345296,0.0,5297
1,     56621,15999,        3241395944,0.0,0.0
0,     56623,0,        3241551562,0.0,5211
1,     56625,16000,        3241595944,0.0,0.0
1,     56627,16001,        3241795944,0.0,0.0
1,     56629,16002,        3241995948,0.0,0.0
1,     56631,16003,        3242195948,0.0,0.0
0,     56633,0,        3242235549,0.0,1164
0,     56635,0,        3242251714,0.0,5373
0,     56637,0,        3242296197,0.0,5486
1,     56639,16004,        3242395948,0.0,0.0
0,     56641,0,        3242408316,0.0,5627
0,     56643,0,        3242586216,0.0,1403
1,     56645,16005,        3242595948,0.0,0.0
0,     56646,0,        3242596286,0.0,908
0,     56648,0,        3242658099,0.0,3475
0,     56650,0,        3242765157,0.0,3826
1,     56652,16006,        3242795952,0.0,0.0
1,     56654,16007,        3242995952,0.0,0.0
0,     56656,0,        3243001452,0.0,5014
0,     56658,0,        3243143562,0.0,4307
1,     56660,16008,        3243195952,0.0,0.0
1,     56662,16009,        3243395956,0.0,0.0
1,     56664,16010,        3243595956,0.0,0.0
1,     56666,16011,        3243795956,0.0,0.0
1,     56668,16012,        3243995960,0.0,0.0
1,     56670,16013,        3244195960,0.0,0.0
0,     56672,0,        3244375597,0.0,3979
1,     56674,16014,        3244395960,0.0,0.0
0,     56676,0,        3244569471,0.0,4529
1,     56678,16015,        3244595960,0.0,0.0
1,     56680,16016,        3244795964,0.0,0.0
0,     56682,0,        3244890066,0.0,5740
0,     56684,0,        3244948807,0.0,480
0,     56686,0,        3244971783,0.0,6122
1,     56688,16017,        3244995964,0.0,0.0
1,     56690,16018,        3245195964,0.0,0.0
0,     56692,0,        3245298621,0.0,2821
0,     56694,0,        3245384562,0.0,1731
1,     56696,16019,        3245395968,0.0,0.0
1,     56698,16020,        3245595968,0.0,0.0
0,     56700,0,        3245605908,0.0,3653
1,     56702,16021,        3245795968,0.0,0.0
1,     56704,16022,        3245995972,0.0,0.0
1,     56706,16023,        3246195972,0.0,0.0
0,     56708,0,        3246386254,0.0,5878
1,     56710,16024,        3246395972,0.0,0.0
0,     56712,0,        3246409012,0.0,3449
0,     56714,0,        3246528182,0.0,3532
1,     56716,16025,        3246595972,0.0,0.0
1,     56718,16026,        3246795976,0.0,0.0
0,     56720,0,        3246990698,0.0,366
1,     56722,16027,        3246995976,0.0,0.0
0,     56724,0,        3247004387,0.0,2705
0,     56726,0,        3247078038,0.0,5982
0,     56728,0,        3247155183,0.0,4561
0,     56730,0,        3247155333,0.0,4367
1,     56732,16028,        3247195976,0.0,0.0
0,     56734,0,        3247324220,0.0,929
1,     56736,16029,        3247395980,0.0,0.0
0,     56738,0,        3247460291,0.0,4890
1,     56740,16030,        3247595980,0.0,0.0
0,     56742,0,        3247618718,0.0,1945
0,     56744,0,        3247704478,0.0,5279
1,     56746,16031,        3247795980,0.0,0.0
0,     56748,0,        3247876325,0.0,3312
1,     56750,16032,        3247995984,0.0,0.0
1,     56752,16033,        3248195984,0.0,0.0
0,     56754,0,        3248251776,0.0,3089
0,     56755,0,        3248251883,0.0,4374
1,     56757,16034,        3248395984,0.0,0.0
0,     56759,0,        3248507509,0.0,1796
1,     56761,16035,        3248595984,0.0,0.0
1,     56763,16036,        3248795988,0.0,0.0
1,     56765,16037,        3248995988,0.0,0.0
0,     56767,0,        3249173721,0.0,1239
1,     56769,16038,        3249195988,0.0,0.0
1,     56771,16039,        3249395992,0.0,0.0
0,     56773,0,        3249408867,0.0,3458
1,     56775,16040,        3249595992,0.0,0.0
0,     56777,0,        3249663667,0.0,1418
0,     56778,0,        3249663939,0.0,1800
1,     56780,16041,        3249795992,0.0,0.0
1,     56782,16042,        3249995996,0.0,0.0
1,     56784,16043,        3250195996,0.0,0.0
1,     56786,16044,        3250395996,0.0,0.0
1,     56788,16045,        3250595996,0.0,0.0
0,     56790,0,        3250623007,0.0,562
1,     56792,16046,        3250796000,0.0,0.0
1,     56794,16047,        3250996000,0.0,0.0
1,     56796,16048,        3251196000,0.0,0.0
0,     56798,0,        3251283559,0.0,2117
1,     56800,16049,        3251396004,0.0,0.0
0,     56802,0,        3251404526,0.0,3610
1,     56804,16050,        3251596004,0.0,0.0
1,     56806,16051,        3251796004,0.0,0.0
0,     56808,0,        3251894655,0.0,716
1,     56810,16052,        3251996004,0.0,0.0
1,     56812,16053,        3252196008,0.0,0.0
1,     56814,16054,        3252396008,0.0,0.0
0,     56816,0,        3252429727,0.0,5088
1,     56818,16055,        3252596008,0.0,0.0
1,     56820,16056,        3252796012,0.0,0.0
1,     56822,16057,        3252996012,0.0,0.0
0,     56824,0,        3253053522,0.0,575
0,     56826,0,        3253078823,0.0,162
0,     56828,0,        3253096979,0.0,3712
1,     56830,16058,        3253196012,0.0,0.0
0,     56832,0,        3253277997,0.0,3057
1,     56834,16059,        3253396016,0.0,0.0
0,     56836,0,        3253523581,0.0,3535
1,     56838,16060,        3253596016,0.0,0.0
0,     56840,0,        3253648809,0.0,3647
0,     56842,0,        3253664906,0.0,2360
0,     56844,0,        3253727484,0.0,3291
1,     56846,16061,        3253796016,0.0,0.0
1,     56848,16062,        3253996016,0.0,0.0
0,     56850,0,        3254075444,0.0,3598
1,     56852,16063,        3254196020,0.0,0.0
0,     56854,0,        3254379032,0.0,3594
1,     56856,16064,        3254396020,0.0,0.0
0,     56858,0,        3254590359,0.0,66
1,     56860,16065,        3254596020,0.0,0.0
0,     56862,0,        3254652322,0.0,5752
0,     56864,0,        3254728520,0.0,950
1,     56866,16066,        3254796024,0.0,0.0
0,     56868,0,        3254933357,0.0,1293
1,     56870,16067,        3254996024,0.0,0.0
1,     56872,16068,        3255196024,0.0,0.0
0,     56874,0,        3255382679,0.0,3570
1,     56876,16069,        3255396028,0.0,0.0
1,     56878,16070,        3255596028,0.0,0.0
0,     56880,0,        3255650767,0.0,1841
1,     56882,16071,        3255796028,0.0,0.0
0,     56884,0,        3255854394,0.0,5335
1,     56886,16072,        3255996028,0.0,0.0
1,     56888,16073,        3256196032,0.0,0.0
0,     56890,0,        3256245184,0.0,150
0,     56892,0,        3256341351,0.0,5163
1,     56894,16074,        3256396032,0.0,0.0
0,     56896,0,        3256456276,0.0,4101
0,     56898,0,        3256567444,0.0,1026
1,     56900,16075,        3256596032,0.0,0.0
1,     56902,16076,        3256796036,0.0,0.0
0,     56904,0,        3256802450,0.0,97
0,     56906,0,        3256927788,0.0,4608
1,     56908,16077,        3256996036,0.0,0.0
1,     56910,16078,        3257196036,0.0,0.0
0,     56912,0,        3257361723,0.0,3877
0,     56914,0,        3257365512,0.0,2182
1,     56916,16079,        3257396040,0.0,0.0
0,     56918,0,        3257425668,0.0,423
0,     56920,0,        3257570136,0.0,3483
1,     56922,16080,        3257596040,0.0,0.0
1,     56924,16081,        3257796040,0.0,0.0
1,     56926,16082,        3257996040,0.0,0.0
1,     56928,16083,        3258196044,0.0,0.0
1,     56930,16084,        3258396044,0.0,0.0
1,     56932,16085,        3258596044,0.0,0.0
0,     56934,0,        3258774372,0.0,3695
0,     56936,0,        3258782399,0.0,1840
1,     56938,16086,        3258796048,0.0,0.0
1,     56940,16087,        3258996048,0.0,0.0
1,     56942,16088,        3259196048,0.0,0.0
1,     56944,16089,        3259396052,0.0,0.0
1,     56946,16090,        3259596052,0.0,0.0
0,     56948,0,        3259774189,0.0,3805
1,     56950,16091,        3259796052,0.0,0.0
0,     56952,0,        3259986843,0.0,921
1,     56954,16092,        3259996052,0.0,0.0
1,     56956,16093,        3260196056,0.0,0.0
0,     56958,0,        3260235930,0.0,3681
1,     56960,16094,        3260396056,0.0,0.0
1,     56962,16095,        3260596056,0.0,0.0
1,     56964,16096,        3260796060,0.0,0.0
1,     56966,16097,        3260996060,0.0,0.0
1,     56968,16098,        3261196060,0.0,0.0
1,     56970,16099,        3261396060,0.0,0.0
1,     56972,16100,        3261596064,0.0,0.0
0,     56974,0,        3261646950,0.0,769
0,     56976,0,        3261680530,0.0,5171
0,     56978,0,        3261752849,0.0,4844
1,     56980,16101,        3261796064,0.0,0.0
0,     56982,0,        3261993745,0.0,1198
1,     56984,16102,        3261996064,0.0,0.0
1,     56986,16103,        3262196068,0.0,0.0
0,     56988,0,        3262317389,0.0,6082
0,     56990,0,        3262321770,0.0,1326
0,     56991,0,        3262321814,0.0,1217
1,     56993,16104,        3262396068,0.0,0.0
1,     56995,16105,        3262596068,0.0,0.0
0,     56997,0,        3262754671,0.0,3482
1,     56999,16106,        3262796072,0.0,0.0
1,     57001,16107,        3262996072,0.0,0.0
1,     57003,16108,        3263196072,0.0,0.0
0,     57005,0,        3263202093,0.0,4122
1,     57007,16109,        3263396072,0.0,0.0
0,     57009,0,        3263457917,0.0,1806
0,     57011,0,        3263500956,0.0,4394
0,     57013,0,        3263526329,0.0,279
1,     57015,16110,        3263596076,0.0,0.0
0,     57017,0,        3263732521,0.0,5728
1,     57019,16111,        3263796076,0.0,0.0
1,     57021,16112,        3263996076,0.0,0.0
1,     57023,16113,        3264196080,0.0,0.0
0,     57025,0,        3264385059,0.0,2926
0,     57027,0,        3264388854,0.0,4003
1,     57029,16114,        3264396080,0.0,0.0
1,     57031,16115,        3264596080,0.0,0.0
1,     57033,16116,        3264796084,0.0,0.0
1,     57035,16117,        3264996084,0.0,0.0
0,     57037,0,        3265078329,0.0,1739
0,     57039,0,        3265105413,0.0,5039
1,     57041,16118,        3265196084,0.0,0.0
1,     57043,16119,        3265396084,0.0,0.0
1,     57045,16120,        3265596088,0.0,0.0
0,     57047,0,        3265660893,0.0,4431
1,     57049,16121,        3265796088,0.0,0.0
0,     57051,0,        3265861147,0.0,1456
1,     57053,16122,        3265996088,0.0,0.0
1,     57055,16123,        3266196092,0.0,0.0
1,     57057,16124,        3266396092,0.0,0.0
1,     57059,16125,        3266596092,0.0,0.0
0,     57061,0,        3266780217,0.0,2428
1,     57063,16126,        3266796096,0.0,0.0
0,     57065,0,        3266812986,0.0,2136
0,     57067,0,        3266869731,0.0,2174
0,     57069,0,        3266922259,0.0,3329
0,     57071,0,        3266935971,0.0,4363
0,     57073,0,        3266992331,0.0,3931
1,     57075,16127,        3266996096,0.0,0.0
1,     57077,16128,        3267196096,0.0,0.0
0,     57079,0,        3267252275,0.0,828
1,     57081,16129,        3267396096,0.0,0.0
0,     57083,0,        3267528317,0.0,3892
1,     57085,16130,        3267596100,0.0,0.0
1,     57087,16131,        3267796100,0.0,0.0
1,     57089,16132,        3267996100,0.0,0.0
1,     57091,16133,        3268196104,0.0,0.0
0,     57093,0,        3268373369,0.0,592
1,     57095,16134,        3268396104,0.0,0.0
0,     57097,0,        3268513484,0.0,3823
1,     57099,16135,        3268596104,0.0,0.0
1,     57101,16136,        3268796108,0.0,0.0
0,     57103,0,        3268914136,0.0,291
1,     57105,16137,        3268996108,0.0,0.0
1,     57107,16138,        3269196108,0.0,0.0
0,     57109,0,        3269229490,0.0,2155
0,     57111,0,        3269373019,0.0,3697
1,     57113,16139,        3269396108,0.0,0.0
1,     57115,16140,        3269596112,0.0,0.0
0,     57117,0,        3269680670,0.0,5629
1,     57119,16141,        3269796112,0.0,0.0
1,     57121,16142,        3269996112,0.0,0.0
0,     57123,0,        3270181591,0.0,5871
1,     57125,16143,        3270196116,0.0,0.0
0,     57127,0,        3270212404,0.0,2742
0,     57129,0,        3270273416,0.0,2095
1,     57131,16144,        3270396116,0.0,0.0
0,     57133,0,        3270518601,0.0,2280
1,     57135,16145,        3270596116,0.0,0.0
1,     57137,16146,        3270796116,0.0,0.0
0,     57139,0,        3270900722,0.0,3794
0,     57141,0,        3270900763,0.0,1913
1,     57143,16147,        3270996120,0.0,0.0
0,     57145,0,        3271137992,0.0,1165
1,     57147,16148,        3271196120,0.0,0.0
0,     57149,0,        3271269578,0.0,5260
1,     57151,16149,        3271396120,0.0,0.0
0,     57153,0,        3271569698,0.0,5547
1,     57155,16150,        3271596124,0.0,0.0
1,     57157,16151,        3271796124,0.0,0.0
0,     57159,0,        3271886841,0.0,3747
1,     57161,16152,        3271996124,0.0,0.0
1,     57163,16153,        3272196128,0.0,0.0
0,     57165,0,        3272298487,0.0,4963
0,     57167,0,        3272329865,0.0,6004
1,     57169,16154,        3272396128,0.0,0.0
1,     57171,16155,        3272596128,0.0,0.0
1,     57173,16156,        3272796128,0.0,0.0
1,     57175,16157,        3272996132,0.0,0.0
1,     57177,16158,        3273196132,0.0,0.0
1,     57179,16159,        3273396132,0.0,0.0
0,     57181,0,        3273487166,0.0,5109
1,     57183,16160,        3273596136,0.0,0.0
0,     57185,0,        3273625325,0.0,6175
1,     57187,16161,        3273796136,0.0,0.0
1,     57189,16162,        3273996136,0.0,0.0
1,     57191,16163,        3274196140,0.0,0.0
1,     57193,16164,        3274396140,0.0,0.0
1,     57195,16165,        3274596140,0.0,0.0
0,     57197,0,        3274665126,0.0,5042
1,     57199,16166,        3274796140,0.0,0.0
0,     57201,0,        3274872445,0.0,2709
0,     57203,0,        3274906220,0.0,4387
1,     57205,16167,        3274996144,0.0,0.0
0,     57207,0,        3275179810,0.0,4371
1,     57209,16168,        3275196144,0.0,0.0
0,     57211,0,        3275356007,0.0,862
1,     57213,16169,        3275396144,0.0,0.0
1,     57215,16170,        3275596148,0.0,0.0
0,     57217,0,        3275698048,0.0,2901
0,     57218,0,        3275698051,0.0,5593
1,     57220,16171,        3275796148,0.0,0.0
0,     57222,0,        3275985806,0.0,174
0,     57223,0,        3275985906,0.0,2325
1,     57225,16172,        3275996148,0.0,0.0
0,     57227,0,        3276097278,0.0,3179
0,     57229,0,        3276144610,0.0,3459
1,     57231,16173,        3276196152,0.0,0.0
1,     57233,16174,        3276396152,0.0,0.0
0,     57235,0,        3276556037,0.0,4021
1,     57237,16175,        3276596152,0.0,0.0
0,     57239,0,        3276634947,0.0,6245
1,     57241,16176,        3276796152,0.0,0.0
0,     57243,0,        3276966068,0.0,4126
1,     57245,16177,        3276996156,0.0,0.0
1,     57247,16178,        3277196156,0.0,0.0
0,     57249,0,        3277216172,0.0,1257
0,     57251,0,        3277329355,0.0,3407
0,     57253,0,        3277329459,0.0,905
1,     57255,16179,        3277396156,0.0,0.0
1,     57257,16180,        3277596160,0.0,0.0
1,     57259,16181,        3277796160,0.0,0.0
1,     57261,16182,        3277996160,0.0,0.0
1,     57263,16183,        3278196164,0.0,0.0
1,     57265,16184,        3278396164,0.0,0.0
1,     57267,16185,        3278596164,0.0,0.0
1,     57269,16186,        3278796164,0.0,0.0
0,     57271,0,        3278827594,0.0,2660
0,     57273,0,        3278877827,0.0,4825
1,     57275,16187,        3278996168,0.0,0.0
1,     57277,16188,        3279196168,0.0,0.0
0,     57279,0,        3279262138,0.0,5517
0,     57281,0,        3279277889,0.0,2631
1,     57283,16189,        3279396168,0.0,0.0
0,     57285,0,        3279517918,0.0,5885
1,     57287,16190,        3279596172,0.0,0.0
0,     57289,0,        3279657395,0.0,2006
1,     57291,16191,        3279796172,0.0,0.0
1,     57293,16192,        3279996172,0.0,0.0
0,     57295,0,        3280113941,0.0,4518
0,     57297,0,        3280117317,0.0,3904
1,     57299,16193,        3280196172,0.0,0.0
0,     57301,0,        3280376688,0.0,1384
1,     57303,16194,        3280396176,0.0,0.0
1,     57305,16195,        3280596176,0.0,0.0
0,     57307,0,        3280597721,0.0,5334
0,     57309,0,        3280781569,0.0,3681
1,     57311,16196,        3280796176,0.0,0.0
1,     57313,16197,        3280996180,0.0,0.0
0,     57315,0,        3281049456,0.0,4130
0,     57317,0,        3281049698,0.0,3032
0,     57319,0,        3281157993,0.0,2809
1,     57321,16198,        3281196180,0.0,0.0
1,     57323,16199,        3281396180,0.0,0.0
0,     57325,0,        3281408152,0.0,4711
0,     57327,0,        3281577500,0.0,3227
0,     57328,0,        3281577502,0.0,6035
1,     57330,16200,        3281596184,0.0,0.0
1,     57332,16201,        3281796184,0.0,0.0
0,     57334,0,        3281963049,0.0,3067
1,     57336,16202,        3281996184,0.0,0.0
1,     57338,16203,        3282196184,0.0,0.0
1,     57340,16204,        3282396188,0.0,0.0
0,     57342,0,        3282456158,0.0,3942
0,     57344,0,        3282494769,0.0,1322
0,     57346,0,        3282519453,0.0,2227
1,     57348,16205,        3282596188,0.0,0.0
1,     57350,16206,        3282796188,0.0,0.0
0,     57352,0,        3282904266,0.0,4850
1,     57354,16207,        3282996192,0.0,0.0
0,     57356,0,        3282997837,0.0,5626
0,     57358,0,        3283022315,0.0,1353
1,     57360,16208,        3283196192,0.0,0.0
0,     57362,0,        3283350634,0.0,6052
1,     57364,16209,        3283396192,0.0,0.0
1,     57366,16210,        3283596196,0.0,0.0
1,     57368,16211,        3283796196,0.0,0.0
0,     57370,0,        3283860683,0.0,3600
0,     57372,0,        3283876993,0.0,5033
0,     57374,0,        3283956027,0.0,1739
0,     57376,0,        3283988295,0.0,5845
1,     57378,16212,        3283996196,0.0,0.0
1,     57380,16213,        3284196196,0.0,0.0
1,     57382,16214,        3284396200,0.0,0.0
0,     57384,0,        3284432438,0.0,2795
1,     57386,16215,        3284596200,0.0,0.0
0,     57388,0,        3284689176,0.0,1379
0,     57390,0,        3284760356,0.0,1527
1,     57392,16216,        3284796200,0.0,0.0
1,     57394,16217,        3284996204,0.0,0.0
1,     57396,16218,        3285196204,0.0,0.0
1,     57398,16219,        3285396204,0.0,0.0
0,     57400,0,        3285490461,0.0,1489
1,     57402,16220,        3285596208,0.0,0.0
1,     57404,16221,        3285796208,0.0,0.0
1,     57406,16222,        3285996208,0.0,0.0
1,     57408,16223,        3286196208,0.0,0.0
1,     57410,16224,        3286396212,0.0,0.0
1,     57412,16225,        3286596212,0.0,0.0
1,     57414,16226,        3286796212,0.0,0.0
1,     57416,16227,        3286996216,0.0,0.0
1,     57418,16228,        3287196216,0.0,0.0
1,     57420,16229,        3287396216,0.0,0.0
0,     57422,0,        3287454502,0.0,5122
1,     57424,16230,        3287596220,0.0,0.0
0,     57426,0,        3287728116,0.0,4814
1,     57428,16231,        3287796220,0.0,0.0
0,     57430,0,        3287943205,0.0,216
1,     57432,16232,        3287996220,0.0,0.0
0,     57434,0,        3288114924,0.0,597
0,     57435,0,        3288114930,0.0,4872
1,     57437,16233,        3288196220,0.0,0.0
1,     57439,16234,        3288396224,0.0,0.0
0,     57441,0,        3288527784,0.0,2312
1,     57443,16235,        3288596224,0.0,0.0
0,     57445,0,        3288731445,0.0,3346
0,     57446,0,        3288731455,0.0,3177
0,     57448,0,        3288782855,0.0,195
1,     57450,16236,        3288796224,0.0,0.0
0,     57452,0,        3288893453,0.0,184
1,     57454,16237,        3288996228,0.0,0.0
0,     57456,0,        3289195075,0.0,3065
1,     57458,16238,        3289196228,0.0,0.0
0,     57460,0,        3289341837,0.0,5309
1,     57462,16239,        3289396228,0.0,0.0
1,     57464,16240,        3289596228,0.0,0.0
1,     57466,16241,        3289796232,0.0,0.0
0,     57468,0,        3289870781,0.0,3523
1,     57470,16242,        3289996232,0.0,0.0
1,     57472,16243,        3290196232,0.0,0.0
1,     57474,16244,        3290396236,0.0,0.0
0,     57476,0,        3290425501,0.0,3093
0,     57477,0,        3290425733,0.0,1154
0,     57479,0,        3290522266,0.0,1995
1,     57481,16245,        3290596236,0.0,0.0
0,     57483,0,        3290743179,0.0,3675
1,     57485,16246,        3290796236,0.0,0.0
1,     57487,16247,        3290996240,0.0,0.0
0,     57489,0,        3291058601,0.0,3336
0,     57491,0,        3291100348,0.0,3111
1,     57493,16248,        3291196240,0.0,0.0
0,     57495,0,        3291320994,0.0,5893
1,     57497,16249,        3291396240,0.0,0.0
1,     57499,16250,        3291596240,0.0,0.0
1,     57501,16251,        3291796244,0.0,0.0
0,     57503,0,        3291820756,0.0,3975
1,     57505,16252,        3291996244,0.0,0.0
0,     57507,0,        3292035106,0.0,3338
0,     57508,0,        3292035222,0.0,1987
1,     57510,16253,        3292196244,0.0,0.0
1,     57512,16254,        3292396248,0.0,0.0
1,     57514,16255,        3292596248,0.0,0.0
1,     57516,16256,        3292796248,0.0,0.0
0,     57518,0,        3292981631,0.0,2082
1,     57520,16257,        3292996252,0.0,0.0
0,     57522,0,        3293011512,0.0,5492
0,     57524,0,        3293164514,0.0,1935
1,     57526,16258,        3293196252,0.0,0.0
0,     57528,0,        3293241825,0.0,3287
0,     57530,0,        3293299501,0.0,5615
1,     57532,16259,        3293396252,0.0,0.0
0,     57534,0,        3293465715,0.0,3870
1,     57536,16260,        3293596252,0.0,0.0
1,     57538,16261,        3293796256,0.0,0.0
1,     57540,16262,        3293996256,0.0,0.0
1,     57542,16263,        3294196256,0.0,0.0
1,     57544,16264,        3294396260,0.0,0.0
0,     57546,0,        3294402300,0.0,2544
1,     57548,16265,        3294596260,0.0,0.0
1,     57550,16266,        3294796260,0.0,0.0
1,     57552,16267,        3294996264,0.0,0.0
0,     57554,0,        3295002591,0.0,4003
1,     57556,16268,        3295196264,0.0,0.0
0,     57558,0,        3295327494,0.0,1854
1,     57560,16269,        3295396264,0.0,0.0
1,     57562,16270,        3295596264,0.0,0.0
0,     57564,0,        3295715917,0.0,3402
1,     57566,16271,        3295796268,0.0,0.0
0,     57568,0,        3295844072,0.0,2640
1,     57570,16272,        3295996268,0.0,0.0
1,     57572,16273,        3296196268,0.0,0.0
1,     57574,16274,        3296396272,0.0,0.0
0,     57576,0,        3296536350,0.0,3390
0,     57578,0,        3296543492,0.0,344
1,     57580,16275,        3296596272,0.0,0.0
0,     57582,0,        3296668195,0.0,2742
0,     57584,0,        3296754239,0.0,5918
1,     57586,16276,        3296796272,0.0,0.0
1,     57588,16277,        3296996276,0.0,0.0
1,     57590,16278,        3297196276,0.0,0.0
1,     57592,16279,        3297396276,0.0,0.0
1,     57594,16280,        3297596276,0.0,0.0
1,     57596,16281,        3297796280,0.0,0.0
0,     57598,0,        3297865363,0.0,3213
1,     57600,16282,        3297996280,0.0,0.0
0,     57602,0,        3298114361,0.0,4236
1,     57604,16283,        3298196280,0.0,0.0
0,     57606,0,        3298234043,0.0,1355
1,     57608,16284,        3298396284,0.0,0.0
0,     57610,0,        3298476584,0.0,44
0,     57612,0,        3298527398,0.0,5711
1,     57614,16285,        3298596284,0.0,0.0
1,     57616,16286,        3298796284,0.0,0.0
1,     57618,16287,        3298996284,0.0,0.0
0,     57620,0,        3299089087,0.0,2667
0,     57621,0,        3299089394,0.0,234
1,     57623,16288,        3299196288,0.0,0.0
0,     57625,0,        3299266507,0.0,793
0,     57626,0,        3299266543,0.0,1811
1,     57628,16289,        3299396288,0.0,0.0
0,     57630,0,        3299410664,0.0,6
1,     57632,16290,        3299596288,0.0,0.0
1,     57634,16291,        3299796292,0.0,0.0
0,     57636,0,        3299804991,0.0,5268
0,     57638,0,        3299805640,0.0,3964
0,     57640,0,        3299894168,0.0,1467
0,     57641,0,        3299894175,0.0,3292
1,     57643,16292,        3299996292,0.0,0.0
0,     57645,0,        3300087545,0.0,342
0,     57647,0,        3300088192,0.0,2200
1,     57649,16293,        3300196292,0.0,0.0
1,     57651,16294,        3300396296,0.0,0.0
0,     57653,0,        3300581049,0.0,2338
1,     57655,16295,        3300596296,0.0,0.0
1,     57657,16296,        3300796296,0.0,0.0
0,     57659,0,        3300796480,0.0,3790
1,     57661,16297,        3300996296,0.0,0.0
1,     57663,16298,        3301196300,0.0,0.0
1,     57665,16299,        3301396300,0.0,0.0
0,     57667,0,        3301474288,0.0,3918
0,     57669,0,        3301488038,0.0,1748
1,     57671,16300,        3301596300,0.0,0.0
0,     57673,0,        3301607606,0.0,3047
0,     57675,0,        3301765733,0.0,1653
0,     57677,0,        3301794073,0.0,3297
1,     57679,16301,        3301796304,0.0,0.0
0,     57681,0,        3301938994,0.0,3806
1,     57683,16302,        3301996304,0.0,0.0
0,     57685,0,        3302001012,0.0,2713
0,     57687,0,        3302018862,0.0,2577
1,     57689,16303,        3302196304,0.0,0.0
0,     57691,0,        3302225887,0.0,2838
1,     57693,16304,        3302396308,0.0,0.0
0,     57695,0,        3302542476,0.0,3313
1,     57697,16305,        3302596308,0.0,0.0
0,     57699,0,        3302751088,0.0,6208
1,     57701,16306,        3302796308,0.0,0.0
1,     57703,16307,        3302996308,0.0,0.0
0,     57705,0,        3303109717,0.0,3771
1,     57707,16308,        3303196312,0.0,0.0
0,     57709,0,        3303252745,0.0,1684
1,     57711,16309,        3303396312,0.0,0.0
1,     57713,16310,        3303596312,0.0,0.0
0,     57715,0,        3303730792,0.0,865
1,     57717,16311,        3303796316,0.0,0.0
0,     57719,0,        3303841479,0.0,5130
1,     57721,16312,        3303996316,0.0,0.0
1,     57723,16313,        3304196316,0.0,0.0
1,     57725,16314,        3304396320,0.0,0.0
1,     57727,16315,        3304596320,0.0,0.0
1,     57729,16316,        3304796320,0.0,0.0
0,     57731,0,        3304930009,0.0,1889
1,     57733,16317,        3304996320,0.0,0.0
0,     57735,0,        3305051224,0.0,2506
0,     57736,0,        3305051489,0.0,3570
0,     57738,0,        3305079308,0.0,206
1,     57740,16318,        3305196324,0.0,0.0
0,     57742,0,        3305237328,0.0,3775
0,     57744,0,        3305264282,0.0,213
0,     57746,0,        3305332484,0.0,4853
1,     57748,16319,        3305396324,0.0,0.0
0,     57750,0,        3305417236,0.0,454
1,     57752,16320,        3305596324,0.0,0.0
1,     57754,16321,        3305796328,0.0,0.0
1,     57756,16322,        3305996328,0.0,0.0
1,     57758,16323,        3306196328,0.0,0.0
0,     57760,0,        3306229659,0.0,2494
0,     57762,0,        3306340354,0.0,3297
1,     57764,16324,        3306396332,0.0,0.0
0,     57766,0,        3306406878,0.0,305
0,     57768,0,        3306541333,0.0,2082
1,     57770,16325,        3306596332,0.0,0.0
0,     57772,0,        3306668830,0.0,3130
1,     57774,16326,        3306796332,0.0,0.0
0,     57776,0,        3306831676,0.0,81
1,     57778,16327,        3306996332,0.0,0.0
1,     57780,16328,        3307196336,0.0,0.0
0,     57782,0,        3307226493,0.0,2119
1,     57784,16329,        3307396336,0.0,0.0
0,     57786,0,        3307490625,0.0,4821
1,     57788,16330,        3307596336,0.0,0.0
1,     57790,16331,        3307796340,0.0,0.0
1,     57792,16332,        3307996340,0.0,0.0
0,     57794,0,        3308116138,0.0,4398
1,     57796,16333,        3308196340,0.0,0.0
0,     57798,0,        3308248305,0.0,1589
0,     57800,0,        3308339891,0.0,3469
1,     57802,16334,        3308396340,0.0,0.0
1,     57804,16335,        3308596344,0.0,0.0
1,     57806,16336,        3308796344,0.0,0.0
0,     57808,0,        3308935376,0.0,1716
1,     57810,16337,        3308996344,0.0,0.0
1,     57812,16338,        3309196348,0.0,0.0
0,     57814,0,        3309264982,0.0,1783
1,     57816,16339,        3309396348,0.0,0.0
0,     57818,0,        3309472909,0.0,1481
1,     57820,16340,        3309596348,0.0,0.0
0,     57822,0,        3309735493,0.0,948
1,     57824,16341,        3309796352,0.0,0.0
1,     57826,16342,        3309996352,0.0,0.0
1,     57828,16343,        3310196352,0.0,0.0
1,     57830,16344,        3310396352,0.0,0.0
0,     57832,0,        3310459807,0.0,5939
1,     57834,16345,        3310596356,0.0,0.0
1,     57836,16346,        3310796356,0.0,0.0
0,     57838,0,        3310975070,0.0,3756
1,     57840,16347,        3310996356,0.0,0.0
1,     57842,16348,        3311196360,0.0,0.0
1,     57844,16349,        3311396360,0.0,0.0
1,     57846,16350,        3311596360,0.0,0.0
1,     57848,16351,        3311796364,0.0,0.0
0,     57850,0,        3311878839,0.0,895
1,     57852,16352,        3311996364,0.0,0.0
1,     57854,16353,        3312196364,0.0,0.0
0,     57856,0,        3312299218,0.0,3977
0,     57858,0,        3312328320,0.0,4815
0,     57860,0,        3312357312,0.0,1679
1,     57862,16354,        3312396364,0.0,0.0
0,     57864,0,        3312593741,0.0,1691
1,     57866,16355,        3312596368,0.0,0.0
0,     57868,0,        3312661033,0.0,978
1,     57870,16356,        3312796368,0.0,0.0
1,     57872,16357,        3312996368,0.0,0.0
0,     57874,0,        3313086549,0.0,5542
1,     57876,16358,        3313196372,0.0,0.0
0,     57878,0,        3313197225,0.0,1180
1,     57880,16359,        3313396372,0.0,0.0
1,     57882,16360,        3313596372,0.0,0.0
0,     57884,0,        3313702286,0.0,1837
1,     57886,16361,        3313796376,0.0,0.0
1,     57888,16362,        3313996376,0.0,0.0
0,     57890,0,        3314089446,0.0,3016
1,     57892,16363,        3314196376,0.0,0.0
1,     57894,16364,        3314396376,0.0,0.0
0,     57896,0,        3314508489,0.0,903
0,     57898,0,        3314588182,0.0,143
1,     57900,16365,        3314596380,0.0,0.0
0,     57902,0,        3314757862,0.0,5624
0,     57904,0,        3314783840,0.0,3302
1,     57906,16366,        3314796380,0.0,0.0
0,     57908,0,        3314894134,0.0,3596
1,     57910,16367,        3314996380,0.0,0.0
1,     57912,16368,        3315196384,0.0,0.0
1,     57914,16369,        3315396384,0.0,0.0
1,     57916,16370,        3315596384,0.0,0.0
1,     57918,16371,        3315796388,0.0,0.0
1,     57920,16372,        3315996388,0.0,0.0
1,     57922,16373,        3316196388,0.0,0.0
1,     57924,16374,        3316396388,0.0,0.0
1,     57926,16375,        3316596392,0.0,0.0
1,     57928,16376,        3316796392,0.0,0.0
1,     57930,16377,        3316996392,0.0,0.0
0,     57932,0,        3317094568,0.0,1795
1,     57934,16378,        3317196396,0.0,0.0
0,     57936,0,        3317256958,0.0,5151
0,     57938,0,        3317269223,0.0,1254
0,     57939,0,        3317269402,0.0,4344
1,     57941,16379,        3317396396,0.0,0.0
1,     57943,16380,        3317596396,0.0,0.0
1,     57945,16381,        3317796396,0.0,0.0
1,     57947,16382,        3317996400,0.0,0.0
1,     57949,16383,        3318196400,0.0,0.0
1,     57951,16384,        3318396400,0.0,0.0
1,     57953,16385,        3318596404,0.0,0.0
0,     57955,0,        3318782327,0.0,2565
1,     57957,16386,        3318796404,0.0,0.0
1,     57959,16387,        3318996404,0.0,0.0
0,     57961,0,        3319118650,0.0,3372
0,     57963,0,        3319140211,0.0,3328
0,     57965,0,        3319176555,0.0,5754
1,     57967,16388,        3319196408,0.0,0.0
0,     57969,0,        3319337986,0.0,4991
0,     57970,0,        3319338108,0.0,2436
1,     57972,16389,        3319396408,0.0,0.0
0,     57974,0,        3319593882,0.0,2039
1,     57976,16390,        3319596408,0.0,0.0
0,     57978,0,        3319700775,0.0,2018
1,     57980,16391,        3319796408,0.0,0.0
0,     57982,0,        3319992388,0.0,1075
1,     57984,16392,        3319996412,0.0,0.0
1,     57986,16393,        3320196412,0.0,0.0
1,     57988,16394,        3320396412,0.0,0.0
1,     57990,16395,        3320596416,0.0,0.0
1,     57992,16396,        3320796416,0.0,0.0
1,     57994,16397,        3320996416,0.0,0.0
1,     57996,16398,        3321196420,0.0,0.0
0,     57998,0,        3321262899,0.0,431
1,     58000,16399,        3321396420,0.0,0.0
0,     58002,0,        3321421680,0.0,4480
0,     58004,0,        3321554059,0.0,898
1,     58006,16400,        3321596420,0.0,0.0
0,     58008,0,        3321672394,0.0,61
0,     58009,0,        3321672612,0.0,974
0,     58011,0,        3321754072,0.0,5724
1,     58013,16401,        3321796420,0.0,0.0
0,     58015,0,        3321882985,0.0,3631
0,     58017,0,        3321909324,0.0,4576
1,     58019,16402,        3321996424,0.0,0.0
1,     58021,16403,        3322196424,0.0,0.0
1,     58023,16404,        3322396424,0.0,0.0
0,     58025,0,        3322521583,0.0,3479
1,     58027,16405,        3322596428,0.0,0.0
1,     58029,16406,        3322796428,0.0,0.0
0,     58031,0,        3322842218,0.0,2651
0,     58033,0,        3322949551,0.0,2640
1,     58035,16407,        3322996428,0.0,0.0
1,     58037,16408,        3323196432,0.0,0.0
1,     58039,16409,        3323396432,0.0,0.0
0,     58041,0,        3323402065,0.0,1233
1,     58043,16410,        3323596432,0.0,0.0
0,     58045,0,        3323648991,0.0,1369
0,     58047,0,        3323745298,0.0,1440
0,     58048,0,        3323745521,0.0,66
1,     58050,16411,        3323796432,0.0,0.0
1,     58052,16412,        3323996436,0.0,0.0
0,     58054,0,        3324047255,0.0,2172
1,     58056,16413,        3324196436,0.0,0.0
1,     58058,16414,        3324396436,0.0,0.0
1,     58060,16415,        3324596440,0.0,0.0
1,     58062,16416,        3324796440,0.0,0.0
1,     58064,16417,        3324996440,0.0,0.0
0,     58066,0,        3325134802,0.0,3672
1,     58068,16418,        3325196444,0.0,0.0
0,     58070,0,        3325248388,0.0,5490
1,     58072,16419,        3325396444,0.0,0.0
1,     58074,16420,        3325596444,0.0,0.0
0,     58076,0,        3325688810,0.0,2174
1,     58078,16421,        3325796444,0.0,0.0
1,     58080,16422,        3325996448,0.0,0.0
0,     58082,0,        3326026465,0.0,4386
0,     58084,0,        3326048116,0.0,4070
0,     58086,0,        3326116301,0.0,4505
0,     58088,0,        3326137289,0.0,5904
1,     58090,16423,        3326196448,0.0,0.0
0,     58092,0,        3326299145,0.0,5535
1,     58094,16424,        3326396448,0.0,0.0
0,     58096,0,        3326444812,0.0,79
0,     58097,0,        3326444851,0.0,1276
0,     58098,0,        3326444856,0.0,901
1,     58100,16425,        3326596452,0.0,0.0
1,     58102,16426,        3326796452,0.0,0.0
1,     58104,16427,        3326996452,0.0,0.0
0,     58106,0,        3327086811,0.0,3770
1,     58108,16428,        3327196452,0.0,0.0
0,     58110,0,        3327281736,0.0,5814
0,     58112,0,        3327390391,0.0,1120
1,     58114,16429,        3327396456,0.0,0.0
0,     58116,0,        3327525473,0.0,1117
1,     58118,16430,        3327596456,0.0,0.0
1,     58120,16431,        3327796456,0.0,0.0
0,     58122,0,        3327882509,0.0,1209
1,     58124,16432,        3327996460,0.0,0.0
0,     58126,0,        3328088382,0.0,1622
1,     58128,16433,        3328196460,0.0,0.0
0,     58130,0,        3328379522,0.0,1142
0,     58132,0,        3328385373,0.0,3676
1,     58134,16434,        3328396460,0.0,0.0
1,     58136,16435,        3328596464,0.0,0.0
1,     58138,16436,        3328796464,0.0,0.0
1,     58140,16437,        3328996464,0.0,0.0
1,     58142,16438,        3329196464,0.0,0.0
1,     58144,16439,        3329396468,0.0,0.0
0,     58146,0,        3329504966,0.0,3535
1,     58148,16440,        3329596468,0.0,0.0
0,     58150,0,        3329671971,0.0,4406
1,     58152,16441,        3329796468,0.0,0.0
0,     58154,0,        3329907139,0.0,5197
1,     58156,16442,        3329996472,0.0,0.0
0,     58158,0,        3330130868,0.0,6149
1,     58160,16443,        3330196472,0.0,0.0
1,     58162,16444,        3330396472,0.0,0.0
1,     58164,16445,        3330596476,0.0,0.0
0,     58166,0,        3330679354,0.0,5292
0,     58168,0,        3330716667,0.0,5494
1,     58170,16446,        3330796476,0.0,0.0
1,     58172,16447,        3330996476,0.0,0.0
0,     58174,0,        3331071465,0.0,5552
1,     58176,16448,        3331196476,0.0,0.0
1,     58178,16449,        3331396480,0.0,0.0
1,     58180,16450,        3331596480,0.0,0.0
1,     58182,16451,        3331796480,0.0,0.0
0,     58184,0,        3331837535,0.0,997
0,     58186,0,        3331901797,0.0,768
1,     58188,16452,        3331996484,0.0,0.0
0,     58190,0,        3332048528,0.0,2814
1,     58192,16453,        3332196484,0.0,0.0
0,     58194,0,        3332223208,0.0,4032
1,     58196,16454,        3332396484,0.0,0.0
1,     58198,16455,        3332596488,0.0,0.0
1,     58200,16456,        3332796488,0.0,0.0
1,     58202,16457,        3332996488,0.0,0.0
1,     58204,16458,        3333196488,0.0,0.0
0,     58206,0,        3333265276,0.0,4190
1,     58208,16459,        3333396492,0.0,0.0
1,     58210,16460,        3333596492,0.0,0.0
1,     58212,16461,        3333796492,0.0,0.0
1,     58214,16462,        3333996496,0.0,0.0
0,     58216,0,        3334169492,0.0,6102
1,     58218,16463,        3334196496,0.0,0.0
0,     58220,0,        3334322891,0.0,1375
0,     58222,0,        3334373942,0.0,4934
0,     58223,0,        3334374064,0.0,3544
1,     58225,16464,        3334396496,0.0,0.0
1,     58227,16465,        3334596500,0.0,0.0
1,     58229,16466,        3334796500,0.0,0.0
0,     58231,0,        3334930693,0.0,2432
0,     58232,0,        3334930983,0.0,4093
0,     58234,0,        3334956970,0.0,3698
1,     58236,16467,        3334996500,0.0,0.0
0,     58238,0,        3335005652,0.0,3473
0,     58240,0,        3335151395,0.0,3783
1,     58242,16468,        3335196500,0.0,0.0
0,     58244,0,        3335265568,0.0,416
0,     58246,0,        3335295635,0.0,1262
0,     58247,0,        3335295864,0.0,4464
1,     58249,16469,        3335396504,0.0,0.0
1,     58251,16470,        3335596504,0.0,0.0
1,     58253,16471,        3335796504,0.0,0.0
0,     58255,0,        3335924849,0.0,884
0,     58257,0,        3335972126,0.0,1374
0,     58259,0,        3335982777,0.0,635
0,     58260,0,        3335982778,0.0,4860
1,     58262,16472,        3335996508,0.0,0.0
1,     58264,16473,        3336196508,0.0,0.0
1,     58266,16474,        3336396508,0.0,0.0
1,     58268,16475,        3336596508,0.0,0.0
0,     58270,0,        3336610839,0.0,1670
0,     58272,0,        3336656111,0.0,1427
0,     58274,0,        3336693779,0.0,1541
1,     58276,16476,        3336796512,0.0,0.0
0,     58278,0,        3336879200,0.0,3740
1,     58280,16477,        3336996512,0.0,0.0
1,     58282,16478,        3337196512,0.0,0.0
1,     58284,16479,        3337396516,0.0,0.0
0,     58286,0,        3337518219,0.0,5680
1,     58288,16480,        3337596516,0.0,0.0
1,     58290,16481,        3337796516,0.0,0.0
0,     58292,0,        3337803414,0.0,4950
1,     58294,16482,        3337996520,0.0,0.0
0,     58296,0,        3338042580,0.0,4564
0,     58298,0,        3338087676,0.0,3020
1,     58300,16483,        3338196520,0.0,0.0
0,     58302,0,        3338198191,0.0,5641
1,     58304,16484,        3338396520,0.0,0.0
1,     58306,16485,        3338596520,0.0,0.0
1,     58308,16486,        3338796524,0.0,0.0
1,     58310,16487,        3338996524,0.0,0.0
1,     58312,16488,        3339196524,0.0,0.0
0,     58314,0,        3339373566,0.0,2478
1,     58316,16489,        3339396528,0.0,0.0
1,     58318,16490,        3339596528,0.0,0.0
0,     58320,0,        3339615153,0.0,375
0,     58322,0,        3339733437,0.0,3768
0,     58324,0,        3339751304,0.0,4350
1,     58326,16491,        3339796528,0.0,0.0
0,     58328,0,        3339808545,0.0,4535
1,     58330,16492,        3339996532,0.0,0.0
0,     58332,0,        3340034565,0.0,3221
1,     58334,16493,        3340196532,0.0,0.0
0,     58336,0,        3340318896,0.0,197
1,     58338,16494,        3340396532,0.0,0.0
1,     58340,16495,        3340596532,0.0,0.0
1,     58342,16496,        3340796536,0.0,0.0
0,     58344,0,        3340893495,0.0,3095
0,     58346,0,        3340939162,0.0,3269
1,     58348,16497,        3340996536,0.0,0.0
0,     58350,0,        3341089758,0.0,2994
1,     58352,16498,        3341196536,0.0,0.0
0,     58354,0,        3341214201,0.0,5214
1,     58356,16499,        3341396540,0.0,0.0
0,     58358,0,        3341541947,0.0,2786
1,     58360,16500,        3341596540,0.0,0.0
0,     58362,0,        3341734626,0.0,4355
0,     58364,0,        3341766887,0.0,2760
1,     58366,16501,        3341796540,0.0,0.0
1,     58368,16502,        3341996544,0.0,0.0
0,     58370,0,        3342175978,0.0,3437
1,     58372,16503,        3342196544,0.0,0.0
0,     58374,0,        3342268001,0.0,482
0,     58375,0,        3342268005,0.0,4511
1,     58377,16504,        3342396544,0.0,0.0
1,     58379,16505,        3342596544,0.0,0.0
0,     58381,0,        3342669247,0.0,4550
1,     58383,16506,        3342796548,0.0,0.0
1,     58385,16507,        3342996548,0.0,0.0
0,     58387,0,        3343001731,0.0,5242
0,     58389,0,        3343195063,0.0,3475
1,     58391,16508,        3343196548,0.0,0.0
1,     58393,16509,        3343396552,0.0,0.0
0,     58395,0,        3343569187,0.0,2816
1,     58397,16510,        3343596552,0.0,0.0
0,     58399,0,        3343718175,0.0,2549
0,     58401,0,        3343770702,0.0,605
1,     58403,16511,        3343796552,0.0,0.0
1,     58405,16512,        3343996552,0.0,0.0
1,     58407,16513,        3344196556,0.0,0.0
1,     58409,16514,        3344396556,0.0,0.0
1,     58411,16515,        3344596556,0.0,0.0
1,     58413,16516,        3344796560,0.0,0.0
1,     58415,16517,        3344996560,0.0,0.0
1,     58417,16518,        3345196560,0.0,0.0
0,     58419,0,        3345282797,0.0,1404
1,     58421,16519,        3345396564,0.0,0.0
0,     58423,0,        3345522560,0.0,2642
1,     58425,16520,        3345596564,0.0,0.0
1,     58427,16521,        3345796564,0.0,0.0
0,     58429,0,        3345886102,0.0,2623
0,     58431,0,        3345974754,0.0,4637
1,     58433,16522,        3345996564,0.0,0.0
0,     58435,0,        3346138553,0.0,1662
1,     58437,16523,        3346196568,0.0,0.0
1,     58439,16524,        3346396568,0.0,0.0
0,     58441,0,        3346468397,0.0,3572
1,     58443,16525,        3346596568,0.0,0.0
1,     58445,16526,        3346796572,0.0,0.0
1,     58447,16527,        3346996572,0.0,0.0
0,     58449,0,        3347100029,0.0,5684
0,     58451,0,        3347163561,0.0,6212
1,     58453,16528,        3347196572,0.0,0.0
1,     58455,16529,        3347396576,0.0,0.0
0,     58457,0,        3347568625,0.0,1383
1,     58459,16530,        3347596576,0.0,0.0
0,     58461,0,        3347692097,0.0,2862
1,     58463,16531,        3347796576,0.0,0.0
1,     58465,16532,        3347996576,0.0,0.0
0,     58467,0,        3348073934,0.0,3983
1,     58469,16533,        3348196580,0.0,0.0
0,     58471,0,        3348258779,0.0,4615
1,     58473,16534,        3348396580,0.0,0.0
0,     58475,0,        3348468237,0.0,4368
1,     58477,16535,        3348596580,0.0,0.0
0,     58479,0,        3348671297,0.0,744
1,     58481,16536,        3348796584,0.0,0.0
1,     58483,16537,        3348996584,0.0,0.0
1,     58485,16538,        3349196584,0.0,0.0
0,     58487,0,        3349363115,0.0,687
1,     58489,16539,        3349396588,0.0,0.0
0,     58491,0,        3349420575,0.0,2047
1,     58493,16540,        3349596588,0.0,0.0
0,     58495,0,        3349614538,0.0,1044
0,     58497,0,        3349614621,0.0,4813
1,     58499,16541,        3349796588,0.0,0.0
1,     58501,16542,        3349996588,0.0,0.0
0,     58503,0,        3350020716,0.0,2185
1,     58505,16543,        3350196592,0.0,0.0
1,     58507,16544,        3350396592,0.0,0.0
1,     58509,16545,        3350596592,0.0,0.0
1,     58511,16546,        3350796596,0.0,0.0
0,     58513,0,        3350965774,0.0,5612
1,     58515,16547,        3350996596,0.0,0.0
1,     58517,16548,        3351196596,0.0,0.0
1,     58519,16549,        3351396600,0.0,0.0
1,     58521,16550,        3351596600,0.0,0.0
1,     58523,16551,        3351796600,0.0,0.0
1,     58525,16552,        3351996600,0.0,0.0
0,     58527,0,        3352188730,0.0,3851
0,     58529,0,        3352189415,0.0,3428
1,     58531,16553,        3352196604,0.0,0.0
0,     58533,0,        3352394553,0.0,1124
1,     58535,16554,        3352396604,0.0,0.0
1,     58537,16555,        3352596604,0.0,0.0
0,     58539,0,        3352711836,0.0,1820
1,     58541,16556,        3352796608,0.0,0.0
1,     58543,16557,        3352996608,0.0,0.0
1,     58545,16558,        3353196608,0.0,0.0
1,     58547,16559,        3353396608,0.0,0.0
0,     58549,0,        3353440471,0.0,5370
1,     58551,16560,        3353596612,0.0,0.0
0,     58553,0,        3353597724,0.0,4995
1,     58555,16561,        3353796612,0.0,0.0
0,     58557,0,        3353862875,0.0,3484
0,     58559,0,        3353956363,0.0,1217
1,     58561,16562,        3353996612,0.0,0.0
1,     58563,16563,        3354196616,0.0,0.0
1,     58565,16564,        3354396616,0.0,0.0
1,     58567,16565,        3354596616,0.0,0.0
0,     58569,0,        3354614557,0.0,3265
1,     58571,16566,        3354796620,0.0,0.0
0,     58573,0,        3354904302,0.0,1451
1,     58575,16567,        3354996620,0.0,0.0
1,     58577,16568,        3355196620,0.0,0.0
1,     58579,16569,        3355396620,0.0,0.0
1,     58581,16570,        3355596624,0.0,0.0
0,     58583,0,        3355631132,0.0,2007
0,     58585,0,        3355726780,0.0,6123
1,     58587,16571,        3355796624,0.0,0.0
1,     58589,16572,        3355996624,0.0,0.0
0,     58591,0,        3356097155,0.0,4250
0,     58593,0,        3356122316,0.0,3674
1,     58595,16573,        3356196628,0.0,0.0
1,     58597,16574,        3356396628,0.0,0.0
0,     58599,0,        3356428061,0.0,5892
1,     58601,16575,        3356596628,0.0,0.0
1,     58603,16576,        3356796632,0.0,0.0
0,     58605,0,        3356866140,0.0,3825
1,     58607,16577,        3356996632,0.0,0.0
1,     58609,16578,        3357196632,0.0,0.0
1,     58611,16579,        3357396632,0.0,0.0
1,     58613,16580,        3357596636,0.0,0.0
1,     58615,16581,        3357796636,0.0,0.0
1,     58617,16582,        3357996636,0.0,0.0
0,     58619,0,        3358100436,0.0,1776
1,     58621,16583,        3358196640,0.0,0.0
0,     58623,0,        3358268224,0.0,1930
1,     58625,16584,        3358396640,0.0,0.0
1,     58627,16585,        3358596640,0.0,0.0
1,     58629,16586,        3358796644,0.0,0.0
0,     58631,0,        3358820266,0.0,5463
1,     58633,16587,        3358996644,0.0,0.0
0,     58635,0,        3359165003,0.0,5671
1,     58637,16588,        3359196644,0.0,0.0
1,     58639,16589,        3359396644,0.0,0.0
1,     58641,16590,        3359596648,0.0,0.0
0,     58643,0,        3359604257,0.0,2929
0,     58645,0,        3359726719,0.0,5961
1,     58647,16591,        3359796648,0.0,0.0
0,     58649,0,        3359948009,0.0,3710
0,     58650,0,        3359948201,0.0,3786
1,     58652,16592,        3359996648,0.0,0.0
1,     58654,16593,        3360196652,0.0,0.0
1,     58656,16594,        3360396652,0.0,0.0
1,     58658,16595,        3360596652,0.0,0.0
0,     58660,0,        3360745825,0.0,2253
1,     58662,16596,        3360796656,0.0,0.0
0,     58664,0,        3360804815,0.0,3316
1,     58666,16597,        3360996656,0.0,0.0
1,     58668,16598,        3361196656,0.0,0.0
1,     58670,16599,        3361396656,0.0,0.0
1,     58672,16600,        3361596660,0.0,0.0
1,     58674,16601,        3361796660,0.0,0.0
0,     58676,0,        3361905988,0.0,5925
1,     58678,16602,        3361996660,0.0,0.0
0,     58680,0,        3362096453,0.0,2339
1,     58682,16603,        3362196664,0.0,0.0
0,     58684,0,        3362324695,0.0,1796
1,     58686,16604,        3362396664,0.0,0.0
1,     58688,16605,        3362596664,0.0,0.0
0,     58690,0,        3362767208,0.0,443
1,     58692,16606,        3362796664,0.0,0.0
1,     58694,16607,        3362996668,0.0,0.0
0,     58696,0,        3363002569,0.0,5121
1,     58698,16608,        3363196668,0.0,0.0
0,     58700,0,        3363393555,0.0,6117
1,     58702,16609,        3363396668,0.0,0.0
1,     58704,16610,        3363596672,0.0,0.0
0,     58706,0,        3363659921,0.0,4558
1,     58708,16611,        3363796672,0.0,0.0
0,     58710,0,        3363893453,0.0,1492
1,     58712,16612,        3363996672,0.0,0.0
0,     58714,0,        3364112769,0.0,2679
1,     58716,16613,        3364196676,0.0,0.0
0,     58718,0,        3364274915,0.0,1638
1,     58720,16614,        3364396676,0.0,0.0
1,     58722,16615,        3364596676,0.0,0.0
1,     58724,16616,        3364796676,0.0,0.0
1,     58726,16617,        3364996680,0.0,0.0
0,     58728,0,        3365041432,0.0,1267
1,     58730,16618,        3365196680,0.0,0.0
0,     58732,0,        3365267375,0.0,3586
1,     58734,16619,        3365396680,0.0,0.0
1,     58736,16620,        3365596684,0.0,0.0
1,     58738,16621,        3365796684,0.0,0.0
1,     58740,16622,        3365996684,0.0,0.0
1,     58742,16623,        3366196688,0.0,0.0
0,     58744,0,        3366376738,0.0,5864
1,     58746,16624,        3366396688,0.0,0.0
1,     58748,16625,        3366596688,0.0,0.0
1,     58750,16626,        3366796688,0.0,0.0
1,     58752,16627,        3366996692,0.0,0.0
1,     58754,16628,        3367196692,0.0,0.0
1,     58756,16629,        3367396692,0.0,0.0
0,     58758,0,        3367557415,0.0,2127
1,     58760,16630,        3367596696,0.0,0.0
1,     58762,16631,        3367796696,0.0,0.0
1,     58764,16632,        3367996696,0.0,0.0
0,     58766,0,        3368005319,0.0,2245
1,     58768,16633,        3368196700,0.0,0.0
0,     58770,0,        3368326641,0.0,1795
1,     58772,16634,        3368396700,0.0,0.0
1,     58774,16635,        3368596700,0.0,0.0
1,     58776,16636,        3368796700,0.0,0.0
0,     58778,0,        3368878095,0.0,3948
0,     58780,0,        3368930409,0.0,2606
0,     58782,0,        3368955052,0.0,4758
1,     58784,16637,        3368996704,0.0,0.0
0,     58786,0,        3369123841,0.0,5660
1,     58788,16638,        3369196704,0.0,0.0
0,     58790,0,        3369304456,0.0,3509
1,     58792,16639,        3369396704,0.0,0.0
1,     58794,16640,        3369596708,0.0,0.0
0,     58796,0,        3369622200,0.0,1273
1,     58798,16641,        3369796708,0.0,0.0
1,     58800,16642,        3369996708,0.0,0.0
0,     58802,0,        3370140786,0.0,3540
1,     58804,16643,        3370196712,0.0,0.0
1,     58806,16644,        3370396712,0.0,0.0
1,     58808,16645,        3370596712,0.0,0.0
1,     58810,16646,        3370796712,0.0,0.0
1,     58812,16647,        3370996716,0.0,0.0
1,     58814,16648,        3371196716,0.0,0.0
0,     58816,0,        3371283924,0.0,1518
1,     58818,16649,        3371396716,0.0,0.0
1,     58820,16650,        3371596720,0.0,0.0
1,     58822,16651,        3371796720,0.0,0.0
1,     58824,16652,        3371996720,0.0,0.0
1,     58826,16653,        3372196720,0.0,0.0
1,     58828,16654,        3372396724,0.0,0.0
1,     58830,16655,        3372596724,0.0,0.0
0,     58832,0,        3372714660,0.0,4946
1,     58834,16656,        3372796724,0.0,0.0
0,     58836,0,        3372878256,0.0,3427
1,     58838,16657,        3372996728,0.0,0.0
1,     58840,16658,        3373196728,0.0,0.0
1,     58842,16659,        3373396728,0.0,0.0
0,     58844,0,        3373408221,0.0,5835
0,     58846,0,        3373467839,0.0,4807
0,     58848,0,        3373484731,0.0,4223
1,     58850,16660,        3373596732,0.0,0.0
1,     58852,16661,        3373796732,0.0,0.0
1,     58854,16662,        3373996732,0.0,0.0
0,     58856,0,        3374124020,0.0,6215
1,     58858,16663,        3374196732,0.0,0.0
0,     58860,0,        3374244369,0.0,2923
1,     58862,16664,        3374396736,0.0,0.0
0,     58864,0,        3374442746,0.0,4119
0,     58866,0,        3374443896,0.0,2016
1,     58868,16665,        3374596736,0.0,0.0
0,     58870,0,        3374700280,0.0,3379
1,     58872,16666,        3374796736,0.0,0.0
0,     58874,0,        3374852937,0.0,3808
1,     58876,16667,        3374996740,0.0,0.0
1,     58878,16668,        3375196740,0.0,0.0
0,     58880,0,        3375229868,0.0,6042
0,     58882,0,        3375286425,0.0,5296
1,     58884,16669,        3375396740,0.0,0.0
1,     58886,16670,        3375596744,0.0,0.0
1,     58888,16671,        3375796744,0.0,0.0
1,     58890,16672,        3375996744,0.0,0.0
0,     58892,0,        3376153697,0.0,1682
1,     58894,16673,        3376196744,0.0,0.0
1,     58896,16674,        3376396748,0.0,0.0
1,     58898,16675,        3376596748,0.0,0.0
1,     58900,16676,        3376796748,0.0,0.0
1,     58902,16677,        3376996752,0.0,0.0
0,     58904,0,        3377152239,0.0,3559
1,     58906,16678,        3377196752,0.0,0.0
1,     58908,16679,        3377396752,0.0,0.0
1,     58910,16680,        3377596756,0.0,0.0
0,     58912,0,        3377665820,0.0,2465
0,     58914,0,        3377775240,0.0,4252
0,     58915,0,        3377775385,0.0,3333
1,     58917,16681,        3377796756,0.0,0.0
1,     58919,16682,        3377996756,0.0,0.0
0,     58921,0,        3378034607,0.0,5348
1,     58923,16683,        3378196756,0.0,0.0
0,     58925,0,        3378205232,0.0,9
1,     58927,16684,        3378396760,0.0,0.0
0,     58929,0,        3378472533,0.0,5681
1,     58931,16685,        3378596760,0.0,0.0
0,     58933,0,        3378749384,0.0,1411
1,     58935,16686,        3378796760,0.0,0.0
0,     58937,0,        3378974509,0.0,1019
1,     58939,16687,        3378996764,0.0,0.0
1,     58941,16688,        3379196764,0.0,0.0
0,     58943,0,        3379233703,0.0,2624
1,     58945,16689,        3379396764,0.0,0.0
0,     58947,0,        3379409786,0.0,5865
1,     58949,16690,        3379596768,0.0,0.0
1,     58951,16691,        3379796768,0.0,0.0
1,     58953,16692,        3379996768,0.0,0.0
0,     58955,0,        3380008489,0.0,5082
0,     58956,0,        3380008544,0.0,2950
0,     58958,0,        3380176333,0.0,6111
0,     58960,0,        3380183027,0.0,5573
1,     58962,16693,        3380196768,0.0,0.0
1,     58964,16694,        3380396772,0.0,0.0
0,     58966,0,        3380429318,0.0,2218
0,     58968,0,        3380504759,0.0,3302
1,     58970,16695,        3380596772,0.0,0.0
0,     58972,0,        3380732241,0.0,1672
0,     58973,0,        3380732243,0.0,2157
0,     58974,0,        3380732321,0.0,3178
1,     58976,16696,        3380796772,0.0,0.0
1,     58978,16697,        3380996776,0.0,0.0
1,     58980,16698,        3381196776,0.0,0.0
0,     58982,0,        3381297992,0.0,4686
1,     58984,16699,        3381396776,0.0,0.0
1,     58986,16700,        3381596776,0.0,0.0
1,     58988,16701,        3381796780,0.0,0.0
1,     58990,16702,        3381996780,0.0,0.0
0,     58992,0,        3382115558,0.0,1366
1,     58994,16703,        3382196780,0.0,0.0
0,     58996,0,        3382379042,0.0,412
1,     58998,16704,        3382396784,0.0,0.0
1,     59000,16705,        3382596784,0.0,0.0
1,     59002,16706,        3382796784,0.0,0.0
1,     59004,16707,        3382996788,0.0,0.0
1,     59006,16708,        3383196788,0.0,0.0
0,     59008,0,        3383327406,0.0,6238
1,     59010,16709,        3383396788,0.0,0.0
0,     59012,0,        3383522923,0.0,260
0,     59014,0,        3383528183,0.0,1095
1,     59016,16710,        3383596788,0.0,0.0
1,     59018,16711,        3383796792,0.0,0.0
0,     59020,0,        3383983805,0.0,3274
1,     59022,16712,        3383996792,0.0,0.0
1,     59024,16713,        3384196792,0.0,0.0
1,     59026,16714,        3384396796,0.0,0.0
1,     59028,16715,        3384596796,0.0,0.0
0,     59030,0,        3384735304,0.0,4574
0,     59032,0,        3384737621,0.0,3296
1,     59034,16716,        3384796796,0.0,0.0
1,     59036,16717,        3384996800,0.0,0.0
1,     59038,16718,        3385196800,0.0,0.0
0,     59040,0,        3385354354,0.0,4836
1,     59042,16719,        3385396800,0.0,0.0
1,     59044,16720,        3385596800,0.0,0.0
0,     59046,0,        3385616048,0.0,5892
0,     59048,0,        3385763305,0.0,5026
0,     59050,0,        3385775260,0.0,2153
1,     59052,16721,        3385796804,0.0,0.0
1,     59054,16722,        3385996804,0.0,0.0
0,     59056,0,        3386062209,0.0,3740
0,     59058,0,        3386137055,0.0,416
1,     59060,16723,        3386196804,0.0,0.0
0,     59062,0,        3386219496,0.0,5650
0,     59064,0,        3386219533,0.0,1976
0,     59066,0,        3386251574,0.0,5042
0,     59068,0,        3386327385,0.0,3300
1,     59070,16724,        3386396808,0.0,0.0
1,     59072,16725,        3386596808,0.0,0.0
1,     59074,16726,        3386796808,0.0,0.0
0,     59076,0,        3386806714,0.0,2242
0,     59078,0,        3386865803,0.0,958
0,     59080,0,        3386950891,0.0,4385
0,     59082,0,        3386991317,0.0,2486
1,     59084,16727,        3386996812,0.0,0.0
1,     59086,16728,        3387196812,0.0,0.0
0,     59088,0,        3387303253,0.0,487
1,     59090,16729,        3387396812,0.0,0.0
0,     59092,0,        3387436873,0.0,6190
1,     59094,16730,        3387596812,0.0,0.0
1,     59096,16731,        3387796816,0.0,0.0
0,     59098,0,        3387911542,0.0,5627
0,     59100,0,        3387979679,0.0,2692
1,     59102,16732,        3387996816,0.0,0.0
1,     59104,16733,        3388196816,0.0,0.0
1,     59106,16734,        3388396820,0.0,0.0
1,     59108,16735,        3388596820,0.0,0.0
1,     59110,16736,        3388796820,0.0,0.0
0,     59112,0,        3388955187,0.0,3106
1,     59114,16737,        3388996820,0.0,0.0
1,     59116,16738,        3389196824,0.0,0.0
1,     59118,16739,        3389396824,0.0,0.0
0,     59120,0,        3389570234,0.0,5947
0,     59121,0,        3389570457,0.0,5174
1,     59123,16740,        3389596824,0.0,0.0
1,     59125,16741,        3389796828,0.0,0.0
1,     59127,16742,        3389996828,0.0,0.0
0,     59129,0,        3390115403,0.0,4676
0,     59131,0,        3390119520,0.0,613
1,     59133,16743,        3390196828,0.0,0.0
0,     59135,0,        3390266102,0.0,1088
0,     59137,0,        3390348682,0.0,2801
1,     59139,16744,        3390396832,0.0,0.0
1,     59141,16745,        3390596832,0.0,0.0
0,     59143,0,        3390750011,0.0,111
1,     59145,16746,        3390796832,0.0,0.0
0,     59147,0,        3390904993,0.0,1045
1,     59149,16747,        3390996832,0.0,0.0
0,     59151,0,        3391101205,0.0,1913
0,     59153,0,        3391129664,0.0,3452
1,     59155,16748,        3391196836,0.0,0.0
1,     59157,16749,        3391396836,0.0,0.0
0,     59159,0,        3391450615,0.0,2621
1,     59161,16750,        3391596836,0.0,0.0
0,     59163,0,        3391717442,0.0,2400
1,     59165,16751,        3391796840,0.0,0.0
1,     59167,16752,        3391996840,0.0,0.0
1,     59169,16753,        3392196840,0.0,0.0
0,     59171,0,        3392341057,0.0,3848
1,     59173,16754,        3392396844,0.0,0.0
1,     59175,16755,        3392596844,0.0,0.0
1,     59177,16756,        3392796844,0.0,0.0
0,     59179,0,        3392865273,0.0,3491
1,     59181,16757,        3392996844,0.0,0.0
0,     59183,0,        3393158334,0.0,88
0,     59184,0,        3393158339,0.0,3806
1,     59186,16758,        3393196848,0.0,0.0
1,     59188,16759,        3393396848,0.0,0.0
0,     59190,0,        3393427141,0.0,4186
0,     59192,0,        3393431665,0.0,525
0,     59194,0,        3393518215,0.0,1406
0,     59196,0,        3393565822,0.0,1800
1,     59198,16760,        3393596848,0.0,0.0
1,     59200,16761,        3393796852,0.0,0.0
0,     59202,0,        3393807508,0.0,2558
1,     59204,16762,        3393996852,0.0,0.0
1,     59206,16763,        3394196852,0.0,0.0
0,     59208,0,        3394347922,0.0,3312
1,     59210,16764,        3394396856,0.0,0.0
1,     59212,16765,        3394596856,0.0,0.0
1,     59214,16766,        3394796856,0.0,0.0
0,     59216,0,        3394922177,0.0,2446
0,     59218,0,        3394967626,0.0,5176
1,     59220,16767,        3394996856,0.0,0.0
0,     59222,0,        3395057402,0.0,4679
1,     59224,16768,        3395196860,0.0,0.0
1,     59226,16769,        3395396860,0.0,0.0
0,     59228,0,        3395544514,0.0,4519
1,     59230,16770,        3395596860,0.0,0.0
1,     59232,16771,        3395796864,0.0,0.0
0,     59234,0,        3395835111,0.0,1704
1,     59236,16772,        3395996864,0.0,0.0
0,     59238,0,        3396101865,0.0,3347
1,     59240,16773,        3396196864,0.0,0.0
0,     59242,0,        3396242560,0.0,1444
0,     59244,0,        3396283699,0.0,2892
0,     59246,0,        3396396170,0.0,2161
1,     59247,16774,        3396396868,0.0,0.0
0,     59249,0,        3396468424,0.0,1941
1,     59251,16775,        3396596868,0.0,0.0
1,     59253,16776,        3396796868,0.0,0.0
0,     59255,0,        3396799026,0.0,1662
0,     59257,0,        3396859547,0.0,1051
1,     59259,16777,        3396996868,0.0,0.0
1,     59261,16778,        3397196872,0.0,0.0
0,     59263,0,        3397232650,0.0,4555
0,     59265,0,        3397241537,0.0,4949
1,     59267,16779,        3397396872,0.0,0.0
1,     59269,16780,        3397596872,0.0,0.0
0,     59271,0,        3397612278,0.0,3107
1,     59273,16781,        3397796876,0.0,0.0
0,     59275,0,        3397893052,0.0,4744
1,     59277,16782,        3397996876,0.0,0.0
1,     59279,16783,        3398196876,0.0,0.0
1,     59281,16784,        3398396876,0.0,0.0
1,     59283,16785,        3398596880,0.0,0.0
1,     59285,16786,        3398796880,0.0,0.0
0,     59287,0,        3398962460,0.0,2825
1,     59289,16787,        3398996880,0.0,0.0
1,     59291,16788,        3399196884,0.0,0.0
0,     59293,0,        3399226596,0.0,5679
1,     59295,16789,        3399396884,0.0,0.0
1,     59297,16790,        3399596884,0.0,0.0
0,     59299,0,        3399684455,0.0,1234
0,     59301,0,        3399759042,0.0,3568
1,     59303,16791,        3399796888,0.0,0.0
0,     59305,0,        3399826499,0.0,2806
1,     59307,16792,        3399996888,0.0,0.0
0,     59309,0,        3400013204,0.0,3550
1,     59311,16793,        3400196888,0.0,0.0
1,     59313,16794,        3400396888,0.0,0.0
0,     59315,0,        3400419088,0.0,360
1,     59317,16795,        3400596892,0.0,0.0
1,     59319,16796,        3400796892,0.0,0.0
0,     59321,0,        3400975624,0.0,1290
1,     59323,16797,        3400996892,0.0,0.0
0,     59325,0,        3401187186,0.0,3479
1,     59327,16798,        3401196896,0.0,0.0
1,     59329,16799,        3401396896,0.0,0.0
0,     59331,0,        3401428085,0.0,125
1,     59333,16800,        3401596896,0.0,0.0
0,     59335,0,        3401685538,0.0,1275
1,     59337,16801,        3401796900,0.0,0.0
0,     59339,0,        3401834153,0.0,1799
0,     59341,0,        3401877280,0.0,725
1,     59343,16802,        3401996900,0.0,0.0
0,     59345,0,        3402164083,0.0,3492
1,     59347,16803,        3402196900,0.0,0.0
0,     59349,0,        3402230788,0.0,552
1,     59351,16804,        3402396900,0.0,0.0
0,     59353,0,        3402595981,0.0,3830
1,     59355,16805,        3402596904,0.0,0.0
1,     59357,16806,        3402796904,0.0,0.0
0,     59359,0,        3402856724,0.0,2637
0,     59360,0,        3402856726,0.0,5748
1,     59362,16807,        3402996904,0.0,0.0
0,     59364,0,        3403050785,0.0,2840
0,     59366,0,        3403059070,0.0,3511
1,     59368,16808,        3403196908,0.0,0.0
1,     59370,16809,        3403396908,0.0,0.0
1,     59372,16810,        3403596908,0.0,0.0
1,     59374,16811,        3403796912,0.0,0.0
1,     59376,16812,        3403996912,0.0,0.0
1,     59378,16813,        3404196912,0.0,0.0
0,     59380,0,        3404322434,0.0,5437
1,     59382,16814,        3404396912,0.0,0.0
1,     59384,16815,        3404596916,0.0,0.0
0,     59386,0,        3404793627,0.0,3251
1,     59388,16816,        3404796916,0.0,0.0
1,     59390,16817,        3404996916,0.0,0.0
1,     59392,16818,        3405196920,0.0,0.0
1,     59394,16819,        3405396920,0.0,0.0
0,     59396,0,        3405508016,0.0,3544
1,     59398,16820,        3405596920,0.0,0.0
1,     59400,16821,        3405796924,0.0,0.0
0,     59402,0,        3405991921,0.0,5457
1,     59404,16822,        3405996924,0.0,0.0
1,     59406,16823,        3406196924,0.0,0.0
1,     59408,16824,        3406396924,0.0,0.0
0,     59410,0,        3406405965,0.0,5894
1,     59412,16825,        3406596928,0.0,0.0
1,     59414,16826,        3406796928,0.0,0.0
0,     59416,0,        3406931775,0.0,2332
1,     59418,16827,        3406996928,0.0,0.0
0,     59420,0,        3406997846,0.0,4438
0,     59422,0,        3407174324,0.0,2088
1,     59424,16828,        3407196932,0.0,0.0
1,     59426,16829,        3407396932,0.0,0.0
1,     59428,16830,        3407596932,0.0,0.0
1,     59430,16831,        3407796932,0.0,0.0
1,     59432,16832,        3407996936,0.0,0.0
0,     59434,0,        3408018150,0.0,5844
1,     59436,16833,        3408196936,0.0,0.0
0,     59438,0,        3408284863,0.0,4547
1,     59440,16834,        3408396936,0.0,0.0
1,     59442,16835,        3408596940,0.0,0.0
0,     59444,0,        3408720367,0.0,1752
0,     59446,0,        3408761341,0.0,2321
1,     59448,16836,        3408796940,0.0,0.0
0,     59450,0,        3408830975,0.0,1235
1,     59452,16837,        3408996940,0.0,0.0
1,     59454,16838,        3409196944,0.0,0.0
0,     59456,0,        3409379921,0.0,1934
1,     59458,16839,        3409396944,0.0,0.0
0,     59460,0,        3409402468,0.0,6234
0,     59462,0,        3409418226,0.0,3459
1,     59464,16840,        3409596944,0.0,0.0
0,     59466,0,        3409641823,0.0,4894
1,     59468,16841,        3409796944,0.0,0.0
0,     59470,0,        3409975882,0.0,3350
1,     59472,16842,        3409996948,0.0,0.0
0,     59474,0,        3410143230,0.0,1803
1,     59476,16843,        3410196948,0.0,0.0
1,     59478,16844,        3410396948,0.0,0.0
1,     59480,16845,        3410596952,0.0,0.0
1,     59482,16846,        3410796952,0.0,0.0
1,     59484,16847,        3410996952,0.0,0.0
0,     59486,0,        3411055254,0.0,3382
1,     59488,16848,        3411196956,0.0,0.0
1,     59490,16849,        3411396956,0.0,0.0
0,     59492,0,        3411520004,0.0,3805
0,     59494,0,        3411568754,0.0,4970
1,     59496,16850,        3411596956,0.0,0.0
0,     59498,0,        3411734476,0.0,1159
1,     59500,16851,        3411796956,0.0,0.0
0,     59502,0,        3411813650,0.0,4481
1,     59504,16852,        3411996960,0.0,0.0
1,     59506,16853,        3412196960,0.0,0.0
1,     59508,16854,        3412396960,0.0,0.0
1,     59510,16855,        3412596964,0.0,0.0
1,     59512,16856,        3412796964,0.0,0.0
0,     59514,0,        3412948369,0.0,1722
1,     59516,16857,        3412996964,0.0,0.0
1,     59518,16858,        3413196968,0.0,0.0
0,     59520,0,        3413264873,0.0,2333
1,     59522,16859,        3413396968,0.0,0.0
0,     59524,0,        3413461442,0.0,5429
0,     59526,0,        3413496401,0.0,5552
1,     59528,16860,        3413596968,0.0,0.0
1,     59530,16861,        3413796968,0.0,0.0
0,     59532,0,        3413872032,0.0,3802
1,     59534,16862,        3413996972,0.0,0.0
0,     59536,0,        3414171069,0.0,4284
1,     59538,16863,        3414196972,0.0,0.0
1,     59540,16864,        3414396972,0.0,0.0
0,     59542,0,        3414426681,0.0,3349
1,     59544,16865,        3414596976,0.0,0.0
1,     59546,16866,        3414796976,0.0,0.0
0,     59548,0,        3414955037,0.0,3682
1,     59550,16867,        3414996976,0.0,0.0
0,     59552,0,        3415085857,0.0,2466
1,     59554,16868,        3415196980,0.0,0.0
0,     59556,0,        3415347377,0.0,3407
1,     59558,16869,        3415396980,0.0,0.0
1,     59560,16870,        3415596980,0.0,0.0
1,     59562,16871,        3415796980,0.0,0.0
0,     59564,0,        3415802016,0.0,48
1,     59566,16872,        3415996984,0.0,0.0
0,     59568,0,        3416097353,0.0,1329
0,     59570,0,        3416174358,0.0,1798
1,     59572,16873,        3416196984,0.0,0.0
1,     59574,16874,        3416396984,0.0,0.0
1,     59576,16875,        3416596988,0.0,0.0
1,     59578,16876,        3416796988,0.0,0.0
0,     59580,0,        3416892006,0.0,1533
0,     59582,0,        3416958103,0.0,3589
1,     59584,16877,        3416996988,0.0,0.0
0,     59586,0,        3417025627,0.0,2077
0,     59588,0,        3417062163,0.0,3946
1,     59590,16878,        3417196988,0.0,0.0
0,     59592,0,        3417345173,0.0,1252
1,     59594,16879,        3417396992,0.0,0.0
1,     59596,16880,        3417596992,0.0,0.0
1,     59598,16881,        3417796992,0.0,0.0
0,     59600,0,        3417875739,0.0,4873
1,     59602,16882,        3417996996,0.0,0.0
0,     59604,0,        3418024608,0.0,3462
0,     59606,0,        3418066468,0.0,185
0,     59608,0,        3418134285,0.0,1764
0,     59609,0,        3418134435,0.0,5546
1,     59611,16883,        3418196996,0.0,0.0
1,     59613,16884,        3418396996,0.0,0.0
1,     59615,16885,        3418597000,0.0,0.0
1,     59617,16886,        3418797000,0.0,0.0
0,     59619,0,        3418940873,0.0,1782
0,     59621,0,        3418977292,0.0,5121
1,     59623,16887,        3418997000,0.0,0.0
1,     59625,16888,        3419197000,0.0,0.0
0,     59627,0,        3419217524,0.0,3752
1,     59629,16889,        3419397004,0.0,0.0
1,     59631,16890,        3419597004,0.0,0.0
0,     59633,0,        3419736857,0.0,1826
1,     59635,16891,        3419797004,0.0,0.0
0,     59636,0,        3419797293,0.0,5898
0,     59638,0,        3419797751,0.0,365
1,     59640,16892,        3419997008,0.0,0.0
1,     59642,16893,        3420197008,0.0,0.0
1,     59644,16894,        3420397008,0.0,0.0
0,     59646,0,        3420427431,0.0,5978
0,     59648,0,        3420440122,0.0,6139
1,     59650,16895,        3420597012,0.0,0.0
1,     59652,16896,        3420797012,0.0,0.0
1,     59654,16897,        3420997012,0.0,0.0
1,     59656,16898,        3421197012,0.0,0.0
0,     59658,0,        3421206704,0.0,2467
0,     59660,0,        3421304661,0.0,2132
1,     59662,16899,        3421397016,0.0,0.0
0,     59664,0,        3421541905,0.0,2299
0,     59665,0,        3421541929,0.0,429
1,     59667,16900,        3421597016,0.0,0.0
1,     59669,16901,        3421797016,0.0,0.0
1,     59671,16902,        3421997020,0.0,0.0
1,     59673,16903,        3422197020,0.0,0.0
0,     59675,0,        3422239167,0.0,6038
1,     59677,16904,        3422397020,0.0,0.0
0,     59679,0,        3422474063,0.0,3537
0,     59681,0,        3422474349,0.0,787
0,     59683,0,        3422505926,0.0,3504
1,     59685,16905,        3422597024,0.0,0.0
1,     59687,16906,        3422797024,0.0,0.0
0,     59689,0,        3422889042,0.0,899
1,     59691,16907,        3422997024,0.0,0.0
0,     59693,0,        3423121769,0.0,5268
0,     59695,0,        3423131114,0.0,1165
0,     59697,0,        3423183491,0.0,217
1,     59699,16908,        3423197024,0.0,0.0
1,     59701,16909,        3423397028,0.0,0.0
1,     59703,16910,        3423597028,0.0,0.0
1,     59705,16911,        3423797028,0.0,0.0
0,     59707,0,        3423946233,0.0,250
1,     59709,16912,        3423997032,0.0,0.0
1,     59711,16913,        3424197032,0.0,0.0
1,     59713,16914,        3424397032,0.0,0.0
1,     59715,16915,        3424597036,0.0,0.0
1,     59717,16916,        3424797036,0.0,0.0
0,     59719,0,        3424915297,0.0,1086
1,     59721,16917,        3424997036,0.0,0.0
1,     59723,16918,        3425197036,0.0,0.0
1,     59725,16919,        3425397040,0.0,0.0
1,     59727,16920,        3425597040,0.0,0.0
1,     59729,16921,        3425797040,0.0,0.0
1,     59731,16922,        3425997044,0.0,0.0
0,     59733,0,        3426188380,0.0,2869
1,     59735,16923,        3426197044,0.0,0.0
0,     59737,0,        3426348868,0.0,3481
1,     59739,16924,        3426397044,0.0,0.0
0,     59741,0,        3426525586,0.0,5832
0,     59743,0,        3426596172,0.0,2283
1,     59745,16925,        3426597044,0.0,0.0
0,     59747,0,        3426666924,0.0,5159
0,     59748,0,        3426666951,0.0,2892
0,     59750,0,        3426771513,0.0,5454
1,     59752,16926,        3426797048,0.0,0.0
1,     59754,16927,        3426997048,0.0,0.0
0,     59756,0,        3427104248,0.0,4040
0,     59758,0,        3427159571,0.0,5675
1,     59760,16928,        3427197048,0.0,0.0
0,     59762,0,        3427251231,0.0,5094
1,     59764,16929,        3427397052,0.0,0.0
1,     59766,16930,        3427597052,0.0,0.0
0,     59768,0,        3427646332,0.0,3226
0,     59770,0,        3427686151,0.0,6100
0,     59772,0,        3427690692,0.0,1712
1,     59774,16931,        3427797052,0.0,0.0
1,     59776,16932,        3427997056,0.0,0.0
1,     59778,16933,        3428197056,0.0,0.0
0,     59780,0,        3428365111,0.0,5472
1,     59782,16934,        3428397056,0.0,0.0
1,     59784,16935,        3428597056,0.0,0.0
0,     59786,0,        3428741898,0.0,5659
1,     59788,16936,        3428797060,0.0,0.0
1,     59790,16937,        3428997060,0.0,0.0
1,     59792,16938,        3429197060,0.0,0.0
1,     59794,16939,        3429397064,0.0,0.0
0,     59796,0,        3429442968,0.0,4737
1,     59798,16940,        3429597064,0.0,0.0
1,     59800,16941,        3429797064,0.0,0.0
0,     59802,0,        3429902757,0.0,5309
1,     59804,16942,        3429997068,0.0,0.0
0,     59806,0,        3430025236,0.0,3682
0,     59808,0,        3430140642,0.0,352
1,     59810,16943,        3430197068,0.0,0.0
1,     59812,16944,        3430397068,0.0,0.0
1,     59814,16945,        3430597068,0.0,0.0
0,     59816,0,        3430790228,0.0,3756
1,     59818,16946,        3430797072,0.0,0.0
0,     59820,0,        3430862544,0.0,542
1,     59822,16947,        3430997072,0.0,0.0
0,     59824,0,        3431039240,0.0,4290
1,     59826,16948,        3431197072,0.0,0.0
1,     59828,16949,        3431397076,0.0,0.0
1,     59830,16950,        3431597076,0.0,0.0
0,     59832,0,        3431666285,0.0,4550
0,     59834,0,        3431748592,0.0,5242
1,     59836,16951,        3431797076,0.0,0.0
1,     59838,16952,        3431997080,0.0,0.0
0,     59840,0,        3432094434,0.0,3958
1,     59842,16953,        3432197080,0.0,0.0
1,     59844,16954,        3432397080,0.0,0.0
0,     59846,0,        3432434306,0.0,1665
0,     59848,0,        3432486648,0.0,737
1,     59850,16955,        3432597080,0.0,0.0
0,     59852,0,        3432603417,0.0,5673
0,     59853,0,        3432603419,0.0,4418
0,     59855,0,        3432674015,0.0,5664
1,     59857,16956,        3432797084,0.0,0.0
0,     59859,0,        3432853032,0.0,4310
0,     59861,0,        3432911858,0.0,5063
0,     59863,0,        3432911954,0.0,2042
0,     59865,0,        3432981050,0.0,2839
1,     59867,16957,        3432997084,0.0,0.0
1,     59869,16958,        3433197084,0.0,0.0
1,     59871,16959,        3433397088,0.0,0.0
1,     59873,16960,        3433597088,0.0,0.0
1,     59875,16961,        3433797088,0.0,0.0
1,     59877,16962,        3433997092,0.0,0.0
1,     59879,16963,        3434197092,0.0,0.0
1,     59881,16964,        3434397092,0.0,0.0
1,     59883,16965,        3434597092,0.0,0.0
0,     59885,0,        3434747400,0.0,1207
1,     59887,16966,        3434797096,0.0,0.0
0,     59889,0,        3434941172,0.0,2963
1,     59891,16967,        3434997096,0.0,0.0
1,     59893,16968,        3435197096,0.0,0.0
1,     59895,16969,        3435397100,0.0,0.0
1,     59897,16970,        3435597100,0.0,0.0
0,     59899,0,        3435617039,0.0,4625
0,     59900,0,        3435617051,0.0,1760
0,     59902,0,        3435786007,0.0,3202
1,     59904,16971,        3435797100,0.0,0.0
1,     59906,16972,        3435997100,0.0,0.0
1,     59908,16973,        3436197104,0.0,0.0
0,     59910,0,        3436228987,0.0,3806
1,     59912,16974,        3436397104,0.0,0.0
1,     59914,16975,        3436597104,0.0,0.0
1,     59916,16976,        3436797108,0.0,0.0
0,     59918,0,        3436960250,0.0,1949
1,     59920,16977,        3436997108,0.0,0.0
0,     59922,0,        3437093147,0.0,1588
1,     59924,16978,        3437197108,0.0,0.0
0,     59926,0,        3437339545,0.0,6063
1,     59928,16979,        3437397112,0.0,0.0
0,     59930,0,        3437519012,0.0,1336
1,     59932,16980,        3437597112,0.0,0.0
0,     59934,0,        3437605301,0.0,2446
1,     59936,16981,        3437797112,0.0,0.0
1,     59938,16982,        3437997112,0.0,0.0
0,     59940,0,        3438085142,0.0,4479
0,     59942,0,        3438163415,0.0,1747
0,     59944,0,        3438164574,0.0,4912
0,     59946,0,        3438179570,0.0,5054
1,     59948,16983,        3438197116,0.0,0.0
1,     59950,16984,        3438397116,0.0,0.0
0,     59952,0,        3438587548,0.0,5293
1,     59954,16985,        3438597116,0.0,0.0
1,     59956,16986,        3438797120,0.0,0.0
1,     59958,16987,        3438997120,0.0,0.0
0,     59960,0,        3439006056,0.0,3473
0,     59962,0,        3439057497,0.0,5597
0,     59964,0,        3439154017,0.0,5835
1,     59966,16988,        3439197120,0.0,0.0
0,     59968,0,        3439229723,0.0,4151
1,     59970,16989,        3439397124,0.0,0.0
0,     59972,0,        3439554628,0.0,4715
1,     59974,16990,        3439597124,0.0,0.0
1,     59976,16991,        3439797124,0.0,0.0
0,     59978,0,        3439910395,0.0,906
1,     59980,16992,        3439997124,0.0,0.0
1,     59982,16993,        3440197128,0.0,0.0
0,     59984,0,        3440288854,0.0,1877
1,     59986,16994,        3440397128,0.0,0.0
0,     59988,0,        3440592604,0.0,1367
1,     59990,16995,        3440597128,0.0,0.0
0,     59992,0,        3440673400,0.0,4213
1,     59994,16996,        3440797132,0.0,0.0
0,     59996,0,        3440832426,0.0,1425
1,     59998,16997,        3440997132,0.0,0.0
1,     60000,16998,        3441197132,0.0,0.0
0,     60002,0,        3441244120,0.0,5653
1,     60004,16999,        3441397136,0.0,0.0
1,     60006,17000,        3441597136,0.0,0.0
1,     60008,17001,        3441797136,0.0,0.0
0,     60010,0,        3441995957,0.0,4107
1,     60012,17002,        3441997136,0.0,0.0
0,     60014,0,        3442044266,0.0,3069
1,     60016,17003,        3442197140,0.0,0.0
0,     60018,0,        3442387551,0.0,5985
1,     60020,17004,        3442397140,0.0,0.0
1,     60022,17005,        3442597140,0.0,0.0
0,     60024,0,        3442648736,0.0,4219
1,     60026,17006,        3442797144,0.0,0.0
0,     60028,0,        3442842122,0.0,5972
1,     60030,17007,        3442997144,0.0,0.0
1,     60032,17008,        3443197144,0.0,0.0
0,     60034,0,        3443283452,0.0,2423
1,     60036,17009,        3443397148,0.0,0.0
0,     60038,0,        3443540553,0.0,3021
1,     60040,17010,        3443597148,0.0,0.0
0,     60042,0,        3443620906,0.0,361
1,     60044,17011,        3443797148,0.0,0.0
1,     60046,17012,        3443997148,0.0,0.0
0,     60048,0,        3444161328,0.0,3558
1,     60050,17013,        3444197152,0.0,0.0
0,     60052,0,        3444222681,0.0,3544
1,     60054,17014,        3444397152,0.0,0.0
0,     60056,0,        3444535945,0.0,2213
0,     60057,0,        3444535950,0.0,921
1,     60059,17015,        3444597152,0.0,0.0
0,     60061,0,        3444679106,0.0,4235
1,     60063,17016,        3444797156,0.0,0.0
1,     60065,17017,        3444997156,0.0,0.0
0,     60067,0,        3445046516,0.0,5903
1,     60069,17018,        3445197156,0.0,0.0
0,     60071,0,        3445253312,0.0,3248
0,     60073,0,        3445278173,0.0,168
1,     60075,17019,        3445397156,0.0,0.0
0,     60077,0,        3445484592,0.0,3816
0,     60079,0,        3445557071,0.0,3964
1,     60081,17020,        3445597160,0.0,0.0
1,     60083,17021,        3445797160,0.0,0.0
0,     60085,0,        3445916116,0.0,1819
1,     60087,17022,        3445997160,0.0,0.0
0,     60089,0,        3446006785,0.0,644
0,     60091,0,        3446063336,0.0,4860
0,     60093,0,        3446112593,0.0,4783
1,     60095,17023,        3446197164,0.0,0.0
1,     60097,17024,        3446397164,0.0,0.0
0,     60099,0,        3446431458,0.0,3449
0,     60101,0,        3446472272,0.0,1071
1,     60103,17025,        3446597164,0.0,0.0
0,     60105,0,        3446703543,0.0,1283
0,     60107,0,        3446776758,0.0,1768
1,     60109,17026,        3446797168,0.0,0.0
1,     60111,17027,        3446997168,0.0,0.0
0,     60113,0,        3447149673,0.0,2194
1,     60115,17028,        3447197168,0.0,0.0
1,     60117,17029,        3447397168,0.0,0.0
1,     60119,17030,        3447597172,0.0,0.0
0,     60121,0,        3447665347,0.0,4343
0,     60123,0,        3447665741,0.0,2230
0,     60125,0,        3447761620,0.0,2096
1,     60127,17031,        3447797172,0.0,0.0
0,     60129,0,        3447929194,0.0,6020
0,     60131,0,        3447988223,0.0,1628
1,     60133,17032,        3447997172,0.0,0.0
0,     60135,0,        3448034196,0.0,1456
1,     60137,17033,        3448197176,0.0,0.0
0,     60139,0,        3448297779,0.0,3397
0,     60141,0,        3448367535,0.0,303
1,     60143,17034,        3448397176,0.0,0.0
0,     60145,0,        3448537579,0.0,3393
0,     60147,0,        3448551483,0.0,3466
1,     60149,17035,        3448597176,0.0,0.0
0,     60151,0,        3448776495,0.0,5307
1,     60153,17036,        3448797180,0.0,0.0
1,     60155,17037,        3448997180,0.0,0.0
1,     60157,17038,        3449197180,0.0,0.0
1,     60159,17039,        3449397180,0.0,0.0
0,     60161,0,        3449585799,0.0,4833
1,     60163,17040,        3449597184,0.0,0.0
1,     60165,17041,        3449797184,0.0,0.0
1,     60167,17042,        3449997184,0.0,0.0
1,     60169,17043,        3450197188,0.0,0.0
0,     60171,0,        3450200751,0.0,2294
1,     60173,17044,        3450397188,0.0,0.0
1,     60175,17045,        3450597188,0.0,0.0
1,     60177,17046,        3450797192,0.0,0.0
1,     60179,17047,        3450997192,0.0,0.0
1,     60181,17048,        3451197192,0.0,0.0
0,     60183,0,        3451207032,0.0,1528
0,     60185,0,        3451270317,0.0,3235
1,     60187,17049,        3451397192,0.0,0.0
1,     60189,17050,        3451597196,0.0,0.0
0,     60191,0,        3451613415,0.0,5373
1,     60193,17051,        3451797196,0.0,0.0
1,     60195,17052,        3451997196,0.0,0.0
1,     60197,17053,        3452197200,0.0,0.0
0,     60199,0,        3452223121,0.0,4833
1,     60201,17054,        3452397200,0.0,0.0
1,     60203,17055,        3452597200,0.0,0.0
1,     60205,17056,        3452797200,0.0,0.0
0,     60207,0,        3452821708,0.0,3316
0,     60209,0,        3452847370,0.0,3565
1,     60211,17057,        3452997204,0.0,0.0
1,     60213,17058,        3453197204,0.0,0.0
0,     60215,0,        3453275086,0.0,3114
0,     60217,0,        3453344184,0.0,5276
0,     60219,0,        3453377944,0.0,1863
1,     60221,17059,        3453397204,0.0,0.0
0,     60223,0,        3453486693,0.0,4844
1,     60225,17060,        3453597208,0.0,0.0
1,     60227,17061,        3453797208,0.0,0.0
1,     60229,17062,        3453997208,0.0,0.0
1,     60231,17063,        3454197212,0.0,0.0
0,     60233,0,        3454274683,0.0,1847
0,     60234,0,        3454274784,0.0,4603
1,     60236,17064,        3454397212,0.0,0.0
1,     60238,17065,        3454597212,0.0,0.0
1,     60240,17066,        3454797212,0.0,0.0
0,     60242,0,        3454921807,0.0,5415
1,     60244,17067,        3454997216,0.0,0.0
0,     60246,0,        3455000234,0.0,2926
0,     60247,0,        3455000273,0.0,6064
0,     60249,0,        3455043896,0.0,4269
1,     60251,17068,        3455197216,0.0,0.0
0,     60253,0,        3455313417,0.0,4076
0,     60255,0,        3455387172,0.0,337
1,     60257,17069,        3455397216,0.0,0.0
0,     60259,0,        3455556912,0.0,281
1,     60261,17070,        3455597220,0.0,0.0
1,     60263,17071,        3455797220,0.0,0.0
1,     60265,17072,        3455997220,0.0,0.0
1,     60267,17073,        3456197224,0.0,0.0
0,     60269,0,        3456320560,0.0,4526
0,     60270,0,        3456320697,0.0,3893
0,     60272,0,        3456321987,0.0,5773
0,     60274,0,        3456338332,0.0,1855
0,     60276,0,        3456347769,0.0,1733
1,     60278,17074,        3456397224,0.0,0.0
0,     60280,0,        3456498585,0.0,3055
1,     60282,17075,        3456597224,0.0,0.0
1,     60284,17076,        3456797224,0.0,0.0
0,     60286,0,        3456926047,0.0,4934
1,     60288,17077,        3456997228,0.0,0.0
0,     60290,0,        3457007386,0.0,3400
1,     60292,17078,        3457197228,0.0,0.0
1,     60294,17079,        3457397228,0.0,0.0
0,     60296,0,        3457447644,0.0,5897
1,     60298,17080,        3457597232,0.0,0.0
1,     60300,17081,        3457797232,0.0,0.0
0,     60302,0,        3457820487,0.0,1494
1,     60304,17082,        3457997232,0.0,0.0
0,     60306,0,        3458074119,0.0,719
0,     60308,0,        3458163788,0.0,1803
1,     60310,17083,        3458197236,0.0,0.0
0,     60312,0,        3458260110,0.0,2952
0,     60313,0,        3458260508,0.0,1720
1,     60315,17084,        3458397236,0.0,0.0
1,     60317,17085,        3458597236,0.0,0.0
1,     60319,17086,        3458797236,0.0,0.0
0,     60321,0,        3458837569,0.0,2812
1,     60323,17087,        3458997240,0.0,0.0
1,     60325,17088,        3459197240,0.0,0.0
1,     60327,17089,        3459397240,0.0,0.0
0,     60329,0,        3459428811,0.0,3423
1,     60331,17090,        3459597244,0.0,0.0
0,     60333,0,        3459773970,0.0,4360
1,     60335,17091,        3459797244,0.0,0.0
1,     60337,17092,        3459997244,0.0,0.0
0,     60339,0,        3460149583,0.0,4218
1,     60341,17093,        3460197248,0.0,0.0
1,     60343,17094,        3460397248,0.0,0.0
0,     60345,0,        3460489828,0.0,828
1,     60347,17095,        3460597248,0.0,0.0
1,     60349,17096,        3460797248,0.0,0.0
1,     60351,17097,        3460997252,0.0,0.0
1,     60353,17098,        3461197252,0.0,0.0
1,     60355,17099,        3461397252,0.0,0.0
0,     60357,0,        3461414628,0.0,5547
0,     60359,0,        3461514861,0.0,622
1,     60361,17100,        3461597256,0.0,0.0
1,     60363,17101,        3461797256,0.0,0.0
1,     60365,17102,        3461997256,0.0,0.0
1,     60367,17103,        3462197256,0.0,0.0
0,     60369,0,        3462330736,0.0,210
1,     60371,17104,        3462397260,0.0,0.0
0,     60372,0,        3462397443,0.0,4784
1,     60374,17105,        3462597260,0.0,0.0
0,     60376,0,        3462606488,0.0,5526
0,     60377,0,        3462606834,0.0,5911
1,     60379,17106,        3462797260,0.0,0.0
0,     60381,0,        3462933627,0.0,471
1,     60383,17107,        3462997264,0.0,0.0
0,     60385,0,        3463041644,0.0,2488
0,     60387,0,        3463115910,0.0,5433
1,     60389,17108,        3463197264,0.0,0.0
0,     60391,0,        3463383791,0.0,3001
1,     60393,17109,        3463397264,0.0,0.0
0,     60395,0,        3463515774,0.0,3315
1,     60397,17110,        3463597268,0.0,0.0
0,     60399,0,        3463785610,0.0,3682
1,     60401,17111,        3463797268,0.0,0.0
1,     60403,17112,        3463997268,0.0,0.0
0,     60405,0,        3464094102,0.0,1065
1,     60407,17113,        3464197268,0.0,0.0
1,     60409,17114,        3464397272,0.0,0.0
1,     60411,17115,        3464597272,0.0,0.0
0,     60413,0,        3464783150,0.0,144
1,     60415,17116,        3464797272,0.0,0.0
1,     60417,17117,        3464997276,0.0,0.0
0,     60419,0,        3465062794,0.0,3682
1,     60421,17118,        3465197276,0.0,0.0
0,     60423,0,        3465313980,0.0,4499
1,     60425,17119,        3465397276,0.0,0.0
0,     60427,0,        3465438341,0.0,3433
1,     60429,17120,        3465597280,0.0,0.0
0,     60431,0,        3465609011,0.0,447
1,     60433,17121,        3465797280,0.0,0.0
1,     60435,17122,        3465997280,0.0,0.0
0,     60437,0,        3466111862,0.0,5653
1,     60439,17123,        3466197280,0.0,0.0
1,     60441,17124,        3466397284,0.0,0.0
0,     60443,0,        3466587933,0.0,2099
1,     60445,17125,        3466597284,0.0,0.0
1,     60447,17126,        3466797284,0.0,0.0
0,     60449,0,        3466937401,0.0,3387
1,     60451,17127,        3466997288,0.0,0.0
0,     60453,0,        3467151228,0.0,2256
1,     60455,17128,        3467197288,0.0,0.0
0,     60457,0,        3467295853,0.0,1138
0,     60459,0,        3467321920,0.0,2362
0,     60461,0,        3467324246,0.0,656
1,     60463,17129,        3467397288,0.0,0.0
0,     60465,0,        3467470564,0.0,4609
1,     60467,17130,        3467597292,0.0,0.0
1,     60469,17131,        3467797292,0.0,0.0
0,     60471,0,        3467971901,0.0,3332
1,     60473,17132,        3467997292,0.0,0.0
1,     60475,17133,        3468197292,0.0,0.0
1,     60477,17134,        3468397296,0.0,0.0
0,     60479,0,        3468550863,0.0,150
1,     60481,17135,        3468597296,0.0,0.0
0,     60483,0,        3468765720,0.0,5905
1,     60485,17136,        3468797296,0.0,0.0
0,     60487,0,        3468832946,0.0,2948
0,     60488,0,        3468832987,0.0,4321
1,     60490,17137,        3468997300,0.0,0.0
0,     60492,0,        3469160940,0.0,1263
1,     60494,17138,        3469197300,0.0,0.0
1,     60496,17139,        3469397300,0.0,0.0
1,     60498,17140,        3469597300,0.0,0.0
0,     60500,0,        3469651984,0.0,1936
0,     60502,0,        3469653541,0.0,5069
0,     60504,0,        3469687662,0.0,5828
1,     60506,17141,        3469797304,0.0,0.0
1,     60508,17142,        3469997304,0.0,0.0
0,     60510,0,        3470118492,0.0,5794
0,     60511,0,        3470118779,0.0,1164
1,     60513,17143,        3470197304,0.0,0.0
1,     60515,17144,        3470397308,0.0,0.0
1,     60517,17145,        3470597308,0.0,0.0
1,     60519,17146,        3470797308,0.0,0.0
0,     60521,0,        3470927425,0.0,1795
1,     60523,17147,        3470997312,0.0,0.0
1,     60525,17148,        3471197312,0.0,0.0
1,     60527,17149,        3471397312,0.0,0.0
0,     60529,0,        3471432723,0.0,2245
1,     60531,17150,        3471597312,0.0,0.0
1,     60533,17151,        3471797316,0.0,0.0
0,     60535,0,        3471894410,0.0,3015
0,     60537,0,        3471935249,0.0,3418
0,     60539,0,        3471974064,0.0,2371
1,     60541,17152,        3471997316,0.0,0.0
0,     60543,0,        3472021002,0.0,3373
1,     60545,17153,        3472197316,0.0,0.0
0,     60547,0,        3472241245,0.0,3832
1,     60549,17154,        3472397320,0.0,0.0
0,     60551,0,        3472553953,0.0,1245
0,     60553,0,        3472567285,0.0,5065
1,     60555,17155,        3472597320,0.0,0.0
0,     60557,0,        3472666413,0.0,3395
0,     60559,0,        3472787599,0.0,1462
1,     60561,17156,        3472797320,0.0,0.0
1,     60563,17157,        3472997324,0.0,0.0
0,     60565,0,        3473093349,0.0,2057
1,     60567,17158,        3473197324,0.0,0.0
1,     60569,17159,        3473397324,0.0,0.0
1,     60571,17160,        3473597324,0.0,0.0
1,     60573,17161,        3473797328,0.0,0.0
0,     60575,0,        3473897304,0.0,238
1,     60577,17162,        3473997328,0.0,0.0
0,     60579,0,        3474192417,0.0,4521
1,     60581,17163,        3474197328,0.0,0.0
1,     60583,17164,        3474397332,0.0,0.0
0,     60585,0,        3474589137,0.0,1835
1,     60587,17165,        3474597332,0.0,0.0
1,     60589,17166,        3474797332,0.0,0.0
0,     60591,0,        3474952560,0.0,3555
1,     60593,17167,        3474997336,0.0,0.0
0,     60595,0,        3475021352,0.0,454
1,     60597,17168,        3475197336,0.0,0.0
1,     60599,17169,        3475397336,0.0,0.0
0,     60601,0,        3475586349,0.0,5090
1,     60603,17170,        3475597336,0.0,0.0
1,     60605,17171,        3475797340,0.0,0.0
1,     60607,17172,        3475997340,0.0,0.0
1,     60609,17173,        3476197340,0.0,0.0
1,     60611,17174,        3476397344,0.0,0.0
1,     60613,17175,        3476597344,0.0,0.0
0,     60615,0,        3476741655,0.0,5201
1,     60617,17176,        3476797344,0.0,0.0
1,     60619,17177,        3476997348,0.0,0.0
1,     60621,17178,        3477197348,0.0,0.0
0,     60623,0,        3477217617,0.0,342
1,     60625,17179,        3477397348,0.0,0.0
0,     60627,0,        3477434584,0.0,736
1,     60629,17180,        3477597348,0.0,0.0
1,     60631,17181,        3477797352,0.0,0.0
0,     60633,0,        3477803058,0.0,386
1,     60635,17182,        3477997352,0.0,0.0
0,     60637,0,        3478112051,0.0,2781
0,     60639,0,        3478117283,0.0,1571
1,     60641,17183,        3478197352,0.0,0.0
1,     60643,17184,        3478397356,0.0,0.0
1,     60645,17185,        3478597356,0.0,0.0
1,     60647,17186,        3478797356,0.0,0.0
0,     60649,0,        3478844461,0.0,2038
1,     60651,17187,        3478997356,0.0,0.0
0,     60653,0,        3479111393,0.0,3546
0,     60655,0,        3479129325,0.0,3547
1,     60657,17188,        3479197360,0.0,0.0
1,     60659,17189,        3479397360,0.0,0.0
0,     60661,0,        3479587061,0.0,4130
1,     60663,17190,        3479597360,0.0,0.0
0,     60665,0,        3479666376,0.0,5776
1,     60667,17191,        3479797364,0.0,0.0
0,     60669,0,        3479976954,0.0,802
1,     60671,17192,        3479997364,0.0,0.0
1,     60673,17193,        3480197364,0.0,0.0
1,     60675,17194,        3480397368,0.0,0.0
1,     60677,17195,        3480597368,0.0,0.0
1,     60679,17196,        3480797368,0.0,0.0
0,     60681,0,        3480925831,0.0,2776
1,     60683,17197,        3480997368,0.0,0.0
1,     60685,17198,        3481197372,0.0,0.0
0,     60687,0,        3481244488,0.0,4628
1,     60689,17199,        3481397372,0.0,0.0
0,     60691,0,        3481539600,0.0,3509
0,     60693,0,        3481566502,0.0,1772
1,     60695,17200,        3481597372,0.0,0.0
0,     60697,0,        3481710972,0.0,5127
0,     60699,0,        3481749486,0.0,3217
1,     60701,17201,        3481797376,0.0,0.0
1,     60703,17202,        3481997376,0.0,0.0
0,     60705,0,        3482023221,0.0,1629
0,     60707,0,        3482024144,0.0,738
1,     60709,17203,        3482197376,0.0,0.0
1,     60711,17204,        3482397380,0.0,0.0
0,     60713,0,        3482433400,0.0,1309
1,     60715,17205,        3482597380,0.0,0.0
1,     60717,17206,        3482797380,0.0,0.0
0,     60719,0,        3482842464,0.0,5205
1,     60721,17207,        3482997380,0.0,0.0
0,     60723,0,        3483007674,0.0,3722
0,     60725,0,        3483170738,0.0,619
1,     60727,17208,        3483197384,0.0,0.0
0,     60729,0,        3483343187,0.0,3356
1,     60731,17209,        3483397384,0.0,0.0
0,     60733,0,        3483477060,0.0,143
1,     60735,17210,        3483597384,0.0,0.0
0,     60737,0,        3483651767,0.0,6005
1,     60739,17211,        3483797388,0.0,0.0
1,     60741,17212,        3483997388,0.0,0.0
0,     60743,0,        3484055294,0.0,4020
0,     60745,0,        3484175982,0.0,843
1,     60747,17213,        3484197388,0.0,0.0
1,     60749,17214,        3484397392,0.0,0.0
1,     60751,17215,        3484597392,0.0,0.0
1,     60753,17216,        3484797392,0.0,0.0
1,     60755,17217,        3484997392,0.0,0.0
1,     60757,17218,        3485197396,0.0,0.0
1,     60759,17219,        3485397396,0.0,0.0
0,     60761,0,        3485496945,0.0,2093
0,     60762,0,        3485497045,0.0,2621
1,     60764,17220,        3485597396,0.0,0.0
0,     60766,0,        3485636275,0.0,5002
0,     60768,0,        3485672417,0.0,3717
1,     60770,17221,        3485797400,0.0,0.0
0,     60772,0,        3485907161,0.0,2279
1,     60774,17222,        3485997400,0.0,0.0
0,     60776,0,        3486170242,0.0,6098
1,     60778,17223,        3486197400,0.0,0.0
0,     60780,0,        3486299900,0.0,802
0,     60782,0,        3486367693,0.0,3832
1,     60784,17224,        3486397404,0.0,0.0
1,     60786,17225,        3486597404,0.0,0.0
0,     60788,0,        3486666290,0.0,1780
1,     60790,17226,        3486797404,0.0,0.0
0,     60792,0,        3486886803,0.0,4943
1,     60794,17227,        3486997404,0.0,0.0
0,     60796,0,        3487117541,0.0,4454
0,     60798,0,        3487136319,0.0,5086
1,     60800,17228,        3487197408,0.0,0.0
0,     60802,0,        3487217580,0.0,3737
0,     60804,0,        3487309700,0.0,1788
0,     60806,0,        3487345686,0.0,4237
0,     60807,0,        3487346018,0.0,4611
1,     60809,17229,        3487397408,0.0,0.0
0,     60811,0,        3487429355,0.0,1527
1,     60813,17230,        3487597408,0.0,0.0
0,     60815,0,        3487668044,0.0,1360
0,     60817,0,        3487695088,0.0,6078
1,     60819,17231,        3487797412,0.0,0.0
1,     60821,17232,        3487997412,0.0,0.0
0,     60823,0,        3488137170,0.0,4812
1,     60825,17233,        3488197412,0.0,0.0
1,     60827,17234,        3488397412,0.0,0.0
1,     60829,17235,        3488597416,0.0,0.0
0,     60831,0,        3488636608,0.0,3576
1,     60833,17236,        3488797416,0.0,0.0
0,     60835,0,        3488838786,0.0,2448
1,     60837,17237,        3488997416,0.0,0.0
1,     60839,17238,        3489197420,0.0,0.0
0,     60841,0,        3489228500,0.0,749
0,     60843,0,        3489272365,0.0,1815
0,     60845,0,        3489297167,0.0,1152
1,     60847,17239,        3489397420,0.0,0.0
1,     60849,17240,        3489597420,0.0,0.0
1,     60851,17241,        3489797424,0.0,0.0
1,     60853,17242,        3489997424,0.0,0.0
1,     60855,17243,        3490197424,0.0,0.0
0,     60857,0,        3490368841,0.0,4973
1,     60859,17244,        3490397424,0.0,0.0
0,     60861,0,        3490471009,0.0,1234
0,     60863,0,        3490533363,0.0,5622
1,     60865,17245,        3490597428,0.0,0.0
0,     60867,0,        3490770601,0.0,3159
1,     60869,17246,        3490797428,0.0,0.0
0,     60871,0,        3490851248,0.0,6234
0,     60873,0,        3490854114,0.0,3804
0,     60875,0,        3490915351,0.0,2279
1,     60877,17247,        3490997428,0.0,0.0
0,     60879,0,        3491030289,0.0,3466
0,     60881,0,        3491073669,0.0,2923
0,     60883,0,        3491078308,0.0,121
1,     60885,17248,        3491197432,0.0,0.0
1,     60887,17249,        3491397432,0.0,0.0
0,     60889,0,        3491443715,0.0,88
1,     60891,17250,        3491597432,0.0,0.0
0,     60893,0,        3491795346,0.0,2225
1,     60895,17251,        3491797436,0.0,0.0
1,     60897,17252,        3491997436,0.0,0.0
0,     60899,0,        3492061864,0.0,4992
1,     60901,17253,        3492197436,0.0,0.0
1,     60903,17254,        3492397436,0.0,0.0
1,     60905,17255,        3492597440,0.0,0.0
1,     60907,17256,        3492797440,0.0,0.0
1,     60909,17257,        3492997440,0.0,0.0
1,     60911,17258,        3493197444,0.0,0.0
1,     60913,17259,        3493397444,0.0,0.0
1,     60915,17260,        3493597444,0.0,0.0
0,     60917,0,        3493670739,0.0,4783
1,     60919,17261,        3493797448,0.0,0.0
1,     60921,17262,        3493997448,0.0,0.0
0,     60923,0,        3494154949,0.0,4556
1,     60925,17263,        3494197448,0.0,0.0
1,     60927,17264,        3494397448,0.0,0.0
0,     60929,0,        3494406908,0.0,4698
1,     60931,17265,        3494597452,0.0,0.0
0,     60933,0,        3494687756,0.0,2306
0,     60935,0,        3494759693,0.0,5949
1,     60937,17266,        3494797452,0.0,0.0
0,     60939,0,        3494840711,0.0,1065
1,     60941,17267,        3494997452,0.0,0.0
1,     60943,17268,        3495197456,0.0,0.0
0,     60945,0,        3495249428,0.0,514
0,     60946,0,        3495249914,0.0,815
1,     60948,17269,        3495397456,0.0,0.0
0,     60950,0,        3495451212,0.0,5467
0,     60952,0,        3495459432,0.0,3673
0,     60954,0,        3495574605,0.0,2585
0,     60956,0,        3495584766,0.0,4548
1,     60958,17270,        3495597456,0.0,0.0
1,     60960,17271,        3495797460,0.0,0.0
0,     60962,0,        3495848652,0.0,4025
1,     60964,17272,        3495997460,0.0,0.0
0,     60966,0,        3496010620,0.0,5892
0,     60968,0,        3496094738,0.0,782
0,     60970,0,        3496131312,0.0,3451
1,     60972,17273,        3496197460,0.0,0.0
1,     60974,17274,        3496397460,0.0,0.0
1,     60976,17275,        3496597464,0.0,0.0
1,     60978,17276,        3496797464,0.0,0.0
1,     60980,17277,        3496997464,0.0,0.0
0,     60982,0,        3497165032,0.0,280
1,     60984,17278,        3497197468,0.0,0.0
1,     60986,17279,        3497397468,0.0,0.0
1,     60988,17280,        3497597468,0.0,0.0
1,     60990,17281,        3497797468,0.0,0.0
0,     60992,0,        3497970562,0.0,4997
0,     60994,0,        3497976412,0.0,2107
1,     60996,17282,        3497997472,0.0,0.0
0,     60998,0,        3498144399,0.0,5555
1,     61000,17283,        3498197472,0.0,0.0
1,     61002,17284,        3498397472,0.0,0.0
1,     61004,17285,        3498597476,0.0,0.0
0,     61006,0,        3498672506,0.0,4288
1,     61008,17286,        3498797476,0.0,0.0
1,     61010,17287,        3498997476,0.0,0.0
0,     61012,0,        3499031556,0.0,4614
1,     61014,17288,        3499197480,0.0,0.0
1,     61016,17289,        3499397480,0.0,0.0
1,     61018,17290,        3499597480,0.0,0.0
1,     61020,17291,        3499797480,0.0,0.0
0,     61022,0,        3499842559,0.0,2379
0,     61024,0,        3499915349,0.0,4290
0,     61026,0,        3499986083,0.0,3509
1,     61028,17292,        3499997484,0.0,0.0
0,     61030,0,        3500046499,0.0,250
0,     61032,0,        3500181628,0.0,3424
1,     61034,17293,        3500197484,0.0,0.0
0,     61036,0,        3500232866,0.0,3083
1,     61038,17294,        3500397484,0.0,0.0
1,     61040,17295,        3500597488,0.0,0.0
0,     61042,0,        3500635721,0.0,1996
0,     61044,0,        3500755229,0.0,60
1,     61046,17296,        3500797488,0.0,0.0
1,     61048,17297,        3500997488,0.0,0.0
1,     61050,17298,        3501197492,0.0,0.0
1,     61052,17299,        3501397492,0.0,0.0
0,     61054,0,        3501470994,0.0,5362
1,     61056,17300,        3501597492,0.0,0.0
0,     61058,0,        3501648729,0.0,2691
1,     61060,17301,        3501797492,0.0,0.0
1,     61062,17302,        3501997496,0.0,0.0
0,     61064,0,        3502022402,0.0,5898
1,     61066,17303,        3502197496,0.0,0.0
1,     61068,17304,        3502397496,0.0,0.0
1,     61070,17305,        3502597500,0.0,0.0
1,     61072,17306,        3502797500,0.0,0.0
0,     61074,0,        3502814987,0.0,17
1,     61076,17307,        3502997500,0.0,0.0
1,     61078,17308,        3503197504,0.0,0.0
0,     61080,0,        3503356606,0.0,4527
1,     61082,17309,        3503397504,0.0,0.0
1,     61084,17310,        3503597504,0.0,0.0
1,     61086,17311,        3503797504,0.0,0.0
1,     61088,17312,        3503997508,0.0,0.0
0,     61090,0,        3504007422,0.0,5413
0,     61092,0,        3504084236,0.0,6011
0,     61094,0,        3504123860,0.0,3772
1,     61096,17313,        3504197508,0.0,0.0
0,     61098,0,        3504336915,0.0,3261
1,     61100,17314,        3504397508,0.0,0.0
1,     61102,17315,        3504597512,0.0,0.0
1,     61104,17316,        3504797512,0.0,0.0
1,     61106,17317,        3504997512,0.0,0.0
1,     61108,17318,        3505197516,0.0,0.0
1,     61110,17319,        3505397516,0.0,0.0
0,     61112,0,        3505411696,0.0,4734
0,     61113,0,        3505411937,0.0,716
0,     61115,0,        3505543132,0.0,3999
1,     61117,17320,        3505597516,0.0,0.0
1,     61119,17321,        3505797516,0.0,0.0
1,     61121,17322,        3505997520,0.0,0.0
1,     61123,17323,        3506197520,0.0,0.0
1,     61125,17324,        3506397520,0.0,0.0
0,     61127,0,        3506408933,0.0,3626
0,     61129,0,        3506415445,0.0,438
1,     61131,17325,        3506597524,0.0,0.0
0,     61133,0,        3506600697,0.0,1365
0,     61135,0,        3506679782,0.0,48
1,     61137,17326,        3506797524,0.0,0.0
1,     61139,17327,        3506997524,0.0,0.0
1,     61141,17328,        3507197524,0.0,0.0
0,     61143,0,        3507293489,0.0,3811
1,     61145,17329,        3507397528,0.0,0.0
1,     61147,17330,        3507597528,0.0,0.0
1,     61149,17331,        3507797528,0.0,0.0
1,     61151,17332,        3507997532,0.0,0.0
1,     61153,17333,        3508197532,0.0,0.0
1,     61155,17334,        3508397532,0.0,0.0
1,     61157,17335,        3508597536,0.0,0.0
0,     61159,0,        3508659913,0.0,5015
1,     61161,17336,        3508797536,0.0,0.0
1,     61163,17337,        3508997536,0.0,0.0
0,     61165,0,        3509003469,0.0,448
1,     61167,17338,        3509197536,0.0,0.0
1,     61169,17339,        3509397540,0.0,0.0
1,     61171,17340,        3509597540,0.0,0.0
0,     61173,0,        3509763910,0.0,3379
1,     61175,17341,        3509797540,0.0,0.0
0,     61177,0,        3509832402,0.0,5163
1,     61179,17342,        3509997544,0.0,0.0
1,     61181,17343,        3510197544,0.0,0.0
1,     61183,17344,        3510397544,0.0,0.0
1,     61185,17345,        3510597548,0.0,0.0
1,     61187,17346,        3510797548,0.0,0.0
1,     61189,17347,        3510997548,0.0,0.0
0,     61191,0,        3511078769,0.0,3797
1,     61193,17348,        3511197548,0.0,0.0
1,     61195,17349,        3511397552,0.0,0.0
0,     61197,0,        3511566115,0.0,5581
1,     61199,17350,        3511597552,0.0,0.0
0,     61201,0,        3511655611,0.0,903
1,     61203,17351,        3511797552,0.0,0.0
1,     61205,17352,        3511997556,0.0,0.0
0,     61207,0,        3512004257,0.0,826
1,     61209,17353,        3512197556,0.0,0.0
1,     61211,17354,        3512397556,0.0,0.0
0,     61213,0,        3512455470,0.0,2074
1,     61215,17355,        3512597560,0.0,0.0
1,     61217,17356,        3512797560,0.0,0.0
0,     61219,0,        3512923326,0.0,1433
0,     61221,0,        3512996320,0.0,1353
1,     61223,17357,        3512997560,0.0,0.0
0,     61225,0,        3513133463,0.0,5120
1,     61227,17358,        3513197560,0.0,0.0
1,     61229,17359,        3513397564,0.0,0.0
0,     61231,0,        3513502710,0.0,3818
1,     61233,17360,        3513597564,0.0,0.0
0,     61235,0,        3513776521,0.0,3470
0,     61237,0,        3513788720,0.0,2062
1,     61239,17361,        3513797564,0.0,0.0
0,     61241,0,        3513884455,0.0,2715
1,     61243,17362,        3513997568,0.0,0.0
1,     61245,17363,        3514197568,0.0,0.0
1,     61247,17364,        3514397568,0.0,0.0
0,     61249,0,        3514413109,0.0,903
0,     61251,0,        3514521677,0.0,4547
0,     61253,0,        3514571881,0.0,3595
0,     61255,0,        3514589293,0.0,6184
1,     61257,17365,        3514597572,0.0,0.0
1,     61259,17366,        3514797572,0.0,0.0
1,     61261,17367,        3514997572,0.0,0.0
1,     61263,17368,        3515197572,0.0,0.0
1,     61265,17369,        3515397576,0.0,0.0
1,     61267,17370,        3515597576,0.0,0.0
1,     61269,17371,        3515797576,0.0,0.0
1,     61271,17372,        3515997580,0.0,0.0
1,     61273,17373,        3516197580,0.0,0.0
0,     61275,0,        3516373735,0.0,1054
1,     61277,17374,        3516397580,0.0,0.0
0,     61279,0,        3516407280,0.0,4473
0,     61280,0,        3516407303,0.0,5069
0,     61282,0,        3516529812,0.0,723
0,     61284,0,        3516531312,0.0,3067
1,     61286,17375,        3516597580,0.0,0.0
0,     61288,0,        3516760623,0.0,4129
1,     61290,17376,        3516797584,0.0,0.0
1,     61292,17377,        3516997584,0.0,0.0
1,     61294,17378,        3517197584,0.0,0.0
1,     61296,17379,        3517397588,0.0,0.0
1,     61298,17380,        3517597588,0.0,0.0
0,     61300,0,        3517641932,0.0,4128
0,     61302,0,        3517756492,0.0,4077
1,     61304,17381,        3517797588,0.0,0.0
1,     61306,17382,        3517997592,0.0,0.0
1,     61308,17383,        3518197592,0.0,0.0
0,     61310,0,        3518259726,0.0,4481
0,     61311,0,        3518259941,0.0,735
0,     61313,0,        3518280097,0.0,414
1,     61315,17384,        3518397592,0.0,0.0
1,     61317,17385,        3518597592,0.0,0.0
0,     61319,0,        3518607083,0.0,188
0,     61321,0,        3518749157,0.0,942
1,     61323,17386,        3518797596,0.0,0.0
0,     61325,0,        3518825704,0.0,5891
1,     61327,17387,        3518997596,0.0,0.0
1,     61329,17388,        3519197596,0.0,0.0
0,     61331,0,        3519199598,0.0,1133
1,     61333,17389,        3519397600,0.0,0.0
1,     61335,17390,        3519597600,0.0,0.0
0,     61337,0,        3519790643,0.0,3289
1,     61339,17391,        3519797600,0.0,0.0
1,     61341,17392,        3519997604,0.0,0.0
0,     61343,0,        3520037652,0.0,4537
1,     61345,17393,        3520197604,0.0,0.0
1,     61347,17394,        3520397604,0.0,0.0
0,     61349,0,        3520436125,0.0,3598
0,     61351,0,        3520512085,0.0,785
1,     61353,17395,        3520597604,0.0,0.0
1,     61355,17396,        3520797608,0.0,0.0
0,     61357,0,        3520958596,0.0,877
0,     61359,0,        3520959911,0.0,4195
1,     61361,17397,        3520997608,0.0,0.0
0,     61363,0,        3521129706,0.0,3141
1,     61365,17398,        3521197608,0.0,0.0
0,     61367,0,        3521380172,0.0,3046
1,     61369,17399,        3521397612,0.0,0.0
1,     61371,17400,        3521597612,0.0,0.0
1,     61373,17401,        3521797612,0.0,0.0
0,     61375,0,        3521886442,0.0,510
1,     61377,17402,        3521997616,0.0,0.0
1,     61379,17403,        3522197616,0.0,0.0
0,     61381,0,        3522250500,0.0,134
0,     61383,0,        3522393157,0.0,5958
1,     61385,17404,        3522397616,0.0,0.0
1,     61387,17405,        3522597616,0.0,0.0
0,     61389,0,        3522680839,0.0,4212
1,     61391,17406,        3522797620,0.0,0.0
0,     61393,0,        3522815679,0.0,3452
1,     61395,17407,        3522997620,0.0,0.0
1,     61397,17408,        3523197620,0.0,0.0
0,     61399,0,        3523208691,0.0,2165
0,     61401,0,        3523252877,0.0,3412
1,     61403,17409,        3523397624,0.0,0.0
1,     61405,17410,        3523597624,0.0,0.0
1,     61407,17411,        3523797624,0.0,0.0
0,     61409,0,        3523845076,0.0,5730
0,     61411,0,        3523964346,0.0,2785
1,     61413,17412,        3523997628,0.0,0.0
0,     61415,0,        3524055293,0.0,894
1,     61417,17413,        3524197628,0.0,0.0
0,     61419,0,        3524333422,0.0,2144
1,     61421,17414,        3524397628,0.0,0.0
0,     61423,0,        3524493889,0.0,4350
0,     61424,0,        3524493948,0.0,3553
1,     61426,17415,        3524597628,0.0,0.0
1,     61428,17416,        3524797632,0.0,0.0
1,     61430,17417,        3524997632,0.0,0.0
0,     61432,0,        3525031328,0.0,3381
1,     61434,17418,        3525197632,0.0,0.0
0,     61436,0,        3525265686,0.0,3379
0,     61438,0,        3525311428,0.0,1150
1,     61440,17419,        3525397636,0.0,0.0
0,     61442,0,        3525435012,0.0,775
1,     61444,17420,        3525597636,0.0,0.0
1,     61446,17421,        3525797636,0.0,0.0
1,     61448,17422,        3525997636,0.0,0.0
1,     61450,17423,        3526197640,0.0,0.0
0,     61452,0,        3526318342,0.0,1335
1,     61454,17424,        3526397640,0.0,0.0
0,     61456,0,        3526402357,0.0,744
0,     61458,0,        3526517130,0.0,5074
1,     61460,17425,        3526597640,0.0,0.0
1,     61462,17426,        3526797644,0.0,0.0
0,     61464,0,        3526803273,0.0,2907
0,     61466,0,        3526855347,0.0,4771
0,     61468,0,        3526928821,0.0,5108
1,     61470,17427,        3526997644,0.0,0.0
0,     61472,0,        3527026551,0.0,4758
1,     61474,17428,        3527197644,0.0,0.0
1,     61476,17429,        3527397648,0.0,0.0
1,     61478,17430,        3527597648,0.0,0.0
1,     61480,17431,        3527797648,0.0,0.0
1,     61482,17432,        3527997648,0.0,0.0
0,     61484,0,        3528114520,0.0,256
1,     61486,17433,        3528197652,0.0,0.0
0,     61488,0,        3528263733,0.0,3320
1,     61490,17434,        3528397652,0.0,0.0
0,     61492,0,        3528418893,0.0,230
0,     61493,0,        3528419166,0.0,1695
1,     61495,17435,        3528597652,0.0,0.0
1,     61497,17436,        3528797656,0.0,0.0
0,     61499,0,        3528863758,0.0,4031
1,     61501,17437,        3528997656,0.0,0.0
0,     61503,0,        3529001528,0.0,2372
0,     61505,0,        3529011037,0.0,5087
0,     61507,0,        3529098789,0.0,1219
1,     61509,17438,        3529197656,0.0,0.0
1,     61511,17439,        3529397660,0.0,0.0
1,     61513,17440,        3529597660,0.0,0.0
0,     61515,0,        3529682498,0.0,4795
0,     61517,0,        3529795044,0.0,4304
1,     61519,17441,        3529797660,0.0,0.0
0,     61521,0,        3529935142,0.0,3301
1,     61523,17442,        3529997660,0.0,0.0
0,     61525,0,        3530010286,0.0,4443
0,     61527,0,        3530122509,0.0,1411
1,     61529,17443,        3530197664,0.0,0.0
0,     61531,0,        3530213646,0.0,3821
1,     61533,17444,        3530397664,0.0,0.0
1,     61535,17445,        3530597664,0.0,0.0
0,     61537,0,        3530754056,0.0,574
0,     61538,0,        3530754418,0.0,4019
1,     61540,17446,        3530797668,0.0,0.0
0,     61542,0,        3530896631,0.0,1229
1,     61544,17447,        3530997668,0.0,0.0
0,     61546,0,        3531033248,0.0,2064
1,     61548,17448,        3531197668,0.0,0.0
1,     61550,17449,        3531397672,0.0,0.0
1,     61552,17450,        3531597672,0.0,0.0
1,     61554,17451,        3531797672,0.0,0.0
0,     61556,0,        3531811591,0.0,1417
1,     61558,17452,        3531997672,0.0,0.0
1,     61560,17453,        3532197676,0.0,0.0
1,     61562,17454,        3532397676,0.0,0.0
0,     61564,0,        3532459745,0.0,4905
0,     61566,0,        3532521320,0.0,2230
0,     61568,0,        3532526055,0.0,304
0,     61570,0,        3532574695,0.0,2732
1,     61572,17455,        3532597676,0.0,0.0
0,     61574,0,        3532668403,0.0,3301
1,     61576,17456,        3532797680,0.0,0.0
1,     61578,17457,        3532997680,0.0,0.0
0,     61580,0,        3533090771,0.0,2287
1,     61582,17458,        3533197680,0.0,0.0
1,     61584,17459,        3533397684,0.0,0.0
0,     61586,0,        3533426579,0.0,854
1,     61588,17460,        3533597684,0.0,0.0
1,     61590,17461,        3533797684,0.0,0.0
1,     61592,17462,        3533997684,0.0,0.0
0,     61594,0,        3534107624,0.0,1939
1,     61596,17463,        3534197688,0.0,0.0
1,     61598,17464,        3534397688,0.0,0.0
0,     61600,0,        3534542979,0.0,2657
0,     61602,0,        3534548171,0.0,2813
1,     61604,17465,        3534597688,0.0,0.0
0,     61606,0,        3534667674,0.0,182
0,     61608,0,        3534689132,0.0,1613
1,     61610,17466,        3534797692,0.0,0.0
1,     61612,17467,        3534997692,0.0,0.0
0,     61614,0,        3535130015,0.0,443
1,     61616,17468,        3535197692,0.0,0.0
1,     61618,17469,        3535397692,0.0,0.0
0,     61620,0,        3535515212,0.0,1687
1,     61622,17470,        3535597696,0.0,0.0
0,     61624,0,        3535667510,0.0,5310
0,     61626,0,        3535708484,0.0,3579
1,     61628,17471,        3535797696,0.0,0.0
1,     61630,17472,        3535997696,0.0,0.0
1,     61632,17473,        3536197700,0.0,0.0
1,     61634,17474,        3536397700,0.0,0.0
1,     61636,17475,        3536597700,0.0,0.0
1,     61638,17476,        3536797704,0.0,0.0
0,     61640,0,        3536974291,0.0,3608
1,     61642,17477,        3536997704,0.0,0.0
0,     61644,0,        3537055203,0.0,564
0,     61646,0,        3537091171,0.0,5854
1,     61648,17478,        3537197704,0.0,0.0
1,     61650,17479,        3537397704,0.0,0.0
0,     61652,0,        3537560517,0.0,964
1,     61654,17480,        3537597708,0.0,0.0
0,     61656,0,        3537686812,0.0,3187
1,     61658,17481,        3537797708,0.0,0.0
0,     61660,0,        3537840837,0.0,924
0,     61662,0,        3537983038,0.0,2262
1,     61664,17482,        3537997708,0.0,0.0
1,     61666,17483,        3538197712,0.0,0.0
1,     61668,17484,        3538397712,0.0,0.0
1,     61670,17485,        3538597712,0.0,0.0
1,     61672,17486,        3538797716,0.0,0.0
1,     61674,17487,        3538997716,0.0,0.0
1,     61676,17488,        3539197716,0.0,0.0
0,     61678,0,        3539387637,0.0,1640
1,     61680,17489,        3539397716,0.0,0.0
0,     61682,0,        3539508307,0.0,1411
1,     61684,17490,        3539597720,0.0,0.0
1,     61686,17491,        3539797720,0.0,0.0
1,     61688,17492,        3539997720,0.0,0.0
1,     61690,17493,        3540197724,0.0,0.0
1,     61692,17494,        3540397724,0.0,0.0
0,     61694,0,        3540440795,0.0,3424
1,     61696,17495,        3540597724,0.0,0.0
1,     61698,17496,        3540797728,0.0,0.0
0,     61700,0,        3540970724,0.0,5069
1,     61702,17497,        3540997728,0.0,0.0
1,     61704,17498,        3541197728,0.0,0.0
0,     61706,0,        3541205745,0.0,1441
0,     61708,0,        3541247557,0.0,342
0,     61710,0,        3541272663,0.0,1050
0,     61712,0,        3541316118,0.0,3282
1,     61714,17499,        3541397728,0.0,0.0
0,     61716,0,        3541443590,0.0,1891
1,     61718,17500,        3541597732,0.0,0.0
1,     61720,17501,        3541797732,0.0,0.0
0,     61722,0,        3541988158,0.0,889
1,     61724,17502,        3541997732,0.0,0.0
1,     61726,17503,        3542197736,0.0,0.0
0,     61728,0,        3542331880,0.0,1794
1,     61730,17504,        3542397736,0.0,0.0
1,     61732,17505,        3542597736,0.0,0.0
0,     61734,0,        3542691873,0.0,1587
1,     61736,17506,        3542797740,0.0,0.0
0,     61738,0,        3542980200,0.0,834
1,     61740,17507,        3542997740,0.0,0.0
1,     61742,17508,        3543197740,0.0,0.0
1,     61744,17509,        3543397740,0.0,0.0
1,     61746,17510,        3543597744,0.0,0.0
0,     61748,0,        3543644367,0.0,3044
1,     61750,17511,        3543797744,0.0,0.0
0,     61752,0,        3543900857,0.0,5769
1,     61754,17512,        3543997744,0.0,0.0
1,     61756,17513,        3544197748,0.0,0.0
0,     61758,0,        3544205613,0.0,4606
0,     61760,0,        3544365503,0.0,1803
1,     61762,17514,        3544397748,0.0,0.0
0,     61764,0,        3544519319,0.0,4511
1,     61766,17515,        3544597748,0.0,0.0
1,     61768,17516,        3544797748,0.0,0.0
0,     61770,0,        3544935566,0.0,395
0,     61771,0,        3544935844,0.0,4760
1,     61773,17517,        3544997752,0.0,0.0
0,     61775,0,        3545095727,0.0,2155
1,     61777,17518,        3545197752,0.0,0.0
1,     61779,17519,        3545397752,0.0,0.0
0,     61781,0,        3545581599,0.0,6099
1,     61783,17520,        3545597756,0.0,0.0
1,     61785,17521,        3545797756,0.0,0.0
0,     61787,0,        3545880837,0.0,4511
1,     61789,17522,        3545997756,0.0,0.0
0,     61791,0,        3546090239,0.0,3703
1,     61793,17523,        3546197760,0.0,0.0
1,     61795,17524,        3546397760,0.0,0.0
0,     61797,0,        3546408341,0.0,2501
1,     61799,17525,        3546597760,0.0,0.0
1,     61801,17526,        3546797760,0.0,0.0
1,     61803,17527,        3546997764,0.0,0.0
1,     61805,17528,        3547197764,0.0,0.0
1,     61807,17529,        3547397764,0.0,0.0
0,     61809,0,        3547505833,0.0,716
1,     61811,17530,        3547597768,0.0,0.0
1,     61813,17531,        3547797768,0.0,0.0
0,     61815,0,        3547802179,0.0,3352
0,     61817,0,        3547836613,0.0,603
0,     61819,0,        3547884934,0.0,2579
0,     61821,0,        3547950866,0.0,3348
0,     61823,0,        3547982662,0.0,1625
1,     61825,17532,        3547997768,0.0,0.0
0,     61827,0,        3548097894,0.0,2011
1,     61829,17533,        3548197772,0.0,0.0
1,     61831,17534,        3548397772,0.0,0.0
0,     61833,0,        3548412435,0.0,1117
1,     61835,17535,        3548597772,0.0,0.0
1,     61837,17536,        3548797772,0.0,0.0
0,     61839,0,        3548915916,0.0,6060
1,     61841,17537,        3548997776,0.0,0.0
0,     61843,0,        3549114684,0.0,2196
1,     61845,17538,        3549197776,0.0,0.0
0,     61847,0,        3549322433,0.0,1303
1,     61849,17539,        3549397776,0.0,0.0
1,     61851,17540,        3549597780,0.0,0.0
0,     61853,0,        3549613787,0.0,4416
0,     61855,0,        3549652499,0.0,5906
0,     61857,0,        3549768501,0.0,1380
1,     61859,17541,        3549797780,0.0,0.0
1,     61861,17542,        3549997780,0.0,0.0
1,     61863,17543,        3550197784,0.0,0.0
0,     61865,0,        3550259916,0.0,816
1,     61867,17544,        3550397784,0.0,0.0
1,     61869,17545,        3550597784,0.0,0.0
0,     61871,0,        3550632374,0.0,5517
1,     61873,17546,        3550797784,0.0,0.0
0,     61875,0,        3550878384,0.0,3426
1,     61877,17547,        3550997788,0.0,0.0
1,     61879,17548,        3551197788,0.0,0.0
0,     61881,0,        3551342338,0.0,2140
1,     61883,17549,        3551397788,0.0,0.0
1,     61885,17550,        3551597792,0.0,0.0
0,     61887,0,        3551729022,0.0,1248
1,     61889,17551,        3551797792,0.0,0.0
0,     61891,0,        3551974429,0.0,588
1,     61893,17552,        3551997792,0.0,0.0
0,     61895,0,        3552034041,0.0,145
0,     61897,0,        3552181092,0.0,501
1,     61899,17553,        3552197796,0.0,0.0
0,     61901,0,        3552324297,0.0,3428
1,     61903,17554,        3552397796,0.0,0.0
0,     61905,0,        3552573109,0.0,1217
1,     61907,17555,        3552597796,0.0,0.0
0,     61909,0,        3552624552,0.0,1982
0,     61911,0,        3552650107,0.0,2225
1,     61913,17556,        3552797796,0.0,0.0
1,     61915,17557,        3552997800,0.0,0.0
1,     61917,17558,        3553197800,0.0,0.0
1,     61919,17559,        3553397800,0.0,0.0
0,     61921,0,        3553557990,0.0,892
1,     61923,17560,        3553597804,0.0,0.0
1,     61925,17561,        3553797804,0.0,0.0
0,     61927,0,        3553993913,0.0,3871
1,     61929,17562,        3553997804,0.0,0.0
0,     61931,0,        3554031636,0.0,5834
1,     61933,17563,        3554197804,0.0,0.0
1,     61935,17564,        3554397808,0.0,0.0
1,     61937,17565,        3554597808,0.0,0.0
1,     61939,17566,        3554797808,0.0,0.0
0,     61941,0,        3554922342,0.0,4148
1,     61943,17567,        3554997812,0.0,0.0
0,     61945,0,        3555011111,0.0,1890
0,     61946,0,        3555011266,0.0,4584
0,     61948,0,        3555190000,0.0,3602
1,     61950,17568,        3555197812,0.0,0.0
0,     61952,0,        3555270116,0.0,2806
0,     61954,0,        3555295969,0.0,589
0,     61956,0,        3555391439,0.0,3566
1,     61958,17569,        3555397812,0.0,0.0
1,     61960,17570,        3555597816,0.0,0.0
0,     61962,0,        3555748316,0.0,1436
1,     61964,17571,        3555797816,0.0,0.0
1,     61966,17572,        3555997816,0.0,0.0
1,     61968,17573,        3556197816,0.0,0.0
1,     61970,17574,        3556397820,0.0,0.0
1,     61972,17575,        3556597820,0.0,0.0
0,     61974,0,        3556727057,0.0,1427
1,     61976,17576,        3556797820,0.0,0.0
0,     61978,0,        3556813398,0.0,3197
0,     61980,0,        3556901823,0.0,3260
0,     61982,0,        3556933424,0.0,5966
1,     61984,17577,        3556997824,0.0,0.0
1,     61986,17578,        3557197824,0.0,0.0
1,     61988,17579,        3557397824,0.0,0.0
1,     61990,17580,        3557597828,0.0,0.0
1,     61992,17581,        3557797828,0.0,0.0
0,     61994,0,        3557958556,0.0,224
1,     61996,17582,        3557997828,0.0,0.0
0,     61998,0,        3558069674,0.0,4004
0,     62000,0,        3558072173,0.0,3736
1,     62002,17583,        3558197828,0.0,0.0
0,     62004,0,        3558280575,0.0,2643
0,     62006,0,        3558320873,0.0,1756
1,     62008,17584,        3558397832,0.0,0.0
1,     62010,17585,        3558597832,0.0,0.0
1,     62012,17586,        3558797832,0.0,0.0
1,     62014,17587,        3558997836,0.0,0.0
1,     62016,17588,        3559197836,0.0,0.0
1,     62018,17589,        3559397836,0.0,0.0
0,     62020,0,        3559532525,0.0,1597
1,     62022,17590,        3559597840,0.0,0.0
1,     62024,17591,        3559797840,0.0,0.0
1,     62026,17592,        3559997840,0.0,0.0
0,     62028,0,        3560093599,0.0,3912
1,     62030,17593,        3560197840,0.0,0.0
1,     62032,17594,        3560397844,0.0,0.0
1,     62034,17595,        3560597844,0.0,0.0
1,     62036,17596,        3560797844,0.0,0.0
1,     62038,17597,        3560997848,0.0,0.0
1,     62040,17598,        3561197848,0.0,0.0
1,     62042,17599,        3561397848,0.0,0.0
1,     62044,17600,        3561597848,0.0,0.0
0,     62046,0,        3561736929,0.0,4418
1,     62048,17601,        3561797852,0.0,0.0
0,     62050,0,        3561854379,0.0,2474
0,     62052,0,        3561868130,0.0,3862
0,     62054,0,        3561961613,0.0,1366
1,     62056,17602,        3561997852,0.0,0.0
1,     62058,17603,        3562197852,0.0,0.0
1,     62060,17604,        3562397856,0.0,0.0
1,     62062,17605,        3562597856,0.0,0.0
0,     62064,0,        3562700333,0.0,3402
1,     62066,17606,        3562797856,0.0,0.0
1,     62068,17607,        3562997860,0.0,0.0
1,     62070,17608,        3563197860,0.0,0.0
0,     62072,0,        3563248510,0.0,3653
0,     62074,0,        3563358306,0.0,1629
1,     62076,17609,        3563397860,0.0,0.0
1,     62078,17610,        3563597860,0.0,0.0
0,     62080,0,        3563780113,0.0,3671
1,     62082,17611,        3563797864,0.0,0.0
1,     62084,17612,        3563997864,0.0,0.0
1,     62086,17613,        3564197864,0.0,0.0
1,     62088,17614,        3564397868,0.0,0.0
1,     62090,17615,        3564597868,0.0,0.0
0,     62092,0,        3564650234,0.0,1783
0,     62094,0,        3564699024,0.0,2288
1,     62096,17616,        3564797868,0.0,0.0
1,     62098,17617,        3564997872,0.0,0.0
1,     62100,17618,        3565197872,0.0,0.0
1,     62102,17619,        3565397872,0.0,0.0
0,     62104,0,        3565477266,0.0,4126
0,     62106,0,        3565494491,0.0,3833
1,     62108,17620,        3565597872,0.0,0.0
1,     62110,17621,        3565797876,0.0,0.0
0,     62112,0,        3565799757,0.0,1136
1,     62114,17622,        3565997876,0.0,0.0
1,     62116,17623,        3566197876,0.0,0.0
0,     62118,0,        3566343536,0.0,3780
1,     62120,17624,        3566397880,0.0,0.0
0,     62122,0,        3566407230,0.0,2820
0,     62124,0,        3566490665,0.0,5693
1,     62126,17625,        3566597880,0.0,0.0
1,     62128,17626,        3566797880,0.0,0.0
0,     62130,0,        3566932242,0.0,4735
1,     62132,17627,        3566997884,0.0,0.0
0,     62134,0,        3567181488,0.0,3704
1,     62136,17628,        3567197884,0.0,0.0
1,     62138,17629,        3567397884,0.0,0.0
1,     62140,17630,        3567597884,0.0,0.0
0,     62142,0,        3567754372,0.0,5197
0,     62144,0,        3567764516,0.0,1101
1,     62146,17631,        3567797888,0.0,0.0
1,     62148,17632,        3567997888,0.0,0.0
0,     62150,0,        3568043364,0.0,1499
0,     62152,0,        3568046071,0.0,3673
1,     62154,17633,        3568197888,0.0,0.0
0,     62156,0,        3568331845,0.0,1845
0,     62158,0,        3568343280,0.0,4778
1,     62160,17634,        3568397892,0.0,0.0
0,     62162,0,        3568464777,0.0,1484
1,     62164,17635,        3568597892,0.0,0.0
1,     62166,17636,        3568797892,0.0,0.0
0,     62168,0,        3568939637,0.0,1650
1,     62170,17637,        3568997896,0.0,0.0
0,     62172,0,        3569102160,0.0,5374
1,     62174,17638,        3569197896,0.0,0.0
1,     62176,17639,        3569397896,0.0,0.0
1,     62178,17640,        3569597896,0.0,0.0
1,     62180,17641,        3569797900,0.0,0.0
1,     62182,17642,        3569997900,0.0,0.0
1,     62184,17643,        3570197900,0.0,0.0
0,     62186,0,        3570331048,0.0,4984
1,     62188,17644,        3570397904,0.0,0.0
1,     62190,17645,        3570597904,0.0,0.0
0,     62192,0,        3570767115,0.0,2067
1,     62194,17646,        3570797904,0.0,0.0
0,     62196,0,        3570857036,0.0,2474
1,     62198,17647,        3570997908,0.0,0.0
0,     62200,0,        3571005457,0.0,3457
0,     62202,0,        3571099156,0.0,2034
1,     62204,17648,        3571197908,0.0,0.0
0,     62206,0,        3571284149,0.0,2766
1,     62208,17649,        3571397908,0.0,0.0
0,     62210,0,        3571437195,0.0,1227
1,     62212,17650,        3571597908,0.0,0.0
1,     62214,17651,        3571797912,0.0,0.0
0,     62216,0,        3571993415,0.0,3078
1,     62218,17652,        3571997912,0.0,0.0
1,     62220,17653,        3572197912,0.0,0.0
0,     62222,0,        3572365117,0.0,4745
1,     62224,17654,        3572397916,0.0,0.0
1,     62226,17655,        3572597916,0.0,0.0
0,     62228,0,        3572623769,0.0,3010
0,     62230,0,        3572640455,0.0,4757
1,     62232,17656,        3572797916,0.0,0.0
0,     62234,0,        3572869282,0.0,4685
0,     62236,0,        3572935281,0.0,127
1,     62238,17657,        3572997916,0.0,0.0
0,     62240,0,        3573016311,0.0,5351
1,     62242,17658,        3573197920,0.0,0.0
1,     62244,17659,        3573397920,0.0,0.0
1,     62246,17660,        3573597920,0.0,0.0
1,     62248,17661,        3573797924,0.0,0.0
1,     62250,17662,        3573997924,0.0,0.0
1,     62252,17663,        3574197924,0.0,0.0
1,     62254,17664,        3574397928,0.0,0.0
1,     62256,17665,        3574597928,0.0,0.0
0,     62258,0,        3574608651,0.0,961
0,     62260,0,        3574652843,0.0,5079
1,     62262,17666,        3574797928,0.0,0.0
1,     62264,17667,        3574997928,0.0,0.0
0,     62266,0,        3575163828,0.0,3902
1,     62268,17668,        3575197932,0.0,0.0
1,     62270,17669,        3575397932,0.0,0.0
0,     62272,0,        3575475381,0.0,2032
1,     62274,17670,        3575597932,0.0,0.0
1,     62276,17671,        3575797936,0.0,0.0
0,     62278,0,        3575861805,0.0,3790
0,     62280,0,        3575868900,0.0,5145
1,     62282,17672,        3575997936,0.0,0.0
1,     62284,17673,        3576197936,0.0,0.0
1,     62286,17674,        3576397940,0.0,0.0
0,     62288,0,        3576453106,0.0,3245
1,     62290,17675,        3576597940,0.0,0.0
0,     62292,0,        3576727906,0.0,4548
1,     62294,17676,        3576797940,0.0,0.0
0,     62296,0,        3576801910,0.0,5187
1,     62298,17677,        3576997940,0.0,0.0
1,     62300,17678,        3577197944,0.0,0.0
0,     62302,0,        3577378195,0.0,5250
1,     62304,17679,        3577397944,0.0,0.0
0,     62306,0,        3577527220,0.0,738
1,     62308,17680,        3577597944,0.0,0.0
0,     62310,0,        3577669960,0.0,2499
1,     62312,17681,        3577797948,0.0,0.0
0,     62314,0,        3577971115,0.0,3301
1,     62316,17682,        3577997948,0.0,0.0
1,     62318,17683,        3578197948,0.0,0.0
1,     62320,17684,        3578397952,0.0,0.0
0,     62322,0,        3578476252,0.0,3994
1,     62324,17685,        3578597952,0.0,0.0
0,     62326,0,        3578742520,0.0,4854
1,     62328,17686,        3578797952,0.0,0.0
1,     62330,17687,        3578997952,0.0,0.0
0,     62332,0,        3579141776,0.0,2030
1,     62334,17688,        3579197956,0.0,0.0
1,     62336,17689,        3579397956,0.0,0.0
1,     62338,17690,        3579597956,0.0,0.0
0,     62340,0,        3579616460,0.0,31
0,     62342,0,        3579635451,0.0,4407
1,     62344,17691,        3579797960,0.0,0.0
1,     62346,17692,        3579997960,0.0,0.0
0,     62348,0,        3580081573,0.0,1997
1,     62350,17693,        3580197960,0.0,0.0
1,     62352,17694,        3580397964,0.0,0.0
0,     62353,0,        3580398494,0.0,4672
0,     62355,0,        3580574219,0.0,2816
1,     62357,17695,        3580597964,0.0,0.0
0,     62359,0,        3580720315,0.0,150
1,     62361,17696,        3580797964,0.0,0.0
1,     62363,17697,        3580997964,0.0,0.0
1,     62365,17698,        3581197968,0.0,0.0
1,     62367,17699,        3581397968,0.0,0.0
1,     62369,17700,        3581597968,0.0,0.0
0,     62371,0,        3581616400,0.0,2268
1,     62373,17701,        3581797972,0.0,0.0
0,     62375,0,        3581832068,0.0,6173
0,     62377,0,        3581832524,0.0,3905
0,     62379,0,        3581932394,0.0,4233
0,     62381,0,        3581978674,0.0,2929
1,     62383,17702,        3581997972,0.0,0.0
0,     62385,0,        3582191501,0.0,4744
1,     62387,17703,        3582197972,0.0,0.0
1,     62389,17704,        3582397972,0.0,0.0
0,     62391,0,        3582448913,0.0,2209
0,     62393,0,        3582476429,0.0,2201
1,     62395,17705,        3582597976,0.0,0.0
1,     62397,17706,        3582797976,0.0,0.0
0,     62399,0,        3582889221,0.0,5224
1,     62401,17707,        3582997976,0.0,0.0
0,     62403,0,        3583029559,0.0,4190
1,     62405,17708,        3583197980,0.0,0.0
0,     62407,0,        3583324154,0.0,5406
1,     62409,17709,        3583397980,0.0,0.0
1,     62411,17710,        3583597980,0.0,0.0
1,     62413,17711,        3583797984,0.0,0.0
1,     62415,17712,        3583997984,0.0,0.0
1,     62417,17713,        3584197984,0.0,0.0
1,     62419,17714,        3584397984,0.0,0.0
0,     62421,0,        3584525475,0.0,2
1,     62423,17715,        3584597988,0.0,0.0
1,     62425,17716,        3584797988,0.0,0.0
0,     62427,0,        3584816892,0.0,4909
0,     62429,0,        3584992445,0.0,1599
1,     62431,17717,        3584997988,0.0,0.0
1,     62433,17718,        3585197992,0.0,0.0
1,     62435,17719,        3585397992,0.0,0.0
0,     62437,0,        3585437711,0.0,4909
0,     62438,0,        3585437829,0.0,1890
0,     62440,0,        3585457017,0.0,4256
1,     62442,17720,        3585597992,0.0,0.0
0,     62444,0,        3585648800,0.0,3418
0,     62446,0,        3585737009,0.0,2053
1,     62448,17721,        3585797996,0.0,0.0
1,     62450,17722,        3585997996,0.0,0.0
1,     62452,17723,        3586197996,0.0,0.0
0,     62454,0,        3586297810,0.0,3727
1,     62456,17724,        3586397996,0.0,0.0
0,     62458,0,        3586584193,0.0,4082
1,     62460,17725,        3586598000,0.0,0.0
1,     62462,17726,        3586798000,0.0,0.0
0,     62464,0,        3586842685,0.0,5426
1,     62466,17727,        3586998000,0.0,0.0
0,     62468,0,        3587173318,0.0,281
1,     62470,17728,        3587198004,0.0,0.0
0,     62472,0,        3587259846,0.0,2137
1,     62474,17729,        3587398004,0.0,0.0
1,     62476,17730,        3587598004,0.0,0.0
1,     62478,17731,        3587798004,0.0,0.0
1,     62480,17732,        3587998008,0.0,0.0
0,     62482,0,        3588025859,0.0,1971
1,     62484,17733,        3588198008,0.0,0.0
0,     62486,0,        3588224024,0.0,2192
1,     62488,17734,        3588398008,0.0,0.0
1,     62490,17735,        3588598012,0.0,0.0
0,     62492,0,        3588663541,0.0,2719
1,     62494,17736,        3588798012,0.0,0.0
1,     62496,17737,        3588998012,0.0,0.0
0,     62498,0,        3589096577,0.0,1705
1,     62500,17738,        3589198016,0.0,0.0
1,     62502,17739,        3589398016,0.0,0.0
1,     62504,17740,        3589598016,0.0,0.0
0,     62506,0,        3589753795,0.0,3371
0,     62507,0,        3589753812,0.0,4868
0,     62509,0,        3589784903,0.0,707
1,     62511,17741,        3589798020,0.0,0.0
0,     62513,0,        3589906843,0.0,927
0,     62515,0,        3589942505,0.0,3545
1,     62517,17742,        3589998020,0.0,0.0
0,     62519,0,        3590021279,0.0,2795
1,     62521,17743,        3590198020,0.0,0.0
1,     62523,17744,        3590398020,0.0,0.0
0,     62525,0,        3590458240,0.0,1748
0,     62527,0,        3590476079,0.0,3952
0,     62528,0,        3590476185,0.0,2057
1,     62530,17745,        3590598024,0.0,0.0
1,     62532,17746,        3590798024,0.0,0.0
1,     62534,17747,        3590998024,0.0,0.0
1,     62536,17748,        3591198028,0.0,0.0
0,     62538,0,        3591250067,0.0,3380
1,     62540,17749,        3591398028,0.0,0.0
1,     62542,17750,        3591598028,0.0,0.0
1,     62544,17751,        3591798028,0.0,0.0
1,     62546,17752,        3591998032,0.0,0.0
0,     62548,0,        3592011056,0.0,640
1,     62550,17753,        3592198032,0.0,0.0
1,     62552,17754,        3592398032,0.0,0.0
0,     62554,0,        3592547730,0.0,1888
1,     62556,17755,        3592598036,0.0,0.0
1,     62558,17756,        3592798036,0.0,0.0
1,     62560,17757,        3592998036,0.0,0.0
1,     62562,17758,        3593198040,0.0,0.0
1,     62564,17759,        3593398040,0.0,0.0
0,     62566,0,        3593435324,0.0,3454
0,     62568,0,        3593475382,0.0,3806
0,     62570,0,        3593588367,0.0,343
1,     62572,17760,        3593598040,0.0,0.0
1,     62574,17761,        3593798040,0.0,0.0
0,     62576,0,        3593912749,0.0,3707
1,     62578,17762,        3593998044,0.0,0.0
0,     62580,0,        3594191019,0.0,3467
1,     62582,17763,        3594198044,0.0,0.0
1,     62584,17764,        3594398044,0.0,0.0
0,     62586,0,        3594452602,0.0,1989
1,     62588,17765,        3594598048,0.0,0.0
0,     62590,0,        3594623471,0.0,3100
0,     62591,0,        3594623473,0.0,1699
0,     62593,0,        3594655882,0.0,4428
1,     62595,17766,        3594798048,0.0,0.0
0,     62597,0,        3594899793,0.0,2010
1,     62599,17767,        3594998048,0.0,0.0
1,     62601,17768,        3595198052,0.0,0.0
0,     62603,0,        3595343008,0.0,3177
1,     62605,17769,        3595398052,0.0,0.0
0,     62607,0,        3595578245,0.0,235
0,     62609,0,        3595578936,0.0,5891
1,     62611,17770,        3595598052,0.0,0.0
1,     62613,17771,        3595798052,0.0,0.0
1,     62615,17772,        3595998056,0.0,0.0
0,     62617,0,        3596077065,0.0,3998
1,     62619,17773,        3596198056,0.0,0.0
1,     62621,17774,        3596398056,0.0,0.0
0,     62623,0,        3596445313,0.0,2207
1,     62625,17775,        3596598060,0.0,0.0
0,     62627,0,        3596662411,0.0,3652
0,     62629,0,        3596722686,0.0,4854
0,     62631,0,        3596797390,0.0,1457
1,     62633,17776,        3596798060,0.0,0.0
0,     62635,0,        3596864069,0.0,2885
0,     62637,0,        3596915873,0.0,4447
1,     62639,17777,        3596998060,0.0,0.0
0,     62641,0,        3597045774,0.0,3552
1,     62643,17778,        3597198060,0.0,0.0
1,     62645,17779,        3597398064,0.0,0.0
0,     62647,0,        3597541248,0.0,3506
1,     62649,17780,        3597598064,0.0,0.0
0,     62651,0,        3597652961,0.0,4290
0,     62653,0,        3597664465,0.0,5689
0,     62655,0,        3597730206,0.0,1390
1,     62657,17781,        3597798064,0.0,0.0
1,     62659,17782,        3597998068,0.0,0.0
0,     62661,0,        3598016637,0.0,2780
0,     62663,0,        3598197221,0.0,196
1,     62665,17783,        3598198068,0.0,0.0
0,     62667,0,        3598234270,0.0,3463
0,     62669,0,        3598262248,0.0,692
0,     62671,0,        3598274774,0.0,771
0,     62672,0,        3598274873,0.0,1470
1,     62674,17784,        3598398068,0.0,0.0
1,     62676,17785,        3598598072,0.0,0.0
0,     62678,0,        3598735102,0.0,3453
1,     62680,17786,        3598798072,0.0,0.0
1,     62682,17787,        3598998072,0.0,0.0
1,     62684,17788,        3599198072,0.0,0.0
1,     62686,17789,        3599398076,0.0,0.0
0,     62688,0,        3599494179,0.0,2644
0,     62689,0,        3599494880,0.0,1242
0,     62691,0,        3599517245,0.0,4060
1,     62693,17790,        3599598076,0.0,0.0
0,     62695,0,        3599652539,0.0,1894
1,     62697,17791,        3599798076,0.0,0.0
1,     62699,17792,        3599998080,0.0,0.0
0,     62701,0,        3600132971,0.0,4128
0,     62703,0,        3600155570,0.0,5622
1,     62705,17793,        3600198080,0.0,0.0
1,     62707,17794,        3600398080,0.0,0.0
0,     62709,0,        3600485796,0.0,876
1,     62711,17795,        3600598084,0.0,0.0
0,     62713,0,        3600673096,0.0,1149
1,     62715,17796,        3600798084,0.0,0.0
0,     62717,0,        3600870721,0.0,626
1,     62719,17797,        3600998084,0.0,0.0
1,     62721,17798,        3601198084,0.0,0.0
0,     62723,0,        3601376411,0.0,2647
1,     62725,17799,        3601398088,0.0,0.0
1,     62727,17800,        3601598088,0.0,0.0
0,     62729,0,        3601768708,0.0,4061
0,     62731,0,        3601795615,0.0,3378
1,     62733,17801,        3601798088,0.0,0.0
0,     62735,0,        3601980295,0.0,3378
0,     62737,0,        3601988040,0.0,3724
1,     62739,17802,        3601998092,0.0,0.0
0,     62741,0,        3602039628,0.0,5397
1,     62743,17803,        3602198092,0.0,0.0
1,     62745,17804,        3602398092,0.0,0.0
1,     62747,17805,        3602598096,0.0,0.0
0,     62749,0,        3602645547,0.0,2230
1,     62751,17806,        3602798096,0.0,0.0
1,     62753,17807,        3602998096,0.0,0.0
0,     62755,0,        3603120955,0.0,2895
1,     62757,17808,        3603198096,0.0,0.0
1,     62759,17809,        3603398100,0.0,0.0
1,     62761,17810,        3603598100,0.0,0.0
1,     62763,17811,        3603798100,0.0,0.0
0,     62765,0,        3603927370,0.0,3819
1,     62767,17812,        3603998104,0.0,0.0
0,     62769,0,        3604140029,0.0,3069
1,     62771,17813,        3604198104,0.0,0.0
1,     62773,17814,        3604398104,0.0,0.0
1,     62775,17815,        3604598108,0.0,0.0
0,     62777,0,        3604797198,0.0,3467
1,     62779,17816,        3604798108,0.0,0.0
0,     62781,0,        3604962096,0.0,49
0,     62783,0,        3604962309,0.0,1437
1,     62785,17817,        3604998108,0.0,0.0
0,     62787,0,        3605009945,0.0,2422
1,     62789,17818,        3605198108,0.0,0.0
1,     62791,17819,        3605398112,0.0,0.0
0,     62793,0,        3605538516,0.0,1285
1,     62795,17820,        3605598112,0.0,0.0
1,     62797,17821,        3605798112,0.0,0.0
0,     62799,0,        3605886077,0.0,1753
0,     62801,0,        3605932414,0.0,5622
1,     62803,17822,        3605998116,0.0,0.0
1,     62805,17823,        3606198116,0.0,0.0
0,     62807,0,        3606210427,0.0,3006
0,     62809,0,        3606311567,0.0,1158
1,     62811,17824,        3606398116,0.0,0.0
0,     62813,0,        3606422032,0.0,1982
1,     62815,17825,        3606598120,0.0,0.0
0,     62817,0,        3606622941,0.0,5555
1,     62819,17826,        3606798120,0.0,0.0
0,     62821,0,        3606991990,0.0,4849
1,     62823,17827,        3606998120,0.0,0.0
0,     62825,0,        3607007124,0.0,2806
0,     62827,0,        3607144227,0.0,2933
1,     62829,17828,        3607198120,0.0,0.0
1,     62831,17829,        3607398124,0.0,0.0
1,     62833,17830,        3607598124,0.0,0.0
1,     62835,17831,        3607798124,0.0,0.0
1,     62837,17832,        3607998128,0.0,0.0
0,     62839,0,        3608143110,0.0,5807
1,     62841,17833,        3608198128,0.0,0.0
1,     62843,17834,        3608398128,0.0,0.0
0,     62845,0,        3608475241,0.0,1962
1,     62847,17835,        3608598128,0.0,0.0
0,     62849,0,        3608762585,0.0,3238
1,     62851,17836,        3608798132,0.0,0.0
1,     62853,17837,        3608998132,0.0,0.0
1,     62855,17838,        3609198132,0.0,0.0
0,     62857,0,        3609334982,0.0,2098
1,     62859,17839,        3609398136,0.0,0.0
0,     62861,0,        3609413083,0.0,5126
0,     62863,0,        3609439227,0.0,3043
0,     62865,0,        3609459837,0.0,4252
1,     62867,17840,        3609598136,0.0,0.0
0,     62869,0,        3609728791,0.0,1910
1,     62871,17841,        3609798136,0.0,0.0
1,     62873,17842,        3609998140,0.0,0.0
0,     62875,0,        3610176247,0.0,759
1,     62877,17843,        3610198140,0.0,0.0
0,     62879,0,        3610215731,0.0,6217
0,     62881,0,        3610265308,0.0,5480
1,     62883,17844,        3610398140,0.0,0.0
0,     62885,0,        3610427052,0.0,4874
0,     62887,0,        3610455476,0.0,4167
0,     62889,0,        3610476435,0.0,5690
1,     62891,17845,        3610598140,0.0,0.0
1,     62893,17846,        3610798144,0.0,0.0
0,     62895,0,        3610810039,0.0,3043
1,     62897,17847,        3610998144,0.0,0.0
0,     62899,0,        3611116420,0.0,2668
0,     62900,0,        3611116487,0.0,1789
1,     62902,17848,        3611198144,0.0,0.0
1,     62904,17849,        3611398148,0.0,0.0
0,     62906,0,        3611425818,0.0,3278
0,     62908,0,        3611478681,0.0,431
0,     62909,0,        3611478863,0.0,2923
0,     62911,0,        3611568550,0.0,1260
1,     62913,17850,        3611598148,0.0,0.0
1,     62915,17851,        3611798148,0.0,0.0
0,     62917,0,        3611855074,0.0,3980
0,     62919,0,        3611921302,0.0,202
1,     62921,17852,        3611998152,0.0,0.0
0,     62923,0,        3612190052,0.0,5587
1,     62925,17853,        3612198152,0.0,0.0
0,     62927,0,        3612362736,0.0,4660
1,     62929,17854,        3612398152,0.0,0.0
0,     62931,0,        3612481992,0.0,450
1,     62933,17855,        3612598152,0.0,0.0
0,     62935,0,        3612743052,0.0,3911
0,     62937,0,        3612757368,0.0,2509
1,     62939,17856,        3612798156,0.0,0.0
1,     62941,17857,        3612998156,0.0,0.0
0,     62943,0,        3613055569,0.0,938
1,     62945,17858,        3613198156,0.0,0.0
1,     62947,17859,        3613398160,0.0,0.0
1,     62949,17860,        3613598160,0.0,0.0
1,     62951,17861,        3613798160,0.0,0.0
0,     62953,0,        3613872784,0.0,2665
1,     62955,17862,        3613998164,0.0,0.0
0,     62957,0,        3614106570,0.0,3946
1,     62959,17863,        3614198164,0.0,0.0
1,     62961,17864,        3614398164,0.0,0.0
0,     62963,0,        3614536596,0.0,6085
1,     62965,17865,        3614598164,0.0,0.0
1,     62967,17866,        3614798168,0.0,0.0
1,     62969,17867,        3614998168,0.0,0.0
0,     62971,0,        3615054160,0.0,4050
1,     62973,17868,        3615198168,0.0,0.0
1,     62975,17869,        3615398172,0.0,0.0
0,     62977,0,        3615429024,0.0,5306
1,     62979,17870,        3615598172,0.0,0.0
1,     62981,17871,        3615798172,0.0,0.0
1,     62983,17872,        3615998176,0.0,0.0
0,     62985,0,        3616046187,0.0,3298
0,     62987,0,        3616110613,0.0,5401
1,     62989,17873,        3616198176,0.0,0.0
1,     62991,17874,        3616398176,0.0,0.0
1,     62993,17875,        3616598176,0.0,0.0
0,     62995,0,        3616619296,0.0,3082
0,     62997,0,        3616646059,0.0,5062
0,     62999,0,        3616704254,0.0,5089
0,     63000,0,        3616704261,0.0,321
0,     63002,0,        3616771533,0.0,2097
0,     63004,0,        3616788848,0.0,1124
1,     63006,17876,        3616798180,0.0,0.0
1,     63008,17877,        3616998180,0.0,0.0
1,     63010,17878,        3617198180,0.0,0.0
1,     63012,17879,        3617398184,0.0,0.0
0,     63014,0,        3617450530,0.0,794
1,     63016,17880,        3617598184,0.0,0.0
0,     63018,0,        3617609970,0.0,6166
0,     63020,0,        3617786658,0.0,4427
1,     63022,17881,        3617798184,0.0,0.0
0,     63024,0,        3617830090,0.0,1759
0,     63026,0,        3617900088,0.0,4822
1,     63028,17882,        3617998184,0.0,0.0
1,     63030,17883,        3618198188,0.0,0.0
1,     63032,17884,        3618398188,0.0,0.0
0,     63034,0,        3618542877,0.0,5401
1,     63036,17885,        3618598188,0.0,0.0
0,     63038,0,        3618648539,0.0,2744
0,     63040,0,        3618741962,0.0,6219
1,     63042,17886,        3618798192,0.0,0.0
1,     63044,17887,        3618998192,0.0,0.0
1,     63046,17888,        3619198192,0.0,0.0
0,     63048,0,        3619255790,0.0,2714
1,     63050,17889,        3619398196,0.0,0.0
0,     63052,0,        3619577567,0.0,2087
1,     63054,17890,        3619598196,0.0,0.0
1,     63056,17891,        3619798196,0.0,0.0
1,     63058,17892,        3619998196,0.0,0.0
0,     63060,0,        3620117818,0.0,1158
0,     63062,0,        3620153293,0.0,3161
1,     63064,17893,        3620198200,0.0,0.0
0,     63066,0,        3620207978,0.0,3422
0,     63068,0,        3620219007,0.0,4891
1,     63070,17894,        3620398200,0.0,0.0
0,     63072,0,        3620532898,0.0,2854
0,     63074,0,        3620587158,0.0,4333
1,     63076,17895,        3620598200,0.0,0.0
1,     63078,17896,        3620798204,0.0,0.0
1,     63080,17897,        3620998204,0.0,0.0
0,     63082,0,        3621150803,0.0,5340
1,     63084,17898,        3621198204,0.0,0.0
0,     63086,0,        3621232912,0.0,5828
1,     63088,17899,        3621398208,0.0,0.0
1,     63090,17900,        3621598208,0.0,0.0
1,     63092,17901,        3621798208,0.0,0.0
1,     63094,17902,        3621998208,0.0,0.0
0,     63096,0,        3622146993,0.0,3560
1,     63098,17903,        3622198212,0.0,0.0
0,     63100,0,        3622210554,0.0,2875
1,     63102,17904,        3622398212,0.0,0.0
1,     63104,17905,        3622598212,0.0,0.0
1,     63106,17906,        3622798216,0.0,0.0
0,     63108,0,        3622845300,0.0,6132
0,     63110,0,        3622897456,0.0,4328
1,     63112,17907,        3622998216,0.0,0.0
1,     63114,17908,        3623198216,0.0,0.0
0,     63116,0,        3623304182,0.0,405
0,     63118,0,        3623312276,0.0,236
0,     63120,0,        3623318852,0.0,4063
0,     63122,0,        3623349516,0.0,5764
1,     63124,17909,        3623398220,0.0,0.0
1,     63126,17910,        3623598220,0.0,0.0
0,     63128,0,        3623763881,0.0,4701
1,     63130,17911,        3623798220,0.0,0.0
1,     63132,17912,        3623998220,0.0,0.0
0,     63134,0,        3624006944,0.0,3378
1,     63136,17913,        3624198224,0.0,0.0
1,     63138,17914,        3624398224,0.0,0.0
1,     63140,17915,        3624598224,0.0,0.0
0,     63142,0,        3624650666,0.0,5838
0,     63144,0,        3624690503,0.0,97
0,     63146,0,        3624730933,0.0,605
1,     63148,17916,        3624798228,0.0,0.0
1,     63150,17917,        3624998228,0.0,0.0
0,     63152,0,        3625008439,0.0,4624
0,     63154,0,        3625074731,0.0,5133
1,     63156,17918,        3625198228,0.0,0.0
1,     63158,17919,        3625398232,0.0,0.0
0,     63160,0,        3625454429,0.0,2082
0,     63162,0,        3625470761,0.0,3614
0,     63164,0,        3625514462,0.0,3380
1,     63166,17920,        3625598232,0.0,0.0
1,     63168,17921,        3625798232,0.0,0.0
0,     63170,0,        3625855733,0.0,871
0,     63172,0,        3625951588,0.0,2145
1,     63174,17922,        3625998232,0.0,0.0
0,     63176,0,        3626077184,0.0,1047
1,     63178,17923,        3626198236,0.0,0.0
0,     63180,0,        3626240931,0.0,3422
1,     63182,17924,        3626398236,0.0,0.0
0,     63184,0,        3626510870,0.0,427
1,     63186,17925,        3626598236,0.0,0.0
1,     63188,17926,        3626798240,0.0,0.0
0,     63190,0,        3626926039,0.0,3411
1,     63192,17927,        3626998240,0.0,0.0
1,     63194,17928,        3627198240,0.0,0.0
1,     63196,17929,        3627398240,0.0,0.0
0,     63198,0,        3627537502,0.0,3470
1,     63200,17930,        3627598244,0.0,0.0
1,     63202,17931,        3627798244,0.0,0.0
0,     63204,0,        3627811726,0.0,5947
1,     63206,17932,        3627998244,0.0,0.0
0,     63208,0,        3628027600,0.0,2671
0,     63210,0,        3628028491,0.0,4275
0,     63212,0,        3628064242,0.0,3445
0,     63214,0,        3628134530,0.0,4736
1,     63216,17933,        3628198248,0.0,0.0
0,     63218,0,        3628312999,0.0,2165
1,     63220,17934,        3628398248,0.0,0.0
0,     63222,0,        3628501479,0.0,3484
1,     63224,17935,        3628598248,0.0,0.0
0,     63226,0,        3628648993,0.0,4461
0,     63228,0,        3628793193,0.0,2808
1,     63230,17936,        3628798252,0.0,0.0
0,     63232,0,        3628927083,0.0,2780
1,     63234,17937,        3628998252,0.0,0.0
1,     63236,17938,        3629198252,0.0,0.0
1,     63238,17939,        3629398252,0.0,0.0
0,     63240,0,        3629580674,0.0,4282
0,     63242,0,        3629581795,0.0,5230
1,     63244,17940,        3629598256,0.0,0.0
1,     63246,17941,        3629798256,0.0,0.0
0,     63248,0,        3629879578,0.0,1747
0,     63249,0,        3629879770,0.0,3230
1,     63251,17942,        3629998256,0.0,0.0
1,     63253,17943,        3630198260,0.0,0.0
1,     63255,17944,        3630398260,0.0,0.0
0,     63257,0,        3630581157,0.0,2451
1,     63259,17945,        3630598260,0.0,0.0
0,     63261,0,        3630723010,0.0,4870
1,     63263,17946,        3630798264,0.0,0.0
0,     63265,0,        3630854211,0.0,2077
0,     63267,0,        3630869746,0.0,5289
1,     63269,17947,        3630998264,0.0,0.0
1,     63271,17948,        3631198264,0.0,0.0
1,     63273,17949,        3631398264,0.0,0.0
0,     63275,0,        3631577235,0.0,3010
1,     63277,17950,        3631598268,0.0,0.0
0,     63279,0,        3631651723,0.0,1895
1,     63281,17951,        3631798268,0.0,0.0
1,     63283,17952,        3631998268,0.0,0.0
1,     63285,17953,        3632198272,0.0,0.0
1,     63287,17954,        3632398272,0.0,0.0
1,     63289,17955,        3632598272,0.0,0.0
0,     63291,0,        3632623822,0.0,3644
0,     63293,0,        3632772447,0.0,3140
1,     63295,17956,        3632798276,0.0,0.0
1,     63297,17957,        3632998276,0.0,0.0
0,     63299,0,        3633120591,0.0,3505
1,     63301,17958,        3633198276,0.0,0.0
1,     63303,17959,        3633398276,0.0,0.0
0,     63305,0,        3633555153,0.0,814
1,     63307,17960,        3633598280,0.0,0.0
0,     63309,0,        3633643271,0.0,4876
0,     63311,0,        3633668788,0.0,4613
1,     63313,17961,        3633798280,0.0,0.0
0,     63315,0,        3633956456,0.0,4443
1,     63317,17962,        3633998280,0.0,0.0
0,     63319,0,        3634039508,0.0,2928
0,     63321,0,        3634085676,0.0,3446
0,     63323,0,        3634130486,0.0,5653
1,     63325,17963,        3634198284,0.0,0.0
0,     63327,0,        3634349697,0.0,5867
1,     63329,17964,        3634398284,0.0,0.0
0,     63331,0,        3634593163,0.0,3448
1,     63333,17965,        3634598284,0.0,0.0
0,     63335,0,        3634650861,0.0,5239
1,     63337,17966,        3634798288,0.0,0.0
1,     63339,17967,        3634998288,0.0,0.0
1,     63341,17968,        3635198288,0.0,0.0
0,     63343,0,        3635311701,0.0,3387
1,     63345,17969,        3635398288,0.0,0.0
1,     63347,17970,        3635598292,0.0,0.0
0,     63349,0,        3635646544,0.0,3825
0,     63351,0,        3635741787,0.0,3321
1,     63353,17971,        3635798292,0.0,0.0
0,     63355,0,        3635969966,0.0,606
1,     63357,17972,        3635998292,0.0,0.0
0,     63359,0,        3636132921,0.0,753
0,     63361,0,        3636135159,0.0,1647
1,     63363,17973,        3636198296,0.0,0.0
0,     63365,0,        3636314204,0.0,3921
1,     63367,17974,        3636398296,0.0,0.0
0,     63369,0,        3636413386,0.0,2925
1,     63371,17975,        3636598296,0.0,0.0
1,     63373,17976,        3636798296,0.0,0.0
0,     63375,0,        3636942554,0.0,3867
1,     63377,17977,        3636998300,0.0,0.0
1,     63379,17978,        3637198300,0.0,0.0
0,     63381,0,        3637272673,0.0,2029
1,     63383,17979,        3637398300,0.0,0.0
0,     63385,0,        3637435022,0.0,3925
1,     63387,17980,        3637598304,0.0,0.0
0,     63389,0,        3637726082,0.0,2600
0,     63391,0,        3637788740,0.0,5816
1,     63393,17981,        3637798304,0.0,0.0
1,     63395,17982,        3637998304,0.0,0.0
1,     63397,17983,        3638198308,0.0,0.0
1,     63399,17984,        3638398308,0.0,0.0
1,     63401,17985,        3638598308,0.0,0.0
0,     63403,0,        3638603211,0.0,3050
1,     63405,17986,        3638798308,0.0,0.0
0,     63407,0,        3638893326,0.0,4914
1,     63409,17987,        3638998312,0.0,0.0
0,     63411,0,        3639093108,0.0,3037
1,     63413,17988,        3639198312,0.0,0.0
0,     63415,0,        3639356656,0.0,3587
1,     63417,17989,        3639398312,0.0,0.0
0,     63419,0,        3639595850,0.0,4022
1,     63421,17990,        3639598316,0.0,0.0
1,     63423,17991,        3639798316,0.0,0.0
0,     63425,0,        3639801482,0.0,1427
0,     63427,0,        3639869193,0.0,1231
0,     63429,0,        3639996247,0.0,4865
1,     63431,17992,        3639998316,0.0,0.0
0,     63433,0,        3640059629,0.0,3379
0,     63435,0,        3640124857,0.0,2977
0,     63437,0,        3640160320,0.0,75
1,     63439,17993,        3640198320,0.0,0.0
1,     63441,17994,        3640398320,0.0,0.0
1,     63443,17995,        3640598320,0.0,0.0
1,     63445,17996,        3640798320,0.0,0.0
0,     63447,0,        3640866307,0.0,1615
0,     63449,0,        3640951929,0.0,4291
0,     63451,0,        3640960613,0.0,5885
1,     63453,17997,        3640998324,0.0,0.0
1,     63455,17998,        3641198324,0.0,0.0
1,     63457,17999,        3641398324,0.0,0.0
0,     63459,0,        3641408407,0.0,3304
1,     63461,18000,        3641598328,0.0,0.0
1,     63463,18001,        3641798328,0.0,0.0
1,     63465,18002,        3641998328,0.0,0.0
0,     63467,0,        3642156591,0.0,3082
1,     63469,18003,        3642198332,0.0,0.0
1,     63471,18004,        3642398332,0.0,0.0
1,     63473,18005,        3642598332,0.0,0.0
1,     63475,18006,        3642798332,0.0,0.0
1,     63477,18007,        3642998336,0.0,0.0
1,     63479,18008,        3643198336,0.0,0.0
0,     63481,0,        3643248819,0.0,4978
1,     63483,18009,        3643398336,0.0,0.0
0,     63485,0,        3643466121,0.0,1019
1,     63487,18010,        3643598340,0.0,0.0
0,     63489,0,        3643704885,0.0,2329
1,     63491,18011,        3643798340,0.0,0.0
0,     63493,0,        3643983471,0.0,4675
1,     63495,18012,        3643998340,0.0,0.0
1,     63497,18013,        3644198344,0.0,0.0
1,     63499,18014,        3644398344,0.0,0.0
1,     63501,18015,        3644598344,0.0,0.0
1,     63503,18016,        3644798344,0.0,0.0
1,     63505,18017,        3644998348,0.0,0.0
1,     63507,18018,        3645198348,0.0,0.0
0,     63509,0,        3645280533,0.0,4099
0,     63511,0,        3645373688,0.0,1992
1,     63513,18019,        3645398348,0.0,0.0
1,     63515,18020,        3645598352,0.0,0.0
1,     63517,18021,        3645798352,0.0,0.0
0,     63519,0,        3645801652,0.0,553
0,     63521,0,        3645938203,0.0,4489
1,     63523,18022,        3645998352,0.0,0.0
0,     63525,0,        3646036321,0.0,3026
0,     63527,0,        3646178122,0.0,2909
1,     63529,18023,        3646198352,0.0,0.0
0,     63531,0,        3646303330,0.0,3566
1,     63533,18024,        3646398356,0.0,0.0
1,     63535,18025,        3646598356,0.0,0.0
0,     63537,0,        3646670125,0.0,5278
0,     63539,0,        3646722467,0.0,2249
0,     63541,0,        3646735525,0.0,918
1,     63543,18026,        3646798356,0.0,0.0
0,     63545,0,        3646828674,0.0,1372
1,     63547,18027,        3646998360,0.0,0.0
1,     63549,18028,        3647198360,0.0,0.0
0,     63551,0,        3647224016,0.0,5483
0,     63552,0,        3647224390,0.0,265
1,     63554,18029,        3647398360,0.0,0.0
0,     63556,0,        3647562534,0.0,4845
1,     63558,18030,        3647598364,0.0,0.0
0,     63560,0,        3647609050,0.0,1685
1,     63562,18031,        3647798364,0.0,0.0
1,     63564,18032,        3647998364,0.0,0.0
0,     63566,0,        3648041072,0.0,3773
1,     63568,18033,        3648198364,0.0,0.0
0,     63570,0,        3648214449,0.0,855
1,     63572,18034,        3648398368,0.0,0.0
0,     63574,0,        3648594553,0.0,1530
1,     63576,18035,        3648598368,0.0,0.0
1,     63578,18036,        3648798368,0.0,0.0
0,     63580,0,        3648870943,0.0,325
0,     63582,0,        3648929249,0.0,4763
1,     63584,18037,        3648998372,0.0,0.0
0,     63586,0,        3649094081,0.0,745
1,     63588,18038,        3649198372,0.0,0.0
1,     63590,18039,        3649398372,0.0,0.0
1,     63592,18040,        3649598376,0.0,0.0
1,     63594,18041,        3649798376,0.0,0.0
1,     63596,18042,        3649998376,0.0,0.0
0,     63598,0,        3650039466,0.0,957
0,     63600,0,        3650074127,0.0,3519
0,     63602,0,        3650080184,0.0,1444
1,     63604,18043,        3650198376,0.0,0.0
1,     63606,18044,        3650398380,0.0,0.0
0,     63608,0,        3650464574,0.0,2035
0,     63610,0,        3650589773,0.0,745
1,     63612,18045,        3650598380,0.0,0.0
1,     63614,18046,        3650798380,0.0,0.0
1,     63616,18047,        3650998384,0.0,0.0
0,     63618,0,        3651148435,0.0,1243
1,     63620,18048,        3651198384,0.0,0.0
0,     63622,0,        3651350242,0.0,3444
1,     63624,18049,        3651398384,0.0,0.0
1,     63626,18050,        3651598384,0.0,0.0
1,     63628,18051,        3651798388,0.0,0.0
1,     63630,18052,        3651998388,0.0,0.0
0,     63632,0,        3652003331,0.0,5367
1,     63634,18053,        3652198388,0.0,0.0
0,     63636,0,        3652367343,0.0,5369
1,     63638,18054,        3652398392,0.0,0.0
1,     63640,18055,        3652598392,0.0,0.0
0,     63642,0,        3652727738,0.0,5979
0,     63644,0,        3652776926,0.0,3753
1,     63646,18056,        3652798392,0.0,0.0
1,     63648,18057,        3652998396,0.0,0.0
0,     63650,0,        3653041808,0.0,4963
0,     63652,0,        3653187573,0.0,2182
1,     63654,18058,        3653198396,0.0,0.0
1,     63656,18059,        3653398396,0.0,0.0
1,     63658,18060,        3653598396,0.0,0.0
0,     63660,0,        3653680769,0.0,3709
1,     63662,18061,        3653798400,0.0,0.0
1,     63664,18062,        3653998400,0.0,0.0
0,     63666,0,        3654158018,0.0,4019
1,     63668,18063,        3654198400,0.0,0.0
1,     63670,18064,        3654398404,0.0,0.0
0,     63672,0,        3654585014,0.0,870
1,     63674,18065,        3654598404,0.0,0.0
1,     63676,18066,        3654798404,0.0,0.0
0,     63678,0,        3654983688,0.0,3629
1,     63680,18067,        3654998408,0.0,0.0
1,     63682,18068,        3655198408,0.0,0.0
1,     63684,18069,        3655398408,0.0,0.0
0,     63686,0,        3655512706,0.0,4434
0,     63688,0,        3655552412,0.0,875
1,     63690,18070,        3655598408,0.0,0.0
1,     63692,18071,        3655798412,0.0,0.0
1,     63694,18072,        3655998412,0.0,0.0
1,     63696,18073,        3656198412,0.0,0.0
0,     63698,0,        3656271850,0.0,3351
1,     63700,18074,        3656398416,0.0,0.0
0,     63702,0,        3656580612,0.0,4246
1,     63704,18075,        3656598416,0.0,0.0
0,     63706,0,        3656611140,0.0,4981
0,     63708,0,        3656650067,0.0,3655
1,     63710,18076,        3656798416,0.0,0.0
1,     63712,18077,        3656998420,0.0,0.0
1,     63714,18078,        3657198420,0.0,0.0
1,     63716,18079,        3657398420,0.0,0.0
1,     63718,18080,        3657598420,0.0,0.0
1,     63720,18081,        3657798424,0.0,0.0
1,     63722,18082,        3657998424,0.0,0.0
1,     63724,18083,        3658198424,0.0,0.0
1,     63726,18084,        3658398428,0.0,0.0
0,     63728,0,        3658458521,0.0,839
1,     63730,18085,        3658598428,0.0,0.0
0,     63732,0,        3658671839,0.0,5071
0,     63734,0,        3658679585,0.0,4571
1,     63736,18086,        3658798428,0.0,0.0
0,     63738,0,        3658906065,0.0,908
0,     63740,0,        3658982801,0.0,1926
1,     63742,18087,        3658998432,0.0,0.0
1,     63744,18088,        3659198432,0.0,0.0
0,     63746,0,        3659206001,0.0,2580
1,     63748,18089,        3659398432,0.0,0.0
1,     63750,18090,        3659598432,0.0,0.0
0,     63752,0,        3659614167,0.0,5939
0,     63754,0,        3659638401,0.0,4196
0,     63756,0,        3659644259,0.0,3662
1,     63758,18091,        3659798436,0.0,0.0
1,     63760,18092,        3659998436,0.0,0.0
0,     63762,0,        3660004850,0.0,4302
0,     63764,0,        3660130638,0.0,4104
0,     63765,0,        3660130640,0.0,5821
1,     63767,18093,        3660198436,0.0,0.0
0,     63769,0,        3660395780,0.0,4825
1,     63771,18094,        3660398440,0.0,0.0
0,     63773,0,        3660454416,0.0,507
1,     63775,18095,        3660598440,0.0,0.0
1,     63777,18096,        3660798440,0.0,0.0
1,     63779,18097,        3660998440,0.0,0.0
1,     63781,18098,        3661198444,0.0,0.0
1,     63783,18099,        3661398444,0.0,0.0
0,     63785,0,        3661534861,0.0,130
1,     63787,18100,        3661598444,0.0,0.0
1,     63789,18101,        3661798448,0.0,0.0
1,     63791,18102,        3661998448,0.0,0.0
0,     63793,0,        3662029567,0.0,3516
0,     63795,0,        3662046064,0.0,6216
1,     63797,18103,        3662198448,0.0,0.0
1,     63799,18104,        3662398452,0.0,0.0
1,     63801,18105,        3662598452,0.0,0.0
0,     63803,0,        3662672960,0.0,3263
1,     63805,18106,        3662798452,0.0,0.0
1,     63807,18107,        3662998452,0.0,0.0
0,     63809,0,        3663183054,0.0,1603
1,     63811,18108,        3663198456,0.0,0.0
1,     63813,18109,        3663398456,0.0,0.0
1,     63815,18110,        3663598456,0.0,0.0
0,     63817,0,        3663687214,0.0,4307
0,     63819,0,        3663719136,0.0,2325
1,     63821,18111,        3663798460,0.0,0.0
0,     63823,0,        3663801321,0.0,1273
1,     63825,18112,        3663998460,0.0,0.0
0,     63827,0,        3664041398,0.0,3003
1,     63829,18113,        3664198460,0.0,0.0
1,     63831,18114,        3664398464,0.0,0.0
1,     63833,18115,        3664598464,0.0,0.0
1,     63835,18116,        3664798464,0.0,0.0
1,     63837,18117,        3664998464,0.0,0.0
0,     63839,0,        3665191127,0.0,1383
1,     63841,18118,        3665198468,0.0,0.0
0,     63843,0,        3665199609,0.0,6167
0,     63845,0,        3665301802,0.0,3314
0,     63847,0,        3665392456,0.0,2881
1,     63849,18119,        3665398468,0.0,0.0
0,     63851,0,        3665516477,0.0,3832
1,     63853,18120,        3665598468,0.0,0.0
0,     63855,0,        3665712328,0.0,100
0,     63857,0,        3665763492,0.0,2778
1,     63859,18121,        3665798472,0.0,0.0
0,     63861,0,        3665885333,0.0,6143
0,     63862,0,        3665885337,0.0,4610
1,     63864,18122,        3665998472,0.0,0.0
0,     63866,0,        3666142493,0.0,779
1,     63868,18123,        3666198472,0.0,0.0
0,     63870,0,        3666249877,0.0,6040
1,     63872,18124,        3666398476,0.0,0.0
0,     63874,0,        3666582560,0.0,3071
0,     63876,0,        3666596267,0.0,4878
1,     63878,18125,        3666598476,0.0,0.0
0,     63880,0,        3666646820,0.0,5045
1,     63882,18126,        3666798476,0.0,0.0
1,     63884,18127,        3666998476,0.0,0.0
1,     63886,18128,        3667198480,0.0,0.0
1,     63888,18129,        3667398480,0.0,0.0
0,     63890,0,        3667521936,0.0,2238
1,     63892,18130,        3667598480,0.0,0.0
1,     63894,18131,        3667798484,0.0,0.0
0,     63896,0,        3667870714,0.0,1107
0,     63898,0,        3667939785,0.0,4212
1,     63900,18132,        3667998484,0.0,0.0
1,     63902,18133,        3668198484,0.0,0.0
1,     63904,18134,        3668398488,0.0,0.0
1,     63906,18135,        3668598488,0.0,0.0
1,     63908,18136,        3668798488,0.0,0.0
1,     63910,18137,        3668998488,0.0,0.0
1,     63912,18138,        3669198492,0.0,0.0
1,     63914,18139,        3669398492,0.0,0.0
1,     63916,18140,        3669598492,0.0,0.0
1,     63918,18141,        3669798496,0.0,0.0
0,     63920,0,        3669805230,0.0,5008
0,     63922,0,        3669832496,0.0,1638
1,     63924,18142,        3669998496,0.0,0.0
0,     63926,0,        3670096549,0.0,929
1,     63928,18143,        3670198496,0.0,0.0
1,     63930,18144,        3670398500,0.0,0.0
1,     63932,18145,        3670598500,0.0,0.0
1,     63934,18146,        3670798500,0.0,0.0
0,     63936,0,        3670890105,0.0,2690
1,     63938,18147,        3670998500,0.0,0.0
1,     63940,18148,        3671198504,0.0,0.0
1,     63942,18149,        3671398504,0.0,0.0
0,     63944,0,        3671464774,0.0,1922
1,     63946,18150,        3671598504,0.0,0.0
0,     63948,0,        3671644833,0.0,5823
0,     63950,0,        3671757613,0.0,890
1,     63952,18151,        3671798508,0.0,0.0
0,     63954,0,        3671961773,0.0,400
1,     63956,18152,        3671998508,0.0,0.0
1,     63958,18153,        3672198508,0.0,0.0
0,     63960,0,        3672300499,0.0,2682
1,     63962,18154,        3672398508,0.0,0.0
1,     63964,18155,        3672598512,0.0,0.0
0,     63966,0,        3672737668,0.0,3517
0,     63968,0,        3672788675,0.0,1645
1,     63970,18156,        3672798512,0.0,0.0
1,     63972,18157,        3672998512,0.0,0.0
0,     63974,0,        3673099964,0.0,3522
1,     63976,18158,        3673198516,0.0,0.0
0,     63978,0,        3673389207,0.0,4218
0,     63979,0,        3673389284,0.0,4739
1,     63981,18159,        3673398516,0.0,0.0
1,     63983,18160,        3673598516,0.0,0.0
0,     63985,0,        3673707081,0.0,4963
1,     63987,18161,        3673798520,0.0,0.0
1,     63989,18162,        3673998520,0.0,0.0
1,     63991,18163,        3674198520,0.0,0.0
1,     63993,18164,        3674398520,0.0,0.0
1,     63995,18165,        3674598524,0.0,0.0
0,     63997,0,        3674650609,0.0,254
0,     63999,0,        3674743797,0.0,3462
1,     64001,18166,        3674798524,0.0,0.0
0,     64003,0,        3674850421,0.0,4036
0,     64005,0,        3674946273,0.0,5879
1,     64007,18167,        3674998524,0.0,0.0
1,     64009,18168,        3675198528,0.0,0.0
0,     64011,0,        3675335229,0.0,4633
1,     64013,18169,        3675398528,0.0,0.0
0,     64015,0,        3675561059,0.0,4775
1,     64017,18170,        3675598528,0.0,0.0
1,     64019,18171,        3675798532,0.0,0.0
0,     64021,0,        3675834802,0.0,1844
1,     64023,18172,        3675998532,0.0,0.0
1,     64025,18173,        3676198532,0.0,0.0
0,     64027,0,        3676236180,0.0,1420
0,     64029,0,        3676299144,0.0,3419
1,     64031,18174,        3676398532,0.0,0.0
0,     64033,0,        3676460816,0.0,3331
1,     64035,18175,        3676598536,0.0,0.0
0,     64037,0,        3676603428,0.0,2543
1,     64039,18176,        3676798536,0.0,0.0
0,     64041,0,        3676900795,0.0,145
1,     64043,18177,        3676998536,0.0,0.0
0,     64045,0,        3677030023,0.0,4032
0,     64047,0,        3677070706,0.0,2794
1,     64049,18178,        3677198540,0.0,0.0
1,     64051,18179,        3677398540,0.0,0.0
0,     64053,0,        3677419861,0.0,3597
1,     64055,18180,        3677598540,0.0,0.0
1,     64057,18181,        3677798544,0.0,0.0
0,     64059,0,        3677948053,0.0,1836
0,     64060,0,        3677948370,0.0,3453
1,     64062,18182,        3677998544,0.0,0.0
0,     64064,0,        3678035496,0.0,3366
1,     64066,18183,        3678198544,0.0,0.0
1,     64068,18184,        3678398544,0.0,0.0
0,     64070,0,        3678511995,0.0,5620
1,     64072,18185,        3678598548,0.0,0.0
0,     64074,0,        3678688577,0.0,4592
0,     64076,0,        3678756848,0.0,2554
1,     64078,18186,        3678798548,0.0,0.0
0,     64080,0,        3678844320,0.0,5338
1,     64082,18187,        3678998548,0.0,0.0
0,     64084,0,        3679048691,0.0,3110
1,     64086,18188,        3679198552,0.0,0.0
1,     64088,18189,        3679398552,0.0,0.0
0,     64090,0,        3679543925,0.0,1397
1,     64092,18190,        3679598552,0.0,0.0
0,     64094,0,        3679610333,0.0,5341
0,     64096,0,        3679613404,0.0,22
0,     64098,0,        3679682509,0.0,3366
1,     64100,18191,        3679798556,0.0,0.0
1,     64102,18192,        3679998556,0.0,0.0
1,     64104,18193,        3680198556,0.0,0.0
0,     64106,0,        3680240889,0.0,3445
0,     64108,0,        3680325036,0.0,438
0,     64109,0,        3680325102,0.0,1506
1,     64111,18194,        3680398556,0.0,0.0
0,     64113,0,        3680524438,0.0,887
1,     64115,18195,        3680598560,0.0,0.0
1,     64117,18196,        3680798560,0.0,0.0
0,     64119,0,        3680930356,0.0,3338
1,     64121,18197,        3680998560,0.0,0.0
1,     64123,18198,        3681198564,0.0,0.0
0,     64125,0,        3681341901,0.0,2088
0,     64127,0,        3681383407,0.0,5597
1,     64129,18199,        3681398564,0.0,0.0
1,     64131,18200,        3681598564,0.0,0.0
1,     64133,18201,        3681798564,0.0,0.0
0,     64135,0,        3681962148,0.0,2250
1,     64137,18202,        3681998568,0.0,0.0
0,     64139,0,        3682066858,0.0,1885
0,     64140,0,        3682066860,0.0,3652
0,     64141,0,        3682067077,0.0,1233
1,     64143,18203,        3682198568,0.0,0.0
1,     64145,18204,        3682398568,0.0,0.0
0,     64147,0,        3682522972,0.0,5790
0,     64149,0,        3682523138,0.0,2584
1,     64151,18205,        3682598572,0.0,0.0
1,     64153,18206,        3682798572,0.0,0.0
1,     64155,18207,        3682998572,0.0,0.0
0,     64157,0,        3683139279,0.0,822
1,     64159,18208,        3683198576,0.0,0.0
0,     64161,0,        3683312787,0.0,3335
1,     64163,18209,        3683398576,0.0,0.0
0,     64165,0,        3683526166,0.0,4057
1,     64167,18210,        3683598576,0.0,0.0
1,     64169,18211,        3683798576,0.0,0.0
0,     64171,0,        3683950339,0.0,5171
1,     64173,18212,        3683998580,0.0,0.0
0,     64175,0,        3684128088,0.0,488
1,     64177,18213,        3684198580,0.0,0.0
0,     64179,0,        3684288237,0.0,414
0,     64180,0,        3684288355,0.0,4350
1,     64182,18214,        3684398580,0.0,0.0
0,     64184,0,        3684454717,0.0,2859
1,     64186,18215,        3684598584,0.0,0.0
0,     64188,0,        3684724113,0.0,5316
1,     64190,18216,        3684798584,0.0,0.0
0,     64192,0,        3684831930,0.0,806
1,     64194,18217,        3684998584,0.0,0.0
0,     64196,0,        3685033948,0.0,3238
1,     64198,18218,        3685198588,0.0,0.0
1,     64200,18219,        3685398588,0.0,0.0
0,     64202,0,        3685565279,0.0,4660
1,     64204,18220,        3685598588,0.0,0.0
1,     64206,18221,        3685798588,0.0,0.0
0,     64208,0,        3685885177,0.0,4714
0,     64210,0,        3685894497,0.0,3709
0,     64212,0,        3685931617,0.0,4595
1,     64214,18222,        3685998592,0.0,0.0
1,     64216,18223,        3686198592,0.0,0.0
1,     64218,18224,        3686398592,0.0,0.0
0,     64220,0,        3686415335,0.0,5754
1,     64222,18225,        3686598596,0.0,0.0
1,     64224,18226,        3686798596,0.0,0.0
1,     64226,18227,        3686998596,0.0,0.0
1,     64228,18228,        3687198600,0.0,0.0
0,     64230,0,        3687284232,0.0,5810
1,     64232,18229,        3687398600,0.0,0.0
0,     64234,0,        3687413795,0.0,2282
1,     64236,18230,        3687598600,0.0,0.0
1,     64238,18231,        3687798600,0.0,0.0
0,     64240,0,        3687911417,0.0,3710
1,     64242,18232,        3687998604,0.0,0.0
1,     64244,18233,        3688198604,0.0,0.0
0,     64246,0,        3688316842,0.0,1589
1,     64248,18234,        3688398604,0.0,0.0
0,     64250,0,        3688531886,0.0,4415
1,     64252,18235,        3688598608,0.0,0.0
1,     64254,18236,        3688798608,0.0,0.0
1,     64256,18237,        3688998608,0.0,0.0
0,     64258,0,        3689157764,0.0,3641
1,     64260,18238,        3689198612,0.0,0.0
0,     64262,0,        3689347392,0.0,2314
0,     64264,0,        3689384100,0.0,4567
0,     64266,0,        3689398200,0.0,760
1,     64268,18239,        3689398612,0.0,0.0
0,     64270,0,        3689436283,0.0,545
0,     64272,0,        3689589405,0.0,934
0,     64274,0,        3689590097,0.0,638
1,     64276,18240,        3689598612,0.0,0.0
1,     64278,18241,        3689798612,0.0,0.0
0,     64280,0,        3689977181,0.0,460
1,     64282,18242,        3689998616,0.0,0.0
1,     64284,18243,        3690198616,0.0,0.0
0,     64286,0,        3690321987,0.0,530
0,     64288,0,        3690342687,0.0,1809
1,     64290,18244,        3690398616,0.0,0.0
1,     64292,18245,        3690598620,0.0,0.0
1,     64294,18246,        3690798620,0.0,0.0
0,     64296,0,        3690809241,0.0,5535
0,     64298,0,        3690951593,0.0,3008
1,     64300,18247,        3690998620,0.0,0.0
1,     64302,18248,        3691198620,0.0,0.0
0,     64304,0,        3691333991,0.0,4617
0,     64306,0,        3691357094,0.0,3511
1,     64308,18249,        3691398624,0.0,0.0
0,     64310,0,        3691460114,0.0,2310
1,     64312,18250,        3691598624,0.0,0.0
0,     64314,0,        3691624510,0.0,3987
0,     64316,0,        3691743011,0.0,2994
1,     64318,18251,        3691798624,0.0,0.0
1,     64320,18252,        3691998628,0.0,0.0
1,     64322,18253,        3692198628,0.0,0.0
1,     64324,18254,        3692398628,0.0,0.0
1,     64326,18255,        3692598632,0.0,0.0
1,     64328,18256,        3692798632,0.0,0.0
1,     64330,18257,        3692998632,0.0,0.0
0,     64332,0,        3693198633,0.0,342
1,     64333,18258,        3693198633,0.0,0.0
0,     64335,0,        3693281193,0.0,3493
1,     64337,18259,        3693398636,0.0,0.0
1,     64339,18260,        3693598636,0.0,0.0
0,     64341,0,        3693666279,0.0,5037
0,     64343,0,        3693728096,0.0,6197
1,     64345,18261,        3693798636,0.0,0.0
0,     64347,0,        3693895061,0.0,3304
1,     64349,18262,        3693998640,0.0,0.0
1,     64351,18263,        3694198640,0.0,0.0
0,     64353,0,        3694288960,0.0,3335
1,     64355,18264,        3694398640,0.0,0.0
0,     64357,0,        3694564732,0.0,760
1,     64359,18265,        3694598644,0.0,0.0
0,     64361,0,        3694749356,0.0,892
1,     64363,18266,        3694798644,0.0,0.0
1,     64365,18267,        3694998644,0.0,0.0
1,     64367,18268,        3695198644,0.0,0.0
1,     64369,18269,        3695398648,0.0,0.0
1,     64371,18270,        3695598648,0.0,0.0
0,     64373,0,        3695779295,0.0,2998
0,     64375,0,        3695781108,0.0,3438
1,     64377,18271,        3695798648,0.0,0.0
1,     64379,18272,        3695998652,0.0,0.0
0,     64381,0,        3696051779,0.0,3557
1,     64383,18273,        3696198652,0.0,0.0
1,     64385,18274,        3696398652,0.0,0.0
0,     64386,0,        3696399027,0.0,1810
1,     64388,18275,        3696598656,0.0,0.0
0,     64390,0,        3696758624,0.0,4128
1,     64392,18276,        3696798656,0.0,0.0
1,     64394,18277,        3696998656,0.0,0.0
0,     64396,0,        3697193227,0.0,1875
1,     64398,18278,        3697198656,0.0,0.0
0,     64400,0,        3697241225,0.0,1030
1,     64402,18279,        3697398660,0.0,0.0
0,     64404,0,        3697539261,0.0,1825
1,     64406,18280,        3697598660,0.0,0.0
1,     64408,18281,        3697798660,0.0,0.0
0,     64410,0,        3697928061,0.0,5711
1,     64412,18282,        3697998664,0.0,0.0
1,     64414,18283,        3698198664,0.0,0.0
1,     64416,18284,        3698398664,0.0,0.0
0,     64418,0,        3698483857,0.0,4897
1,     64420,18285,        3698598668,0.0,0.0
1,     64422,18286,        3698798668,0.0,0.0
1,     64424,18287,        3698998668,0.0,0.0
1,     64426,18288,        3699198668,0.0,0.0
1,     64428,18289,        3699398672,0.0,0.0
0,     64430,0,        3699526969,0.0,6021
1,     64432,18290,        3699598672,0.0,0.0
0,     64434,0,        3699722078,0.0,6153
0,     64436,0,        3699745142,0.0,4409
0,     64438,0,        3699792491,0.0,3054
1,     64440,18291,        3699798672,0.0,0.0
1,     64442,18292,        3699998676,0.0,0.0
0,     64444,0,        3700129488,0.0,4884
1,     64446,18293,        3700198676,0.0,0.0
0,     64448,0,        3700200010,0.0,114
1,     64450,18294,        3700398676,0.0,0.0
1,     64452,18295,        3700598676,0.0,0.0
0,     64454,0,        3700712731,0.0,4946
1,     64456,18296,        3700798680,0.0,0.0
1,     64458,18297,        3700998680,0.0,0.0
1,     64460,18298,        3701198680,0.0,0.0
0,     64462,0,        3701310617,0.0,5908
1,     64464,18299,        3701398684,0.0,0.0
0,     64466,0,        3701563755,0.0,3378
1,     64468,18300,        3701598684,0.0,0.0
1,     64470,18301,        3701798684,0.0,0.0
0,     64472,0,        3701975733,0.0,1130
1,     64474,18302,        3701998688,0.0,0.0
1,     64476,18303,        3702198688,0.0,0.0
1,     64478,18304,        3702398688,0.0,0.0
0,     64480,0,        3702520857,0.0,2136
1,     64482,18305,        3702598688,0.0,0.0
0,     64484,0,        3702707124,0.0,3161
1,     64486,18306,        3702798692,0.0,0.0
1,     64488,18307,        3702998692,0.0,0.0
0,     64490,0,        3703099703,0.0,6040
0,     64492,0,        3703121783,0.0,3576
1,     64494,18308,        3703198692,0.0,0.0
1,     64496,18309,        3703398696,0.0,0.0
0,     64498,0,        3703457765,0.0,2341
1,     64500,18310,        3703598696,0.0,0.0
1,     64502,18311,        3703798696,0.0,0.0
0,     64504,0,        3703832537,0.0,5496
1,     64506,18312,        3703998700,0.0,0.0
1,     64508,18313,        3704198700,0.0,0.0
1,     64510,18314,        3704398700,0.0,0.0
0,     64512,0,        3704466560,0.0,2300
1,     64514,18315,        3704598700,0.0,0.0
0,     64516,0,        3704648350,0.0,3068
0,     64518,0,        3704655587,0.0,991
1,     64520,18316,        3704798704,0.0,0.0
1,     64522,18317,        3704998704,0.0,0.0
0,     64524,0,        3705004715,0.0,1723
1,     64526,18318,        3705198704,0.0,0.0
0,     64528,0,        3705331470,0.0,6030
1,     64530,18319,        3705398708,0.0,0.0
0,     64532,0,        3705552142,0.0,6031
1,     64534,18320,        3705598708,0.0,0.0
0,     64536,0,        3705699597,0.0,4371
1,     64538,18321,        3705798708,0.0,0.0
0,     64540,0,        3705927179,0.0,4930
1,     64542,18322,        3705998708,0.0,0.0
0,     64544,0,        3706022760,0.0,1506
1,     64546,18323,        3706198712,0.0,0.0
0,     64548,0,        3706312655,0.0,675
1,     64550,18324,        3706398712,0.0,0.0
0,     64552,0,        3706556836,0.0,3523
1,     64554,18325,        3706598712,0.0,0.0
0,     64556,0,        3706620412,0.0,3545
0,     64558,0,        3706687939,0.0,5175
1,     64560,18326,        3706798716,0.0,0.0
0,     64562,0,        3706894648,0.0,909
1,     64564,18327,        3706998716,0.0,0.0
1,     64566,18328,        3707198716,0.0,0.0
1,     64568,18329,        3707398720,0.0,0.0
1,     64570,18330,        3707598720,0.0,0.0
1,     64572,18331,        3707798720,0.0,0.0
1,     64574,18332,        3707998720,0.0,0.0
1,     64576,18333,        3708198724,0.0,0.0
0,     64578,0,        3708262596,0.0,3314
0,     64580,0,        3708278757,0.0,526
1,     64582,18334,        3708398724,0.0,0.0
0,     64584,0,        3708501982,0.0,1792
0,     64586,0,        3708507586,0.0,2491
0,     64587,0,        3708507793,0.0,2674
1,     64589,18335,        3708598724,0.0,0.0
1,     64591,18336,        3708798728,0.0,0.0
0,     64593,0,        3708908733,0.0,4497
1,     64595,18337,        3708998728,0.0,0.0
1,     64597,18338,        3709198728,0.0,0.0
1,     64599,18339,        3709398732,0.0,0.0
1,     64601,18340,        3709598732,0.0,0.0
1,     64603,18341,        3709798732,0.0,0.0
0,     64605,0,        3709914284,0.0,5432
1,     64607,18342,        3709998732,0.0,0.0
0,     64609,0,        3710093210,0.0,1330
1,     64611,18343,        3710198736,0.0,0.0
1,     64613,18344,        3710398736,0.0,0.0
1,     64615,18345,        3710598736,0.0,0.0
0,     64617,0,        3710612855,0.0,3385
0,     64619,0,        3710713651,0.0,4895
0,     64621,0,        3710791950,0.0,5816
1,     64623,18346,        3710798740,0.0,0.0
0,     64625,0,        3710855237,0.0,2706
0,     64626,0,        3710855320,0.0,3486
0,     64628,0,        3710882833,0.0,2146
1,     64630,18347,        3710998740,0.0,0.0
0,     64632,0,        3711155150,0.0,4770
1,     64634,18348,        3711198740,0.0,0.0
1,     64636,18349,        3711398744,0.0,0.0
1,     64638,18350,        3711598744,0.0,0.0
0,     64640,0,        3711786435,0.0,1748
1,     64642,18351,        3711798744,0.0,0.0
1,     64644,18352,        3711998744,0.0,0.0
0,     64646,0,        3712131030,0.0,4626
1,     64648,18353,        3712198748,0.0,0.0
1,     64650,18354,        3712398748,0.0,0.0
0,     64652,0,        3712471458,0.0,473
0,     64654,0,        3712529625,0.0,1033
1,     64656,18355,        3712598748,0.0,0.0
1,     64658,18356,        3712798752,0.0,0.0
0,     64660,0,        3712935590,0.0,1909
1,     64662,18357,        3712998752,0.0,0.0
1,     64664,18358,        3713198752,0.0,0.0
1,     64666,18359,        3713398756,0.0,0.0
1,     64668,18360,        3713598756,0.0,0.0
0,     64670,0,        3713771436,0.0,3097
1,     64672,18361,        3713798756,0.0,0.0
0,     64674,0,        3713885734,0.0,2538
1,     64676,18362,        3713998756,0.0,0.0
1,     64678,18363,        3714198760,0.0,0.0
1,     64680,18364,        3714398760,0.0,0.0
0,     64682,0,        3714588563,0.0,3289
1,     64684,18365,        3714598760,0.0,0.0
0,     64686,0,        3714659225,0.0,4164
1,     64688,18366,        3714798764,0.0,0.0
1,     64690,18367,        3714998764,0.0,0.0
0,     64692,0,        3715077086,0.0,4424
1,     64694,18368,        3715198764,0.0,0.0
1,     64696,18369,        3715398768,0.0,0.0
1,     64698,18370,        3715598768,0.0,0.0
1,     64700,18371,        3715798768,0.0,0.0
0,     64702,0,        3715909186,0.0,1643
1,     64704,18372,        3715998768,0.0,0.0
0,     64706,0,        3716022669,0.0,4981
1,     64708,18373,        3716198772,0.0,0.0
1,     64710,18374,        3716398772,0.0,0.0
0,     64712,0,        3716465382,0.0,6126
0,     64714,0,        3716481797,0.0,998
1,     64716,18375,        3716598772,0.0,0.0
0,     64718,0,        3716694213,0.0,4174
0,     64720,0,        3716700318,0.0,5050
1,     64722,18376,        3716798776,0.0,0.0
0,     64724,0,        3716903716,0.0,3025
0,     64726,0,        3716951279,0.0,436
1,     64728,18377,        3716998776,0.0,0.0
0,     64730,0,        3717071769,0.0,5685
1,     64732,18378,        3717198776,0.0,0.0
1,     64734,18379,        3717398776,0.0,0.0
1,     64736,18380,        3717598780,0.0,0.0
1,     64738,18381,        3717798780,0.0,0.0
1,     64740,18382,        3717998780,0.0,0.0
1,     64742,18383,        3718198784,0.0,0.0
1,     64744,18384,        3718398784,0.0,0.0
0,     64746,0,        3718499617,0.0,196
0,     64748,0,        3718516843,0.0,1782
1,     64750,18385,        3718598784,0.0,0.0
1,     64752,18386,        3718798788,0.0,0.0
0,     64754,0,        3718907468,0.0,1325
1,     64756,18387,        3718998788,0.0,0.0
1,     64758,18388,        3719198788,0.0,0.0
0,     64760,0,        3719277433,0.0,3601
1,     64762,18389,        3719398788,0.0,0.0
0,     64764,0,        3719401520,0.0,1098
1,     64766,18390,        3719598792,0.0,0.0
0,     64768,0,        3719714440,0.0,4353
1,     64770,18391,        3719798792,0.0,0.0
1,     64772,18392,        3719998792,0.0,0.0
0,     64774,0,        3720108484,0.0,5824
1,     64776,18393,        3720198796,0.0,0.0
0,     64778,0,        3720230281,0.0,1504
1,     64780,18394,        3720398796,0.0,0.0
0,     64782,0,        3720537221,0.0,3188
1,     64784,18395,        3720598796,0.0,0.0
1,     64786,18396,        3720798800,0.0,0.0
0,     64788,0,        3720817284,0.0,6192
0,     64790,0,        3720945618,0.0,3644
1,     64792,18397,        3720998800,0.0,0.0
1,     64794,18398,        3721198800,0.0,0.0
1,     64796,18399,        3721398800,0.0,0.0
0,     64798,0,        3721535162,0.0,5728
1,     64800,18400,        3721598804,0.0,0.0
1,     64802,18401,        3721798804,0.0,0.0
1,     64804,18402,        3721998804,0.0,0.0
0,     64806,0,        3722132509,0.0,6180
1,     64808,18403,        3722198808,0.0,0.0
1,     64810,18404,        3722398808,0.0,0.0
0,     64812,0,        3722486690,0.0,1615
1,     64814,18405,        3722598808,0.0,0.0
0,     64816,0,        3722612395,0.0,3181
1,     64818,18406,        3722798812,0.0,0.0
1,     64820,18407,        3722998812,0.0,0.0
1,     64822,18408,        3723198812,0.0,0.0
1,     64824,18409,        3723398812,0.0,0.0
1,     64826,18410,        3723598816,0.0,0.0
1,     64828,18411,        3723798816,0.0,0.0
0,     64830,0,        3723873779,0.0,1693
1,     64832,18412,        3723998816,0.0,0.0
0,     64834,0,        3724062087,0.0,4628
1,     64836,18413,        3724198820,0.0,0.0
1,     64838,18414,        3724398820,0.0,0.0
1,     64840,18415,        3724598820,0.0,0.0
1,     64842,18416,        3724798824,0.0,0.0
0,     64844,0,        3724840586,0.0,4565
1,     64846,18417,        3724998824,0.0,0.0
0,     64848,0,        3725022255,0.0,1347
0,     64849,0,        3725022311,0.0,5856
0,     64851,0,        3725049710,0.0,4787
1,     64853,18418,        3725198824,0.0,0.0
0,     64855,0,        3725232531,0.0,2966
1,     64857,18419,        3725398824,0.0,0.0
0,     64859,0,        3725558888,0.0,199
1,     64861,18420,        3725598828,0.0,0.0
1,     64863,18421,        3725798828,0.0,0.0
0,     64865,0,        3725886641,0.0,1183
1,     64867,18422,        3725998828,0.0,0.0
1,     64869,18423,        3726198832,0.0,0.0
0,     64871,0,        3726253108,0.0,908
1,     64873,18424,        3726398832,0.0,0.0
0,     64875,0,        3726483496,0.0,5253
0,     64877,0,        3726583104,0.0,2767
1,     64879,18425,        3726598832,0.0,0.0
1,     64881,18426,        3726798832,0.0,0.0
1,     64883,18427,        3726998836,0.0,0.0
1,     64885,18428,        3727198836,0.0,0.0
1,     64887,18429,        3727398836,0.0,0.0
1,     64889,18430,        3727598840,0.0,0.0
1,     64891,18431,        3727798840,0.0,0.0
1,     64893,18432,        3727998840,0.0,0.0
0,     64895,0,        3728019067,0.0,3602
0,     64897,0,        3728030355,0.0,957
0,     64898,0,        3728030399,0.0,138
0,     64900,0,        3728080272,0.0,2118
0,     64901,0,        3728080289,0.0,3868
1,     64903,18433,        3728198844,0.0,0.0
1,     64905,18434,        3728398844,0.0,0.0
1,     64907,18435,        3728598844,0.0,0.0
1,     64909,18436,        3728798844,0.0,0.0
1,     64911,18437,        3728998848,0.0,0.0
0,     64913,0,        3729109988,0.0,498
1,     64915,18438,        3729198848,0.0,0.0
0,     64917,0,        3729349957,0.0,5833
1,     64919,18439,        3729398848,0.0,0.0
1,     64921,18440,        3729598852,0.0,0.0
0,     64923,0,        3729605878,0.0,2265
1,     64925,18441,        3729798852,0.0,0.0
1,     64927,18442,        3729998852,0.0,0.0
1,     64929,18443,        3730198856,0.0,0.0
1,     64931,18444,        3730398856,0.0,0.0
0,     64933,0,        3730444218,0.0,268
1,     64935,18445,        3730598856,0.0,0.0
0,     64937,0,        3730673014,0.0,479
1,     64939,18446,        3730798856,0.0,0.0
0,     64941,0,        3730964618,0.0,5041
1,     64943,18447,        3730998860,0.0,0.0
1,     64945,18448,        3731198860,0.0,0.0
0,     64947,0,        3731280165,0.0,5065
1,     64949,18449,        3731398860,0.0,0.0
0,     64951,0,        3731412945,0.0,3350
0,     64953,0,        3731539724,0.0,1312
1,     64955,18450,        3731598864,0.0,0.0
0,     64957,0,        3731781339,0.0,2266
1,     64959,18451,        3731798864,0.0,0.0
0,     64961,0,        3731971384,0.0,2531
1,     64963,18452,        3731998864,0.0,0.0
0,     64965,0,        3732145825,0.0,65
1,     64967,18453,        3732198868,0.0,0.0
1,     64969,18454,        3732398868,0.0,0.0
1,     64971,18455,        3732598868,0.0,0.0
1,     64973,18456,        3732798868,0.0,0.0
0,     64975,0,        3732902417,0.0,5218
1,     64977,18457,        3732998872,0.0,0.0
1,     64979,18458,        3733198872,0.0,0.0
1,     64981,18459,        3733398872,0.0,0.0
1,     64983,18460,        3733598876,0.0,0.0
0,     64985,0,        3733692805,0.0,1583
0,     64987,0,        3733700465,0.0,229
0,     64989,0,        3733765147,0.0,4574
1,     64991,18461,        3733798876,0.0,0.0
1,     64993,18462,        3733998876,0.0,0.0
0,     64995,0,        3734046717,0.0,3885
0,     64997,0,        3734116714,0.0,4596
1,     64999,18463,        3734198880,0.0,0.0
1,     65001,18464,        3734398880,0.0,0.0
0,     65003,0,        3734416467,0.0,6009
1,     65005,18465,        3734598880,0.0,0.0
0,     65007,0,        3734621129,0.0,2179
0,     65009,0,        3734721482,0.0,4617
0,     65011,0,        3734722088,0.0,268
1,     65013,18466,        3734798880,0.0,0.0
1,     65015,18467,        3734998884,0.0,0.0
0,     65017,0,        3735083160,0.0,4453
1,     65019,18468,        3735198884,0.0,0.0
0,     65021,0,        3735219019,0.0,6200
1,     65023,18469,        3735398884,0.0,0.0
1,     65025,18470,        3735598888,0.0,0.0
1,     65027,18471,        3735798888,0.0,0.0
1,     65029,18472,        3735998888,0.0,0.0
0,     65030,0,        3735999111,0.0,5359
1,     65032,18473,        3736198888,0.0,0.0
0,     65034,0,        3736274763,0.0,5428
1,     65036,18474,        3736398892,0.0,0.0
1,     65038,18475,        3736598892,0.0,0.0
0,     65040,0,        3736784064,0.0,1012
1,     65042,18476,        3736798892,0.0,0.0
0,     65044,0,        3736848226,0.0,5496
0,     65046,0,        3736960818,0.0,4090
1,     65048,18477,        3736998896,0.0,0.0
1,     65050,18478,        3737198896,0.0,0.0
0,     65052,0,        3737232630,0.0,1470
0,     65054,0,        3737367872,0.0,1391
1,     65056,18479,        3737398896,0.0,0.0
1,     65058,18480,        3737598900,0.0,0.0
0,     65060,0,        3737680439,0.0,1385
1,     65062,18481,        3737798900,0.0,0.0
0,     65064,0,        3737914475,0.0,6047
1,     65066,18482,        3737998900,0.0,0.0
1,     65068,18483,        3738198900,0.0,0.0
1,     65070,18484,        3738398904,0.0,0.0
1,     65072,18485,        3738598904,0.0,0.0
1,     65074,18486,        3738798904,0.0,0.0
1,     65076,18487,        3738998908,0.0,0.0
0,     65078,0,        3739130031,0.0,1851
1,     65080,18488,        3739198908,0.0,0.0
1,     65082,18489,        3739398908,0.0,0.0
0,     65084,0,        3739413770,0.0,776
0,     65086,0,        3739460217,0.0,615
0,     65088,0,        3739463928,0.0,1786
1,     65090,18490,        3739598912,0.0,0.0
0,     65092,0,        3739647936,0.0,602
1,     65094,18491,        3739798912,0.0,0.0
1,     65096,18492,        3739998912,0.0,0.0
0,     65098,0,        3740036076,0.0,948
1,     65100,18493,        3740198912,0.0,0.0
0,     65102,0,        3740238648,0.0,2183
1,     65104,18494,        3740398916,0.0,0.0
1,     65106,18495,        3740598916,0.0,0.0
0,     65108,0,        3740695179,0.0,3463
0,     65110,0,        3740700258,0.0,809
0,     65112,0,        3740771843,0.0,2749
1,     65114,18496,        3740798916,0.0,0.0
1,     65116,18497,        3740998920,0.0,0.0
0,     65118,0,        3741187351,0.0,2452
1,     65120,18498,        3741198920,0.0,0.0
1,     65122,18499,        3741398920,0.0,0.0
0,     65124,0,        3741546428,0.0,2393
1,     65126,18500,        3741598924,0.0,0.0
1,     65128,18501,        3741798924,0.0,0.0
1,     65130,18502,        3741998924,0.0,0.0
1,     65132,18503,        3742198924,0.0,0.0
0,     65134,0,        3742241684,0.0,3690
1,     65136,18504,        3742398928,0.0,0.0
0,     65138,0,        3742575724,0.0,498
1,     65140,18505,        3742598928,0.0,0.0
0,     65142,0,        3742778589,0.0,2989
1,     65144,18506,        3742798928,0.0,0.0
1,     65146,18507,        3742998932,0.0,0.0
1,     65148,18508,        3743198932,0.0,0.0
1,     65150,18509,        3743398932,0.0,0.0
0,     65152,0,        3743497792,0.0,707
1,     65154,18510,        3743598932,0.0,0.0
0,     65156,0,        3743623262,0.0,1477
1,     65158,18511,        3743798936,0.0,0.0
0,     65160,0,        3743831818,0.0,180
1,     65162,18512,        3743998936,0.0,0.0
0,     65164,0,        3744144958,0.0,1386
0,     65166,0,        3744155662,0.0,2957
1,     65168,18513,        3744198936,0.0,0.0
0,     65170,0,        3744337704,0.0,3778
1,     65172,18514,        3744398940,0.0,0.0
1,     65174,18515,        3744598940,0.0,0.0
0,     65176,0,        3744653302,0.0,4928
1,     65178,18516,        3744798940,0.0,0.0
0,     65180,0,        3744905286,0.0,2921
1,     65182,18517,        3744998944,0.0,0.0
1,     65184,18518,        3745198944,0.0,0.0
1,     65186,18519,        3745398944,0.0,0.0
1,     65188,18520,        3745598944,0.0,0.0
0,     65190,0,        3745649673,0.0,5483
0,     65192,0,        3745672204,0.0,1117
0,     65194,0,        3745752221,0.0,5896
1,     65196,18521,        3745798948,0.0,0.0
1,     65198,18522,        3745998948,0.0,0.0
0,     65200,0,        3746082830,0.0,4572
1,     65202,18523,        3746198948,0.0,0.0
0,     65204,0,        3746228543,0.0,3023
0,     65206,0,        3746397127,0.0,5227
1,     65208,18524,        3746398952,0.0,0.0
0,     65210,0,        3746494417,0.0,1713
1,     65212,18525,        3746598952,0.0,0.0
1,     65214,18526,        3746798952,0.0,0.0
0,     65216,0,        3746850331,0.0,1346
1,     65218,18527,        3746998956,0.0,0.0
0,     65220,0,        3747028618,0.0,3282
0,     65221,0,        3747028870,0.0,4976
0,     65223,0,        3747145421,0.0,2194
1,     65225,18528,        3747198956,0.0,0.0
0,     65227,0,        3747277576,0.0,4451
1,     65229,18529,        3747398956,0.0,0.0
0,     65230,0,        3747399256,0.0,3971
0,     65232,0,        3747480491,0.0,5060
0,     65234,0,        3747482755,0.0,3015
1,     65236,18530,        3747598956,0.0,0.0
1,     65238,18531,        3747798960,0.0,0.0
1,     65240,18532,        3747998960,0.0,0.0
0,     65242,0,        3748007100,0.0,5352
1,     65244,18533,        3748198960,0.0,0.0
1,     65246,18534,        3748398964,0.0,0.0
1,     65248,18535,        3748598964,0.0,0.0
0,     65250,0,        3748786081,0.0,3579
1,     65252,18536,        3748798964,0.0,0.0
0,     65254,0,        3748907433,0.0,5318
1,     65256,18537,        3748998968,0.0,0.0
0,     65258,0,        3749047328,0.0,2662
1,     65260,18538,        3749198968,0.0,0.0
0,     65262,0,        3749315988,0.0,524
1,     65264,18539,        3749398968,0.0,0.0
0,     65266,0,        3749539700,0.0,1359
1,     65268,18540,        3749598968,0.0,0.0
1,     65270,18541,        3749798972,0.0,0.0
0,     65272,0,        3749888472,0.0,3499
1,     65274,18542,        3749998972,0.0,0.0
0,     65276,0,        3750053495,0.0,3489
1,     65278,18543,        3750198972,0.0,0.0
0,     65280,0,        3750261892,0.0,3002
0,     65282,0,        3750379981,0.0,3075
1,     65284,18544,        3750398976,0.0,0.0
1,     65286,18545,        3750598976,0.0,0.0
0,     65288,0,        3750637204,0.0,3475
0,     65290,0,        3750770292,0.0,3531
1,     65292,18546,        3750798976,0.0,0.0
0,     65294,0,        3750897267,0.0,3458
0,     65296,0,        3750978870,0.0,2149
1,     65298,18547,        3750998980,0.0,0.0
1,     65300,18548,        3751198980,0.0,0.0
1,     65302,18549,        3751398980,0.0,0.0
0,     65304,0,        3751506456,0.0,1531
1,     65306,18550,        3751598980,0.0,0.0
0,     65308,0,        3751605135,0.0,2050
0,     65310,0,        3751610411,0.0,391
0,     65312,0,        3751779884,0.0,3559
1,     65314,18551,        3751798984,0.0,0.0
1,     65316,18552,        3751998984,0.0,0.0
0,     65318,0,        3752191470,0.0,2250
0,     65320,0,        3752193262,0.0,3979
1,     65322,18553,        3752198984,0.0,0.0
1,     65324,18554,        3752398988,0.0,0.0
0,     65326,0,        3752519804,0.0,3447
1,     65328,18555,        3752598988,0.0,0.0
1,     65330,18556,        3752798988,0.0,0.0
0,     65332,0,        3752824224,0.0,3599
1,     65334,18557,        3752998992,0.0,0.0
0,     65336,0,        3753188847,0.0,4165
0,     65338,0,        3753190632,0.0,3442
1,     65340,18558,        3753198992,0.0,0.0
0,     65342,0,        3753390109,0.0,2843
1,     65344,18559,        3753398992,0.0,0.0
0,     65346,0,        3753432879,0.0,2792
0,     65347,0,        3753432959,0.0,4424
0,     65349,0,        3753463987,0.0,3381
0,     65351,0,        3753587000,0.0,5313
1,     65353,18560,        3753598992,0.0,0.0
1,     65355,18561,        3753798996,0.0,0.0
0,     65357,0,        3753811975,0.0,3882
1,     65359,18562,        3753998996,0.0,0.0
0,     65360,0,        3753999149,0.0,3569
1,     65362,18563,        3754198996,0.0,0.0
0,     65364,0,        3754396307,0.0,3986
1,     65366,18564,        3754399000,0.0,0.0
0,     65368,0,        3754545372,0.0,3660
1,     65370,18565,        3754599000,0.0,0.0
1,     65372,18566,        3754799000,0.0,0.0
0,     65374,0,        3754862773,0.0,6035
0,     65376,0,        3754891547,0.0,459
1,     65378,18567,        3754999000,0.0,0.0
0,     65380,0,        3755088405,0.0,267
1,     65382,18568,        3755199004,0.0,0.0
1,     65384,18569,        3755399004,0.0,0.0
0,     65386,0,        3755485237,0.0,3353
0,     65388,0,        3755576198,0.0,4315
1,     65390,18570,        3755599004,0.0,0.0
1,     65392,18571,        3755799008,0.0,0.0
1,     65394,18572,        3755999008,0.0,0.0
0,     65396,0,        3756101150,0.0,3458
1,     65398,18573,        3756199008,0.0,0.0
1,     65400,18574,        3756399012,0.0,0.0
1,     65402,18575,        3756599012,0.0,0.0
1,     65404,18576,        3756799012,0.0,0.0
0,     65406,0,        3756829455,0.0,565
0,     65408,0,        3756857173,0.0,3334
0,     65410,0,        3756858526,0.0,3350
1,     65412,18577,        3756999012,0.0,0.0
0,     65414,0,        3757109186,0.0,1807
1,     65416,18578,        3757199016,0.0,0.0
0,     65418,0,        3757219856,0.0,596
0,     65420,0,        3757256011,0.0,699
1,     65422,18579,        3757399016,0.0,0.0
1,     65424,18580,        3757599016,0.0,0.0
1,     65426,18581,        3757799020,0.0,0.0
0,     65428,0,        3757813557,0.0,1376
1,     65430,18582,        3757999020,0.0,0.0
0,     65432,0,        3758172592,0.0,5969
1,     65434,18583,        3758199020,0.0,0.0
0,     65436,0,        3758339999,0.0,2439
1,     65438,18584,        3758399024,0.0,0.0
1,     65440,18585,        3758599024,0.0,0.0
1,     65442,18586,        3758799024,0.0,0.0
0,     65444,0,        3758825180,0.0,4198
1,     65446,18587,        3758999024,0.0,0.0
1,     65448,18588,        3759199028,0.0,0.0
0,     65450,0,        3759372284,0.0,1808
1,     65452,18589,        3759399028,0.0,0.0
0,     65454,0,        3759592619,0.0,2833
1,     65456,18590,        3759599028,0.0,0.0
1,     65458,18591,        3759799032,0.0,0.0
0,     65460,0,        3759802829,0.0,321
0,     65462,0,        3759847484,0.0,6173
0,     65463,0,        3759847770,0.0,2111
1,     65465,18592,        3759999032,0.0,0.0
0,     65467,0,        3760164216,0.0,1338
1,     65469,18593,        3760199032,0.0,0.0
1,     65471,18594,        3760399032,0.0,0.0
0,     65473,0,        3760577605,0.0,4321
1,     65475,18595,        3760599036,0.0,0.0
1,     65477,18596,        3760799036,0.0,0.0
0,     65479,0,        3760811945,0.0,2566
0,     65481,0,        3760953441,0.0,317
1,     65483,18597,        3760999036,0.0,0.0
1,     65485,18598,        3761199040,0.0,0.0
1,     65487,18599,        3761399040,0.0,0.0
0,     65489,0,        3761567603,0.0,5666
1,     65491,18600,        3761599040,0.0,0.0
0,     65493,0,        3761710725,0.0,3319
1,     65495,18601,        3761799044,0.0,0.0
1,     65497,18602,        3761999044,0.0,0.0
0,     65499,0,        3762006324,0.0,4412
0,     65501,0,        3762046142,0.0,129
0,     65503,0,        3762197315,0.0,2788
1,     65505,18603,        3762199044,0.0,0.0
0,     65507,0,        3762244753,0.0,5617
1,     65509,18604,        3762399044,0.0,0.0
0,     65511,0,        3762466338,0.0,1827
1,     65513,18605,        3762599048,0.0,0.0
1,     65515,18606,        3762799048,0.0,0.0
0,     65517,0,        3762944477,0.0,3567
1,     65519,18607,        3762999048,0.0,0.0
1,     65521,18608,        3763199052,0.0,0.0
1,     65523,18609,        3763399052,0.0,0.0
1,     65525,18610,        3763599052,0.0,0.0
0,     65527,0,        3763644575,0.0,2640
1,     65529,18611,        3763799056,0.0,0.0
0,     65531,0,        3763965264,0.0,3795
1,     65533,18612,        3763999056,0.0,0.0
1,     65535,18613,        3764199056,0.0,0.0
0,     65537,0,        3764312135,0.0,4773
1,     65539,18614,        3764399056,0.0,0.0
1,     65541,18615,        3764599060,0.0,0.0
1,     65543,18616,        3764799060,0.0,0.0
1,     65545,18617,        3764999060,0.0,0.0
1,     65547,18618,        3765199064,0.0,0.0
1,     65549,18619,        3765399064,0.0,0.0
1,     65551,18620,        3765599064,0.0,0.0
1,     65553,18621,        3765799068,0.0,0.0
1,     65555,18622,        3765999068,0.0,0.0
1,     65557,18623,        3766199068,0.0,0.0
0,     65559,0,        3766291445,0.0,1775
1,     65561,18624,        3766399068,0.0,0.0
1,     65563,18625,        3766599072,0.0,0.0
0,     65565,0,        3766608599,0.0,2087
0,     65567,0,        3766726228,0.0,4597
1,     65569,18626,        3766799072,0.0,0.0
1,     65571,18627,        3766999072,0.0,0.0
1,     65573,18628,        3767199076,0.0,0.0
1,     65575,18629,        3767399076,0.0,0.0
1,     65577,18630,        3767599076,0.0,0.0
1,     65579,18631,        3767799080,0.0,0.0
1,     65581,18632,        3767999080,0.0,0.0
0,     65583,0,        3768028459,0.0,2963
1,     65585,18633,        3768199080,0.0,0.0
0,     65587,0,        3768271358,0.0,2765
0,     65589,0,        3768347324,0.0,6209
0,     65591,0,        3768384479,0.0,2548
1,     65593,18634,        3768399080,0.0,0.0
1,     65595,18635,        3768599084,0.0,0.0
0,     65597,0,        3768630996,0.0,1417
1,     65599,18636,        3768799084,0.0,0.0
0,     65601,0,        3768969681,0.0,5762
1,     65603,18637,        3768999084,0.0,0.0
1,     65605,18638,        3769199088,0.0,0.0
0,     65607,0,        3769360893,0.0,5854
1,     65609,18639,        3769399088,0.0,0.0
0,     65611,0,        3769411707,0.0,5527
1,     65613,18640,        3769599088,0.0,0.0
0,     65615,0,        3769650765,0.0,2800
1,     65617,18641,        3769799092,0.0,0.0
0,     65619,0,        3769870852,0.0,4550
1,     65621,18642,        3769999092,0.0,0.0
0,     65623,0,        3770122724,0.0,29
0,     65625,0,        3770186746,0.0,4145
0,     65626,0,        3770186750,0.0,89
1,     65628,18643,        3770199092,0.0,0.0
0,     65630,0,        3770308905,0.0,1923
1,     65632,18644,        3770399092,0.0,0.0
1,     65634,18645,        3770599096,0.0,0.0
0,     65636,0,        3770750010,0.0,2186
1,     65638,18646,        3770799096,0.0,0.0
1,     65640,18647,        3770999096,0.0,0.0
1,     65642,18648,        3771199100,0.0,0.0
1,     65644,18649,        3771399100,0.0,0.0
1,     65646,18650,        3771599100,0.0,0.0
0,     65648,0,        3771699775,0.0,640
1,     65650,18651,        3771799100,0.0,0.0
1,     65652,18652,        3771999104,0.0,0.0
1,     65654,18653,        3772199104,0.0,0.0
1,     65656,18654,        3772399104,0.0,0.0
0,     65658,0,        3772447086,0.0,5687
1,     65660,18655,        3772599108,0.0,0.0
1,     65662,18656,        3772799108,0.0,0.0
1,     65664,18657,        3772999108,0.0,0.0
0,     65666,0,        3773174477,0.0,984
1,     65668,18658,        3773199112,0.0,0.0
1,     65670,18659,        3773399112,0.0,0.0
1,     65672,18660,        3773599112,0.0,0.0
1,     65674,18661,        3773799112,0.0,0.0
0,     65676,0,        3773841779,0.0,5412
0,     65678,0,        3773870424,0.0,1499
0,     65680,0,        3773953636,0.0,1703
1,     65682,18662,        3773999116,0.0,0.0
1,     65684,18663,        3774199116,0.0,0.0
1,     65686,18664,        3774399116,0.0,0.0
0,     65688,0,        3774594817,0.0,5502
1,     65690,18665,        3774599120,0.0,0.0
0,     65692,0,        3774779990,0.0,6063
1,     65694,18666,        3774799120,0.0,0.0
1,     65696,18667,        3774999120,0.0,0.0
1,     65698,18668,        3775199124,0.0,0.0
1,     65700,18669,        3775399124,0.0,0.0
1,     65702,18670,        3775599124,0.0,0.0
1,     65704,18671,        3775799124,0.0,0.0
0,     65706,0,        3775859668,0.0,3977
1,     65708,18672,        3775999128,0.0,0.0
0,     65710,0,        3776153480,0.0,3365
1,     65712,18673,        3776199128,0.0,0.0
1,     65714,18674,        3776399128,0.0,0.0
0,     65716,0,        3776534122,0.0,3370
0,     65718,0,        3776564403,0.0,3367
1,     65720,18675,        3776599132,0.0,0.0
0,     65722,0,        3776657156,0.0,3361
1,     65724,18676,        3776799132,0.0,0.0
0,     65726,0,        3776903285,0.0,2365
1,     65728,18677,        3776999132,0.0,0.0
0,     65730,0,        3777159876,0.0,2841
1,     65732,18678,        3777199136,0.0,0.0
0,     65734,0,        3777236766,0.0,3351
0,     65736,0,        3777355877,0.0,5990
0,     65737,0,        3777355885,0.0,3285
1,     65739,18679,        3777399136,0.0,0.0
1,     65741,18680,        3777599136,0.0,0.0
0,     65743,0,        3777605846,0.0,2077
0,     65745,0,        3777675044,0.0,5532
0,     65747,0,        3777763141,0.0,3483
1,     65749,18681,        3777799136,0.0,0.0
0,     65751,0,        3777864684,0.0,1763
0,     65753,0,        3777887201,0.0,3390
1,     65755,18682,        3777999140,0.0,0.0
0,     65757,0,        3778129483,0.0,4405
1,     65759,18683,        3778199140,0.0,0.0
0,     65761,0,        3778398638,0.0,4701
1,     65762,18684,        3778399140,0.0,0.0
1,     65764,18685,        3778599144,0.0,0.0
1,     65766,18686,        3778799144,0.0,0.0
0,     65768,0,        3778980130,0.0,3075
1,     65770,18687,        3778999144,0.0,0.0
0,     65772,0,        3779185424,0.0,587
1,     65774,18688,        3779199144,0.0,0.0
0,     65776,0,        3779267727,0.0,2827
1,     65778,18689,        3779399148,0.0,0.0
1,     65780,18690,        3779599148,0.0,0.0
1,     65782,18691,        3779799148,0.0,0.0
1,     65784,18692,        3779999152,0.0,0.0
0,     65786,0,        3780152147,0.0,3573
1,     65788,18693,        3780199152,0.0,0.0
1,     65790,18694,        3780399152,0.0,0.0
0,     65792,0,        3780479579,0.0,2133
1,     65794,18695,        3780599156,0.0,0.0
1,     65796,18696,        3780799156,0.0,0.0
1,     65798,18697,        3780999156,0.0,0.0
0,     65800,0,        3781155298,0.0,1908
1,     65802,18698,        3781199156,0.0,0.0
1,     65804,18699,        3781399160,0.0,0.0
1,     65806,18700,        3781599160,0.0,0.0
1,     65808,18701,        3781799160,0.0,0.0
0,     65810,0,        3781987253,0.0,1861
1,     65812,18702,        3781999164,0.0,0.0
0,     65814,0,        3782121331,0.0,2663
1,     65816,18703,        3782199164,0.0,0.0
0,     65818,0,        3782208881,0.0,1305
1,     65820,18704,        3782399164,0.0,0.0
1,     65822,18705,        3782599168,0.0,0.0
1,     65824,18706,        3782799168,0.0,0.0
0,     65826,0,        3782902745,0.0,3568
1,     65828,18707,        3782999168,0.0,0.0
0,     65830,0,        3783025623,0.0,1960
0,     65832,0,        3783171782,0.0,3712
0,     65833,0,        3783171984,0.0,1641
1,     65835,18708,        3783199168,0.0,0.0
0,     65837,0,        3783272498,0.0,2282
0,     65839,0,        3783382704,0.0,2511
1,     65841,18709,        3783399172,0.0,0.0
0,     65843,0,        3783423617,0.0,5572
1,     65845,18710,        3783599172,0.0,0.0
0,     65847,0,        3783705631,0.0,2823
1,     65849,18711,        3783799172,0.0,0.0
1,     65851,18712,        3783999176,0.0,0.0
1,     65853,18713,        3784199176,0.0,0.0
0,     65855,0,        3784212492,0.0,4177
0,     65857,0,        3784296355,0.0,3658
0,     65859,0,        3784334670,0.0,4901
0,     65861,0,        3784381046,0.0,189
1,     65863,18714,        3784399176,0.0,0.0
1,     65865,18715,        3784599180,0.0,0.0
0,     65867,0,        3784630569,0.0,4196
0,     65869,0,        3784778621,0.0,3982
1,     65871,18716,        3784799180,0.0,0.0
0,     65873,0,        3784806507,0.0,5812
1,     65875,18717,        3784999180,0.0,0.0
0,     65877,0,        3785033448,0.0,3072
1,     65879,18718,        3785199180,0.0,0.0
1,     65881,18719,        3785399184,0.0,0.0
1,     65883,18720,        3785599184,0.0,0.0
0,     65885,0,        3785693787,0.0,3451
1,     65887,18721,        3785799184,0.0,0.0
1,     65889,18722,        3785999188,0.0,0.0
0,     65891,0,        3786005314,0.0,1438
1,     65893,18723,        3786199188,0.0,0.0
1,     65895,18724,        3786399188,0.0,0.0
1,     65897,18725,        3786599192,0.0,0.0
0,     65899,0,        3786719794,0.0,6074
1,     65901,18726,        3786799192,0.0,0.0
1,     65903,18727,        3786999192,0.0,0.0
1,     65905,18728,        3787199192,0.0,0.0
1,     65907,18729,        3787399196,0.0,0.0
1,     65909,18730,        3787599196,0.0,0.0
1,     65911,18731,        3787799196,0.0,0.0
0,     65913,0,        3787820425,0.0,4237
1,     65915,18732,        3787999200,0.0,0.0
0,     65917,0,        3788183810,0.0,136
1,     65919,18733,        3788199200,0.0,0.0
1,     65921,18734,        3788399200,0.0,0.0
0,     65923,0,        3788598611,0.0,782
1,     65924,18735,        3788599204,0.0,0.0
1,     65926,18736,        3788799204,0.0,0.0
0,     65928,0,        3788823344,0.0,3884
0,     65930,0,        3788928422,0.0,3915
0,     65932,0,        3788951896,0.0,2089
1,     65934,18737,        3788999204,0.0,0.0
1,     65936,18738,        3789199204,0.0,0.0
1,     65938,18739,        3789399208,0.0,0.0
0,     65940,0,        3789491662,0.0,658
0,     65942,0,        3789574561,0.0,525
1,     65944,18740,        3789599208,0.0,0.0
1,     65946,18741,        3789799208,0.0,0.0
1,     65948,18742,        3789999212,0.0,0.0
1,     65950,18743,        3790199212,0.0,0.0
1,     65952,18744,        3790399212,0.0,0.0
0,     65954,0,        3790421983,0.0,712
1,     65956,18745,        3790599212,0.0,0.0
0,     65958,0,        3790794028,0.0,2300
1,     65960,18746,        3790799216,0.0,0.0
1,     65962,18747,        3790999216,0.0,0.0
0,     65964,0,        3791141103,0.0,5392
1,     65966,18748,        3791199216,0.0,0.0
1,     65968,18749,        3791399220,0.0,0.0
1,     65970,18750,        3791599220,0.0,0.0
1,     65972,18751,        3791799220,0.0,0.0
1,     65974,18752,        3791999224,0.0,0.0
1,     65976,18753,        3792199224,0.0,0.0
1,     65978,18754,        3792399224,0.0,0.0
1,     65980,18755,        3792599224,0.0,0.0
0,     65982,0,        3792749927,0.0,3392
1,     65984,18756,        3792799228,0.0,0.0
0,     65986,0,        3792806779,0.0,3803
0,     65988,0,        3792928577,0.0,4254
1,     65990,18757,        3792999228,0.0,0.0
1,     65992,18758,        3793199228,0.0,0.0
1,     65994,18759,        3793399232,0.0,0.0
1,     65996,18760,        3793599232,0.0,0.0
0,     65998,0,        3793759169,0.0,6239
1,     66000,18761,        3793799232,0.0,0.0
1,     66002,18762,        3793999236,0.0,0.0
1,     66004,18763,        3794199236,0.0,0.0
0,     66006,0,        3794316452,0.0,6126
0,     66008,0,        3794363903,0.0,4683
0,     66010,0,        3794374055,0.0,1859
1,     66012,18764,        3794399236,0.0,0.0
1,     66014,18765,        3794599236,0.0,0.0
1,     66016,18766,        3794799240,0.0,0.0
1,     66018,18767,        3794999240,0.0,0.0
1,     66020,18768,        3795199240,0.0,0.0
0,     66022,0,        3795270952,0.0,2306
0,     66024,0,        3795379150,0.0,4467
1,     66026,18769,        3795399244,0.0,0.0
0,     66028,0,        3795580937,0.0,5382
1,     66030,18770,        3795599244,0.0,0.0
0,     66032,0,        3795645823,0.0,1326
0,     66033,0,        3795645910,0.0,6184
1,     66035,18771,        3795799244,0.0,0.0
0,     66037,0,        3795941028,0.0,5118
0,     66038,0,        3795941054,0.0,2793
1,     66040,18772,        3795999248,0.0,0.0
0,     66042,0,        3796082462,0.0,4738
1,     66044,18773,        3796199248,0.0,0.0
1,     66046,18774,        3796399248,0.0,0.0
1,     66048,18775,        3796599248,0.0,0.0
1,     66050,18776,        3796799252,0.0,0.0
1,     66052,18777,        3796999252,0.0,0.0
0,     66054,0,        3797147247,0.0,2600
1,     66056,18778,        3797199252,0.0,0.0
0,     66058,0,        3797351856,0.0,3567
0,     66060,0,        3797373766,0.0,2234
1,     66062,18779,        3797399256,0.0,0.0
0,     66064,0,        3797469630,0.0,4160
1,     66066,18780,        3797599256,0.0,0.0
1,     66068,18781,        3797799256,0.0,0.0
0,     66070,0,        3797898487,0.0,174
0,     66072,0,        3797909160,0.0,6239
1,     66074,18782,        3797999256,0.0,0.0
1,     66076,18783,        3798199260,0.0,0.0
0,     66078,0,        3798199955,0.0,412
0,     66080,0,        3798205284,0.0,4124
1,     66082,18784,        3798399260,0.0,0.0
1,     66084,18785,        3798599260,0.0,0.0
0,     66086,0,        3798707948,0.0,1195
1,     66088,18786,        3798799264,0.0,0.0
0,     66090,0,        3798836195,0.0,5788
0,     66092,0,        3798995444,0.0,3673
1,     66094,18787,        3798999264,0.0,0.0
0,     66096,0,        3799142951,0.0,4619
1,     66098,18788,        3799199264,0.0,0.0
1,     66100,18789,        3799399268,0.0,0.0
1,     66102,18790,        3799599268,0.0,0.0
1,     66104,18791,        3799799268,0.0,0.0
1,     66106,18792,        3799999268,0.0,0.0
1,     66108,18793,        3800199272,0.0,0.0
1,     66110,18794,        3800399272,0.0,0.0
1,     66112,18795,        3800599272,0.0,0.0
1,     66114,18796,        3800799276,0.0,0.0
0,     66116,0,        3800836204,0.0,3979
0,     66118,0,        3800890447,0.0,935
1,     66120,18797,        3800999276,0.0,0.0
1,     66122,18798,        3801199276,0.0,0.0
0,     66124,0,        3801282964,0.0,3215
0,     66125,0,        3801282973,0.0,1186
0,     66127,0,        3801301317,0.0,1809
1,     66129,18799,        3801399280,0.0,0.0
1,     66131,18800,        3801599280,0.0,0.0
0,     66133,0,        3801752241,0.0,3685
1,     66135,18801,        3801799280,0.0,0.0
0,     66137,0,        3801870361,0.0,3704
1,     66139,18802,        3801999280,0.0,0.0
0,     66141,0,        3802138058,0.0,3401
1,     66143,18803,        3802199284,0.0,0.0
0,     66145,0,        3802287644,0.0,2940
1,     66147,18804,        3802399284,0.0,0.0
0,     66149,0,        3802434818,0.0,954
1,     66151,18805,        3802599284,0.0,0.0
1,     66153,18806,        3802799288,0.0,0.0
1,     66155,18807,        3802999288,0.0,0.0
0,     66157,0,        3803184345,0.0,3636
1,     66159,18808,        3803199288,0.0,0.0
0,     66161,0,        3803246140,0.0,108
1,     66163,18809,        3803399292,0.0,0.0
0,     66165,0,        3803542140,0.0,189
1,     66167,18810,        3803599292,0.0,0.0
1,     66169,18811,        3803799292,0.0,0.0
1,     66171,18812,        3803999292,0.0,0.0
1,     66173,18813,        3804199296,0.0,0.0
0,     66175,0,        3804339931,0.0,3312
1,     66177,18814,        3804399296,0.0,0.0
1,     66179,18815,        3804599296,0.0,0.0
0,     66181,0,        3804665643,0.0,814
1,     66183,18816,        3804799300,0.0,0.0
0,     66185,0,        3804984677,0.0,1095
1,     66187,18817,        3804999300,0.0,0.0
0,     66189,0,        3805137370,0.0,1434
1,     66191,18818,        3805199300,0.0,0.0
1,     66193,18819,        3805399304,0.0,0.0
0,     66195,0,        3805576225,0.0,4104
1,     66197,18820,        3805599304,0.0,0.0
1,     66199,18821,        3805799304,0.0,0.0
0,     66201,0,        3805828816,0.0,2058
1,     66203,18822,        3805999304,0.0,0.0
0,     66205,0,        3806143001,0.0,2290
1,     66207,18823,        3806199308,0.0,0.0
0,     66209,0,        3806274654,0.0,3538
1,     66211,18824,        3806399308,0.0,0.0
1,     66213,18825,        3806599308,0.0,0.0
1,     66215,18826,        3806799312,0.0,0.0
1,     66217,18827,        3806999312,0.0,0.0
0,     66219,0,        3807147085,0.0,5417
1,     66221,18828,        3807199312,0.0,0.0
1,     66223,18829,        3807399316,0.0,0.0
1,     66225,18830,        3807599316,0.0,0.0
0,     66227,0,        3807637568,0.0,813
1,     66229,18831,        3807799316,0.0,0.0
1,     66231,18832,        3807999316,0.0,0.0
0,     66233,0,        3808196165,0.0,3124
1,     66235,18833,        3808199320,0.0,0.0
1,     66237,18834,        3808399320,0.0,0.0
0,     66239,0,        3808429700,0.0,4611
1,     66241,18835,        3808599320,0.0,0.0
0,     66243,0,        3808635523,0.0,5192
1,     66245,18836,        3808799324,0.0,0.0
0,     66247,0,        3808848790,0.0,5877
1,     66249,18837,        3808999324,0.0,0.0
1,     66251,18838,        3809199324,0.0,0.0
0,     66253,0,        3809223532,0.0,5539
1,     66255,18839,        3809399324,0.0,0.0
1,     66257,18840,        3809599328,0.0,0.0
1,     66259,18841,        3809799328,0.0,0.0
1,     66261,18842,        3809999328,0.0,0.0
0,     66263,0,        3810130988,0.0,5918
1,     66265,18843,        3810199332,0.0,0.0
0,     66267,0,        3810286234,0.0,3733
1,     66269,18844,        3810399332,0.0,0.0
1,     66271,18845,        3810599332,0.0,0.0
1,     66273,18846,        3810799336,0.0,0.0
0,     66275,0,        3810810935,0.0,5044
0,     66277,0,        3810917592,0.0,1875
0,     66279,0,        3810940660,0.0,1787
1,     66281,18847,        3810999336,0.0,0.0
1,     66283,18848,        3811199336,0.0,0.0
0,     66285,0,        3811268331,0.0,5429
0,     66287,0,        3811374590,0.0,5685
1,     66289,18849,        3811399336,0.0,0.0
1,     66291,18850,        3811599340,0.0,0.0
0,     66293,0,        3811650315,0.0,4019
1,     66295,18851,        3811799340,0.0,0.0
1,     66297,18852,        3811999340,0.0,0.0
0,     66299,0,        3812150678,0.0,1194
1,     66301,18853,        3812199344,0.0,0.0
1,     66303,18854,        3812399344,0.0,0.0
1,     66305,18855,        3812599344,0.0,0.0
1,     66307,18856,        3812799348,0.0,0.0
0,     66309,0,        3812825255,0.0,126
0,     66311,0,        3812882049,0.0,635
1,     66313,18857,        3812999348,0.0,0.0
0,     66315,0,        3813169833,0.0,4273
1,     66317,18858,        3813199348,0.0,0.0
1,     66319,18859,        3813399348,0.0,0.0
0,     66321,0,        3813460896,0.0,5316
1,     66323,18860,        3813599352,0.0,0.0
1,     66325,18861,        3813799352,0.0,0.0
1,     66327,18862,        3813999352,0.0,0.0
0,     66329,0,        3814002194,0.0,2091
0,     66331,0,        3814036461,0.0,5705
1,     66333,18863,        3814199356,0.0,0.0
1,     66335,18864,        3814399356,0.0,0.0
0,     66337,0,        3814501561,0.0,3160
0,     66339,0,        3814586868,0.0,3540
1,     66341,18865,        3814599356,0.0,0.0
1,     66343,18866,        3814799360,0.0,0.0
1,     66345,18867,        3814999360,0.0,0.0
0,     66347,0,        3815067533,0.0,5562
1,     66349,18868,        3815199360,0.0,0.0
1,     66351,18869,        3815399360,0.0,0.0
1,     66353,18870,        3815599364,0.0,0.0
1,     66355,18871,        3815799364,0.0,0.0
0,     66357,0,        3815988455,0.0,4825
1,     66359,18872,        3815999364,0.0,0.0
0,     66361,0,        3816067551,0.0,698
1,     66363,18873,        3816199368,0.0,0.0
0,     66365,0,        3816390948,0.0,4945
1,     66367,18874,        3816399368,0.0,0.0
1,     66369,18875,        3816599368,0.0,0.0
1,     66371,18876,        3816799368,0.0,0.0
0,     66373,0,        3816827494,0.0,1611
0,     66375,0,        3816931265,0.0,2692
1,     66377,18877,        3816999372,0.0,0.0
0,     66379,0,        3817041975,0.0,1493
1,     66381,18878,        3817199372,0.0,0.0
0,     66383,0,        3817202049,0.0,2688
1,     66385,18879,        3817399372,0.0,0.0
0,     66387,0,        3817444812,0.0,911
1,     66389,18880,        3817599376,0.0,0.0
1,     66391,18881,        3817799376,0.0,0.0
1,     66393,18882,        3817999376,0.0,0.0
1,     66395,18883,        3818199380,0.0,0.0
0,     66397,0,        3818268717,0.0,6000
0,     66399,0,        3818362794,0.0,4965
1,     66401,18884,        3818399380,0.0,0.0
1,     66403,18885,        3818599380,0.0,0.0
1,     66405,18886,        3818799380,0.0,0.0
0,     66407,0,        3818913193,0.0,3753
1,     66409,18887,        3818999384,0.0,0.0
0,     66411,0,        3819086491,0.0,2691
0,     66413,0,        3819149576,0.0,646
1,     66415,18888,        3819199384,0.0,0.0
1,     66417,18889,        3819399384,0.0,0.0
1,     66419,18890,        3819599388,0.0,0.0
0,     66421,0,        3819634064,0.0,529
0,     66422,0,        3819634066,0.0,163
0,     66424,0,        3819748233,0.0,2238
1,     66426,18891,        3819799388,0.0,0.0
1,     66428,18892,        3819999388,0.0,0.0
0,     66430,0,        3820044190,0.0,2262
1,     66432,18893,        3820199392,0.0,0.0
0,     66434,0,        3820230456,0.0,4520
1,     66436,18894,        3820399392,0.0,0.0
1,     66438,18895,        3820599392,0.0,0.0
1,     66440,18896,        3820799392,0.0,0.0
0,     66442,0,        3820850982,0.0,1993
0,     66444,0,        3820935669,0.0,14
1,     66446,18897,        3820999396,0.0,0.0
1,     66448,18898,        3821199396,0.0,0.0
0,     66450,0,        3821222215,0.0,2472
0,     66452,0,        3821352383,0.0,1813
1,     66454,18899,        3821399396,0.0,0.0
0,     66456,0,        3821565638,0.0,1166
1,     66458,18900,        3821599400,0.0,0.0
0,     66460,0,        3821649249,0.0,2025
1,     66462,18901,        3821799400,0.0,0.0
0,     66464,0,        3821885073,0.0,5328
0,     66466,0,        3821914305,0.0,1366
0,     66468,0,        3821919508,0.0,667
1,     66470,18902,        3821999400,0.0,0.0
0,     66472,0,        3822087745,0.0,6135
0,     66474,0,        3822128074,0.0,1958
1,     66476,18903,        3822199404,0.0,0.0
1,     66478,18904,        3822399404,0.0,0.0
1,     66480,18905,        3822599404,0.0,0.0
1,     66482,18906,        3822799404,0.0,0.0
0,     66484,0,        3822837465,0.0,317
0,     66486,0,        3822905871,0.0,5421
0,     66488,0,        3822977019,0.0,4008
0,     66490,0,        3822995409,0.0,1718
1,     66492,18907,        3822999408,0.0,0.0
0,     66494,0,        3823061414,0.0,4106
0,     66496,0,        3823118320,0.0,2699
1,     66498,18908,        3823199408,0.0,0.0
0,     66500,0,        3823267340,0.0,3088
1,     66502,18909,        3823399408,0.0,0.0
0,     66504,0,        3823489981,0.0,2371
1,     66506,18910,        3823599412,0.0,0.0
0,     66508,0,        3823690960,0.0,691
1,     66510,18911,        3823799412,0.0,0.0
1,     66512,18912,        3823999412,0.0,0.0
0,     66514,0,        3824066166,0.0,1247
1,     66516,18913,        3824199416,0.0,0.0
0,     66518,0,        3824295156,0.0,4272
0,     66520,0,        3824340708,0.0,5944
0,     66521,0,        3824340837,0.0,3680
1,     66523,18914,        3824399416,0.0,0.0
0,     66525,0,        3824462573,0.0,600
1,     66527,18915,        3824599416,0.0,0.0
1,     66529,18916,        3824799416,0.0,0.0
1,     66531,18917,        3824999420,0.0,0.0
0,     66533,0,        3825023526,0.0,916
0,     66535,0,        3825038137,0.0,5545
1,     66537,18918,        3825199420,0.0,0.0
0,     66539,0,        3825229947,0.0,6155
0,     66541,0,        3825260748,0.0,4
0,     66543,0,        3825341174,0.0,3537
1,     66545,18919,        3825399420,0.0,0.0
0,     66547,0,        3825405254,0.0,4802
0,     66549,0,        3825500644,0.0,3907
1,     66551,18920,        3825599424,0.0,0.0
1,     66553,18921,        3825799424,0.0,0.0
0,     66555,0,        3825966775,0.0,3966
1,     66557,18922,        3825999424,0.0,0.0
1,     66559,18923,        3826199424,0.0,0.0
1,     66561,18924,        3826399428,0.0,0.0
0,     66563,0,        3826516469,0.0,3141
0,     66565,0,        3826584074,0.0,5240
1,     66567,18925,        3826599428,0.0,0.0
1,     66569,18926,        3826799428,0.0,0.0
0,     66571,0,        3826854586,0.0,3412
1,     66573,18927,        3826999432,0.0,0.0
0,     66575,0,        3827024496,0.0,4505
1,     66577,18928,        3827199432,0.0,0.0
0,     66579,0,        3827216612,0.0,3453
1,     66581,18929,        3827399432,0.0,0.0
0,     66583,0,        3827521467,0.0,530
0,     66585,0,        3827529374,0.0,4232
1,     66587,18930,        3827599436,0.0,0.0
1,     66589,18931,        3827799436,0.0,0.0
0,     66591,0,        3827932983,0.0,5676
1,     66593,18932,        3827999436,0.0,0.0
0,     66595,0,        3828159894,0.0,269
1,     66597,18933,        3828199436,0.0,0.0
0,     66599,0,        3828394488,0.0,1835
1,     66601,18934,        3828399440,0.0,0.0
0,     66603,0,        3828488831,0.0,4547
1,     66605,18935,        3828599440,0.0,0.0
0,     66607,0,        3828677457,0.0,2266
1,     66609,18936,        3828799440,0.0,0.0
1,     66611,18937,        3828999444,0.0,0.0
1,     66613,18938,        3829199444,0.0,0.0
0,     66615,0,        3829232835,0.0,5794
0,     66616,0,        3829232967,0.0,3476
0,     66618,0,        3829256580,0.0,5628
1,     66620,18939,        3829399444,0.0,0.0
0,     66622,0,        3829472709,0.0,685
1,     66624,18940,        3829599448,0.0,0.0
0,     66626,0,        3829624057,0.0,3405
1,     66628,18941,        3829799448,0.0,0.0
0,     66630,0,        3829912251,0.0,5507
1,     66632,18942,        3829999448,0.0,0.0
0,     66634,0,        3830047176,0.0,2467
1,     66636,18943,        3830199448,0.0,0.0
1,     66638,18944,        3830399452,0.0,0.0
1,     66640,18945,        3830599452,0.0,0.0
0,     66642,0,        3830656954,0.0,1621
1,     66644,18946,        3830799452,0.0,0.0
1,     66646,18947,        3830999456,0.0,0.0
1,     66648,18948,        3831199456,0.0,0.0
1,     66650,18949,        3831399456,0.0,0.0
0,     66652,0,        3831419369,0.0,3641
1,     66654,18950,        3831599460,0.0,0.0
0,     66656,0,        3831612863,0.0,5619
1,     66658,18951,        3831799460,0.0,0.0
1,     66660,18952,        3831999460,0.0,0.0
1,     66662,18953,        3832199460,0.0,0.0
1,     66664,18954,        3832399464,0.0,0.0
1,     66666,18955,        3832599464,0.0,0.0
0,     66668,0,        3832613616,0.0,491
0,     66670,0,        3832710984,0.0,217
0,     66672,0,        3832778720,0.0,3597
1,     66674,18956,        3832799464,0.0,0.0
0,     66676,0,        3832917882,0.0,4982
1,     66678,18957,        3832999468,0.0,0.0
0,     66680,0,        3833174951,0.0,3213
1,     66682,18958,        3833199468,0.0,0.0
0,     66684,0,        3833221495,0.0,4446
0,     66686,0,        3833348082,0.0,4895
0,     66688,0,        3833348657,0.0,2234
1,     66690,18959,        3833399468,0.0,0.0
0,     66692,0,        3833588369,0.0,5666
1,     66694,18960,        3833599472,0.0,0.0
0,     66696,0,        3833733744,0.0,1235
1,     66698,18961,        3833799472,0.0,0.0
0,     66700,0,        3833960986,0.0,820
0,     66702,0,        3833966661,0.0,3070
1,     66704,18962,        3833999472,0.0,0.0
0,     66706,0,        3834158756,0.0,2235
0,     66708,0,        3834159772,0.0,541
1,     66710,18963,        3834199472,0.0,0.0
0,     66712,0,        3834338696,0.0,5764
1,     66714,18964,        3834399476,0.0,0.0
0,     66716,0,        3834422735,0.0,3809
1,     66718,18965,        3834599476,0.0,0.0
1,     66720,18966,        3834799476,0.0,0.0
0,     66722,0,        3834949855,0.0,4563
1,     66724,18967,        3834999480,0.0,0.0
0,     66726,0,        3835068780,0.0,1152
0,     66728,0,        3835123861,0.0,4195
1,     66730,18968,        3835199480,0.0,0.0
0,     66732,0,        3835240068,0.0,1302
0,     66734,0,        3835323089,0.0,3320
1,     66736,18969,        3835399480,0.0,0.0
1,     66738,18970,        3835599484,0.0,0.0
1,     66740,18971,        3835799484,0.0,0.0
1,     66742,18972,        3835999484,0.0,0.0
1,     66744,18973,        3836199484,0.0,0.0
1,     66746,18974,        3836399488,0.0,0.0
0,     66748,0,        3836580544,0.0,3441
1,     66750,18975,        3836599488,0.0,0.0
0,     66752,0,        3836651807,0.0,1333
0,     66753,0,        3836651848,0.0,2607
1,     66755,18976,        3836799488,0.0,0.0
1,     66757,18977,        3836999492,0.0,0.0
1,     66759,18978,        3837199492,0.0,0.0
1,     66761,18979,        3837399492,0.0,0.0
1,     66763,18980,        3837599492,0.0,0.0
1,     66765,18981,        3837799496,0.0,0.0
1,     66767,18982,        3837999496,0.0,0.0
0,     66769,0,        3838044734,0.0,6241
1,     66771,18983,        3838199496,0.0,0.0
1,     66773,18984,        3838399500,0.0,0.0
1,     66775,18985,        3838599500,0.0,0.0
0,     66777,0,        3838615594,0.0,3345
0,     66778,0,        3838615633,0.0,6099
1,     66780,18986,        3838799500,0.0,0.0
1,     66782,18987,        3838999504,0.0,0.0
0,     66784,0,        3839170706,0.0,4898
1,     66786,18988,        3839199504,0.0,0.0
1,     66788,18989,        3839399504,0.0,0.0
1,     66790,18990,        3839599504,0.0,0.0
0,     66792,0,        3839600689,0.0,1769
1,     66794,18991,        3839799508,0.0,0.0
1,     66796,18992,        3839999508,0.0,0.0
0,     66798,0,        3840121143,0.0,2207
0,     66800,0,        3840189873,0.0,4544
1,     66802,18993,        3840199508,0.0,0.0
1,     66804,18994,        3840399512,0.0,0.0
0,     66806,0,        3840448500,0.0,4480
1,     66808,18995,        3840599512,0.0,0.0
1,     66810,18996,        3840799512,0.0,0.0
0,     66812,0,        3840813429,0.0,2376
1,     66814,18997,        3840999516,0.0,0.0
1,     66816,18998,        3841199516,0.0,0.0
1,     66818,18999,        3841399516,0.0,0.0
1,     66820,19000,        3841599516,0.0,0.0
1,     66822,19001,        3841799520,0.0,0.0
0,     66824,0,        3841836542,0.0,2305
0,     66826,0,        3841887723,0.0,5494
0,     66828,0,        3841918863,0.0,5932
1,     66830,19002,        3841999520,0.0,0.0
0,     66832,0,        3842197098,0.0,4613
0,     66834,0,        3842198195,0.0,516
1,     66836,19003,        3842199520,0.0,0.0
1,     66838,19004,        3842399524,0.0,0.0
1,     66840,19005,        3842599524,0.0,0.0
0,     66842,0,        3842659629,0.0,5765
1,     66844,19006,        3842799524,0.0,0.0
0,     66846,0,        3842809304,0.0,344
1,     66848,19007,        3842999524,0.0,0.0
1,     66850,19008,        3843199528,0.0,0.0
0,     66852,0,        3843255560,0.0,4587
0,     66854,0,        3843292988,0.0,4693
1,     66856,19009,        3843399528,0.0,0.0
1,     66858,19010,        3843599528,0.0,0.0
0,     66860,0,        3843663351,0.0,1706
0,     66862,0,        3843784888,0.0,1085
1,     66864,19011,        3843799532,0.0,0.0
0,     66866,0,        3843860789,0.0,389
0,     66868,0,        3843939326,0.0,6054
1,     66870,19012,        3843999532,0.0,0.0
1,     66872,19013,        3844199532,0.0,0.0
1,     66874,19014,        3844399536,0.0,0.0
0,     66876,0,        3844471978,0.0,4848
1,     66878,19015,        3844599536,0.0,0.0
0,     66880,0,        3844605132,0.0,946
1,     66882,19016,        3844799536,0.0,0.0
0,     66884,0,        3844868574,0.0,3834
1,     66886,19017,        3844999536,0.0,0.0
1,     66888,19018,        3845199540,0.0,0.0
1,     66890,19019,        3845399540,0.0,0.0
0,     66892,0,        3845537346,0.0,2046
1,     66894,19020,        3845599540,0.0,0.0
0,     66896,0,        3845719874,0.0,4640
1,     66898,19021,        3845799544,0.0,0.0
1,     66900,19022,        3845999544,0.0,0.0
1,     66902,19023,        3846199544,0.0,0.0
1,     66904,19024,        3846399548,0.0,0.0
1,     66906,19025,        3846599548,0.0,0.0
0,     66908,0,        3846753201,0.0,1912
1,     66910,19026,        3846799548,0.0,0.0
0,     66912,0,        3846811186,0.0,3885
1,     66914,19027,        3846999548,0.0,0.0
0,     66916,0,        3847107873,0.0,5084
1,     66918,19028,        3847199552,0.0,0.0
0,     66920,0,        3847345765,0.0,2086
0,     66922,0,        3847356420,0.0,1781
1,     66924,19029,        3847399552,0.0,0.0
1,     66926,19030,        3847599552,0.0,0.0
1,     66928,19031,        3847799556,0.0,0.0
1,     66930,19032,        3847999556,0.0,0.0
1,     66932,19033,        3848199556,0.0,0.0
1,     66934,19034,        3848399560,0.0,0.0
1,     66936,19035,        3848599560,0.0,0.0
0,     66938,0,        3848613617,0.0,2167
1,     66940,19036,        3848799560,0.0,0.0
1,     66942,19037,        3848999560,0.0,0.0
1,     66944,19038,        3849199564,0.0,0.0
0,     66946,0,        3849262578,0.0,5367
0,     66948,0,        3849276923,0.0,4707
1,     66950,19039,        3849399564,0.0,0.0
1,     66952,19040,        3849599564,0.0,0.0
1,     66954,19041,        3849799568,0.0,0.0
1,     66956,19042,        3849999568,0.0,0.0
1,     66958,19043,        3850199568,0.0,0.0
1,     66960,19044,        3850399572,0.0,0.0
0,     66962,0,        3850468501,0.0,583
1,     66964,19045,        3850599572,0.0,0.0
1,     66966,19046,        3850799572,0.0,0.0
0,     66968,0,        3850957141,0.0,6165
0,     66970,0,        3850961453,0.0,5842
1,     66972,19047,        3850999572,0.0,0.0
0,     66974,0,        3851162777,0.0,4441
1,     66976,19048,        3851199576,0.0,0.0
0,     66978,0,        3851389227,0.0,508
1,     66980,19049,        3851399576,0.0,0.0
1,     66982,19050,        3851599576,0.0,0.0
1,     66984,19051,        3851799580,0.0,0.0
1,     66986,19052,        3851999580,0.0,0.0
1,     66988,19053,        3852199580,0.0,0.0
1,     66990,19054,        3852399584,0.0,0.0
0,     66992,0,        3852428327,0.0,3374
0,     66994,0,        3852585721,0.0,1999
1,     66996,19055,        3852599584,0.0,0.0
1,     66998,19056,        3852799584,0.0,0.0
0,     67000,0,        3852926911,0.0,6222
1,     67002,19057,        3852999584,0.0,0.0
0,     67004,0,        3853013080,0.0,4216
0,     67005,0,        3853013090,0.0,3148
1,     67007,19058,        3853199588,0.0,0.0
1,     67009,19059,        3853399588,0.0,0.0
0,     67011,0,        3853553367,0.0,4139
1,     67013,19060,        3853599588,0.0,0.0
0,     67015,0,        3853724391,0.0,5963
1,     67017,19061,        3853799592,0.0,0.0
1,     67019,19062,        3853999592,0.0,0.0
0,     67021,0,        3854033198,0.0,2456
1,     67023,19063,        3854199592,0.0,0.0
1,     67025,19064,        3854399592,0.0,0.0
0,     67027,0,        3854548138,0.0,3727
1,     67029,19065,        3854599596,0.0,0.0
1,     67031,19066,        3854799596,0.0,0.0
1,     67033,19067,        3854999596,0.0,0.0
0,     67035,0,        3855067683,0.0,1758
1,     67037,19068,        3855199600,0.0,0.0
1,     67039,19069,        3855399600,0.0,0.0
0,     67041,0,        3855537934,0.0,5186
1,     67043,19070,        3855599600,0.0,0.0
1,     67045,19071,        3855799604,0.0,0.0
1,     67047,19072,        3855999604,0.0,0.0
0,     67049,0,        3856029000,0.0,3817
1,     67051,19073,        3856199604,0.0,0.0
0,     67053,0,        3856342521,0.0,2120
1,     67055,19074,        3856399604,0.0,0.0
0,     67057,0,        3856520082,0.0,2717
1,     67059,19075,        3856599608,0.0,0.0
0,     67061,0,        3856621720,0.0,4383
1,     67063,19076,        3856799608,0.0,0.0
1,     67065,19077,        3856999608,0.0,0.0
0,     67067,0,        3857183894,0.0,3599
1,     67069,19078,        3857199612,0.0,0.0
0,     67071,0,        3857363193,0.0,4220
1,     67073,19079,        3857399612,0.0,0.0
0,     67075,0,        3857500512,0.0,4916
1,     67077,19080,        3857599612,0.0,0.0
1,     67079,19081,        3857799616,0.0,0.0
0,     67081,0,        3857954868,0.0,1824
0,     67083,0,        3857982348,0.0,6073
1,     67085,19082,        3857999616,0.0,0.0
0,     67087,0,        3858160277,0.0,118
1,     67089,19083,        3858199616,0.0,0.0
0,     67091,0,        3858384654,0.0,5680
1,     67093,19084,        3858399616,0.0,0.0
0,     67095,0,        3858535719,0.0,3545
1,     67097,19085,        3858599620,0.0,0.0
1,     67099,19086,        3858799620,0.0,0.0
0,     67101,0,        3858801397,0.0,2274
0,     67103,0,        3858920138,0.0,230
1,     67105,19087,        3858999620,0.0,0.0
1,     67107,19088,        3859199624,0.0,0.0
1,     67109,19089,        3859399624,0.0,0.0
1,     67111,19090,        3859599624,0.0,0.0
0,     67113,0,        3859794313,0.0,904
1,     67115,19091,        3859799628,0.0,0.0
0,     67117,0,        3859811339,0.0,4450
0,     67119,0,        3859914870,0.0,1462
1,     67121,19092,        3859999628,0.0,0.0
0,     67123,0,        3860057027,0.0,3779
0,     67125,0,        3860160559,0.0,5197
1,     67127,19093,        3860199628,0.0,0.0
0,     67129,0,        3860337707,0.0,4128
1,     67131,19094,        3860399628,0.0,0.0
0,     67133,0,        3860577486,0.0,2591
1,     67135,19095,        3860599632,0.0,0.0
1,     67137,19096,        3860799632,0.0,0.0
0,     67139,0,        3860921654,0.0,2667
1,     67141,19097,        3860999632,0.0,0.0
1,     67143,19098,        3861199636,0.0,0.0
0,     67145,0,        3861222342,0.0,6072
1,     67147,19099,        3861399636,0.0,0.0
1,     67149,19100,        3861599636,0.0,0.0
1,     67151,19101,        3861799640,0.0,0.0
0,     67153,0,        3861843678,0.0,4809
1,     67155,19102,        3861999640,0.0,0.0
1,     67157,19103,        3862199640,0.0,0.0
1,     67159,19104,        3862399640,0.0,0.0
0,     67161,0,        3862578586,0.0,2040
1,     67163,19105,        3862599644,0.0,0.0
0,     67165,0,        3862755215,0.0,3708
1,     67167,19106,        3862799644,0.0,0.0
0,     67169,0,        3862983935,0.0,2963
1,     67171,19107,        3862999644,0.0,0.0
1,     67173,19108,        3863199648,0.0,0.0
1,     67175,19109,        3863399648,0.0,0.0
0,     67177,0,        3863443950,0.0,1048
1,     67179,19110,        3863599648,0.0,0.0
1,     67181,19111,        3863799648,0.0,0.0
1,     67183,19112,        3863999652,0.0,0.0
1,     67185,19113,        3864199652,0.0,0.0
0,     67187,0,        3864343207,0.0,1916
1,     67189,19114,        3864399652,0.0,0.0
0,     67191,0,        3864432205,0.0,2423
1,     67193,19115,        3864599656,0.0,0.0
1,     67195,19116,        3864799656,0.0,0.0
0,     67197,0,        3864939140,0.0,2427
1,     67199,19117,        3864999656,0.0,0.0
1,     67201,19118,        3865199660,0.0,0.0
0,     67203,0,        3865289142,0.0,3880
1,     67205,19119,        3865399660,0.0,0.0
1,     67207,19120,        3865599660,0.0,0.0
1,     67209,19121,        3865799660,0.0,0.0
0,     67211,0,        3865929632,0.0,3752
0,     67213,0,        3865991479,0.0,6229
1,     67215,19122,        3865999664,0.0,0.0
1,     67217,19123,        3866199664,0.0,0.0
0,     67219,0,        3866352956,0.0,3168
1,     67221,19124,        3866399664,0.0,0.0
1,     67223,19125,        3866599668,0.0,0.0
1,     67225,19126,        3866799668,0.0,0.0
0,     67227,0,        3866992500,0.0,2768
1,     67229,19127,        3866999668,0.0,0.0
1,     67231,19128,        3867199672,0.0,0.0
1,     67233,19129,        3867399672,0.0,0.0
1,     67235,19130,        3867599672,0.0,0.0
1,     67237,19131,        3867799672,0.0,0.0
1,     67239,19132,        3867999676,0.0,0.0
0,     67241,0,        3868174495,0.0,2492
1,     67243,19133,        3868199676,0.0,0.0
1,     67245,19134,        3868399676,0.0,0.0
0,     67247,0,        3868503863,0.0,13
0,     67249,0,        3868580252,0.0,1331
1,     67251,19135,        3868599680,0.0,0.0
1,     67253,19136,        3868799680,0.0,0.0
0,     67255,0,        3868877354,0.0,5855
1,     67257,19137,        3868999680,0.0,0.0
0,     67259,0,        3869109655,0.0,2005
1,     67261,19138,        3869199684,0.0,0.0
1,     67263,19139,        3869399684,0.0,0.0
1,     67265,19140,        3869599684,0.0,0.0
1,     67267,19141,        3869799684,0.0,0.0
0,     67269,0,        3869968411,0.0,5503
1,     67271,19142,        3869999688,0.0,0.0
0,     67273,0,        3870143345,0.0,1655
1,     67275,19143,        3870199688,0.0,0.0
1,     67277,19144,        3870399688,0.0,0.0
0,     67279,0,        3870552270,0.0,1497
1,     67281,19145,        3870599692,0.0,0.0
1,     67283,19146,        3870799692,0.0,0.0
1,     67285,19147,        3870999692,0.0,0.0
1,     67287,19148,        3871199692,0.0,0.0
0,     67289,0,        3871261604,0.0,959
0,     67291,0,        3871365447,0.0,1292
1,     67293,19149,        3871399696,0.0,0.0
1,     67295,19150,        3871599696,0.0,0.0
0,     67297,0,        3871700834,0.0,4458
1,     67299,19151,        3871799696,0.0,0.0
1,     67301,19152,        3871999700,0.0,0.0
0,     67303,0,        3872064525,0.0,5491
1,     67305,19153,        3872199700,0.0,0.0
1,     67307,19154,        3872399700,0.0,0.0
1,     67309,19155,        3872599704,0.0,0.0
0,     67311,0,        3872787131,0.0,4357
1,     67313,19156,        3872799704,0.0,0.0
1,     67315,19157,        3872999704,0.0,0.0
0,     67317,0,        3873082951,0.0,3756
1,     67319,19158,        3873199704,0.0,0.0
1,     67321,19159,        3873399708,0.0,0.0
1,     67323,19160,        3873599708,0.0,0.0
0,     67325,0,        3873603232,0.0,3292
0,     67327,0,        3873728326,0.0,4118
0,     67329,0,        3873729016,0.0,4055
1,     67331,19161,        3873799708,0.0,0.0
0,     67333,0,        3873945345,0.0,1058
1,     67335,19162,        3873999712,0.0,0.0
0,     67337,0,        3874184991,0.0,727
1,     67339,19163,        3874199712,0.0,0.0
1,     67341,19164,        3874399712,0.0,0.0
0,     67343,0,        3874569811,0.0,3284
1,     67345,19165,        3874599716,0.0,0.0
1,     67347,19166,        3874799716,0.0,0.0
1,     67349,19167,        3874999716,0.0,0.0
1,     67351,19168,        3875199716,0.0,0.0
0,     67353,0,        3875393611,0.0,4550
1,     67355,19169,        3875399720,0.0,0.0
1,     67357,19170,        3875599720,0.0,0.0
1,     67359,19171,        3875799720,0.0,0.0
1,     67361,19172,        3875999724,0.0,0.0
0,     67363,0,        3876194377,0.0,966
1,     67365,19173,        3876199724,0.0,0.0
1,     67367,19174,        3876399724,0.0,0.0
1,     67369,19175,        3876599728,0.0,0.0
1,     67371,19176,        3876799728,0.0,0.0
0,     67373,0,        3876829482,0.0,6076
0,     67375,0,        3876832476,0.0,1958
0,     67377,0,        3876844224,0.0,1825
0,     67379,0,        3876890182,0.0,5631
1,     67381,19177,        3876999728,0.0,0.0
0,     67383,0,        3877172116,0.0,4675
1,     67385,19178,        3877199728,0.0,0.0
0,     67387,0,        3877240008,0.0,826
1,     67389,19179,        3877399732,0.0,0.0
1,     67391,19180,        3877599732,0.0,0.0
0,     67393,0,        3877655475,0.0,2752
0,     67395,0,        3877655561,0.0,133
1,     67397,19181,        3877799732,0.0,0.0
1,     67399,19182,        3877999736,0.0,0.0
1,     67401,19183,        3878199736,0.0,0.0
1,     67403,19184,        3878399736,0.0,0.0
1,     67405,19185,        3878599740,0.0,0.0
0,     67407,0,        3878634768,0.0,165
0,     67409,0,        3878664351,0.0,4697
1,     67411,19186,        3878799740,0.0,0.0
0,     67413,0,        3878820102,0.0,4745
1,     67415,19187,        3878999740,0.0,0.0
0,     67417,0,        3879170843,0.0,407
1,     67419,19188,        3879199740,0.0,0.0
0,     67421,0,        3879388674,0.0,2558
1,     67423,19189,        3879399744,0.0,0.0
1,     67425,19190,        3879599744,0.0,0.0
0,     67427,0,        3879750977,0.0,2161
0,     67429,0,        3879794875,0.0,4736
1,     67431,19191,        3879799744,0.0,0.0
1,     67433,19192,        3879999748,0.0,0.0
1,     67435,19193,        3880199748,0.0,0.0
1,     67437,19194,        3880399748,0.0,0.0
0,     67439,0,        3880430348,0.0,1037
1,     67441,19195,        3880599752,0.0,0.0
0,     67443,0,        3880622842,0.0,1096
1,     67445,19196,        3880799752,0.0,0.0
1,     67447,19197,        3880999752,0.0,0.0
0,     67449,0,        3881122783,0.0,12
0,     67451,0,        3881141804,0.0,4700
1,     67453,19198,        3881199752,0.0,0.0
1,     67455,19199,        3881399756,0.0,0.0
0,     67457,0,        3881435652,0.0,408
0,     67459,0,        3881460721,0.0,4950
0,     67461,0,        3881581719,0.0,781
1,     67463,19200,        3881599756,0.0,0.0
0,     67465,0,        3881627380,0.0,1179
0,     67467,0,        3881652207,0.0,2828
0,     67468,0,        3881652212,0.0,183
0,     67470,0,        3881757967,0.0,5280
0,     67471,0,        3881758675,0.0,3694
1,     67473,19201,        3881799756,0.0,0.0
0,     67475,0,        3881830855,0.0,3454
0,     67477,0,        3881979464,0.0,3013
1,     67479,19202,        3881999760,0.0,0.0
0,     67481,0,        3882012157,0.0,3845
1,     67483,19203,        3882199760,0.0,0.0
0,     67485,0,        3882307823,0.0,4253
1,     67487,19204,        3882399760,0.0,0.0
0,     67489,0,        3882514466,0.0,4725
1,     67491,19205,        3882599760,0.0,0.0
1,     67493,19206,        3882799764,0.0,0.0
1,     67495,19207,        3882999764,0.0,0.0
1,     67497,19208,        3883199764,0.0,0.0
0,     67499,0,        3883398417,0.0,1241
0,     67500,0,        3883398430,0.0,1243
1,     67502,19209,        3883399768,0.0,0.0
0,     67504,0,        3883495580,0.0,5636
1,     67506,19210,        3883599768,0.0,0.0
1,     67508,19211,        3883799768,0.0,0.0
1,     67510,19212,        3883999772,0.0,0.0
1,     67512,19213,        3884199772,0.0,0.0
0,     67514,0,        3884323740,0.0,5091
0,     67516,0,        3884324955,0.0,1456
1,     67518,19214,        3884399772,0.0,0.0
0,     67520,0,        3884451249,0.0,3245
1,     67522,19215,        3884599772,0.0,0.0
1,     67524,19216,        3884799776,0.0,0.0
0,     67526,0,        3884906035,0.0,4779
0,     67528,0,        3884964200,0.0,828
1,     67530,19217,        3884999776,0.0,0.0
1,     67532,19218,        3885199776,0.0,0.0
1,     67534,19219,        3885399780,0.0,0.0
0,     67536,0,        3885506120,0.0,73
1,     67538,19220,        3885599780,0.0,0.0
0,     67540,0,        3885735593,0.0,5761
0,     67542,0,        3885780887,0.0,509
1,     67544,19221,        3885799780,0.0,0.0
0,     67546,0,        3885922073,0.0,2183
1,     67548,19222,        3885999784,0.0,0.0
0,     67550,0,        3886017855,0.0,3088
1,     67552,19223,        3886199784,0.0,0.0
1,     67554,19224,        3886399784,0.0,0.0
0,     67556,0,        3886543059,0.0,5868
0,     67558,0,        3886572147,0.0,4078
1,     67560,19225,        3886599784,0.0,0.0
0,     67562,0,        3886700458,0.0,1846
1,     67564,19226,        3886799788,0.0,0.0
0,     67566,0,        3886807784,0.0,3243
0,     67568,0,        3886892837,0.0,5812
1,     67570,19227,        3886999788,0.0,0.0
0,     67572,0,        3887084496,0.0,4827
0,     67574,0,        3887190871,0.0,2116
1,     67576,19228,        3887199788,0.0,0.0
1,     67578,19229,        3887399792,0.0,0.0
1,     67580,19230,        3887599792,0.0,0.0
0,     67582,0,        3887661312,0.0,2201
1,     67584,19231,        3887799792,0.0,0.0
1,     67586,19232,        3887999796,0.0,0.0
1,     67588,19233,        3888199796,0.0,0.0
1,     67590,19234,        3888399796,0.0,0.0
0,     67592,0,        3888421278,0.0,709
0,     67594,0,        3888541088,0.0,1478
1,     67596,19235,        3888599796,0.0,0.0
1,     67598,19236,        3888799800,0.0,0.0
1,     67600,19237,        3888999800,0.0,0.0
0,     67602,0,        3889111587,0.0,5658
1,     67604,19238,        3889199800,0.0,0.0
1,     67606,19239,        3889399804,0.0,0.0
0,     67608,0,        3889486867,0.0,4737
0,     67610,0,        3889505626,0.0,1777
1,     67612,19240,        3889599804,0.0,0.0
1,     67614,19241,        3889799804,0.0,0.0
0,     67616,0,        3889873268,0.0,2679
1,     67618,19242,        3889999804,0.0,0.0
1,     67620,19243,        3890199808,0.0,0.0
0,     67622,0,        3890223404,0.0,4504
0,     67624,0,        3890267386,0.0,419
1,     67626,19244,        3890399808,0.0,0.0
0,     67628,0,        3890515242,0.0,4839
0,     67630,0,        3890528320,0.0,6000
1,     67632,19245,        3890599808,0.0,0.0
1,     67634,19246,        3890799812,0.0,0.0
1,     67636,19247,        3890999812,0.0,0.0
0,     67638,0,        3891126666,0.0,1839
1,     67640,19248,        3891199812,0.0,0.0
0,     67642,0,        3891274872,0.0,153
1,     67644,19249,        3891399816,0.0,0.0
1,     67646,19250,        3891599816,0.0,0.0
0,     67648,0,        3891626473,0.0,1798
1,     67650,19251,        3891799816,0.0,0.0
1,     67652,19252,        3891999816,0.0,0.0
0,     67654,0,        3892160420,0.0,4263
1,     67656,19253,        3892199820,0.0,0.0
0,     67658,0,        3892328043,0.0,1503
1,     67660,19254,        3892399820,0.0,0.0
0,     67662,0,        3892504480,0.0,442
0,     67664,0,        3892514824,0.0,4986
1,     67666,19255,        3892599820,0.0,0.0
0,     67668,0,        3892684076,0.0,2614
1,     67670,19256,        3892799824,0.0,0.0
0,     67672,0,        3892842189,0.0,689
0,     67674,0,        3892872673,0.0,3243
1,     67676,19257,        3892999824,0.0,0.0
0,     67678,0,        3893033647,0.0,2451
1,     67680,19258,        3893199824,0.0,0.0
0,     67682,0,        3893276908,0.0,1093
0,     67684,0,        3893334716,0.0,179
1,     67686,19259,        3893399828,0.0,0.0
1,     67688,19260,        3893599828,0.0,0.0
1,     67690,19261,        3893799828,0.0,0.0
1,     67692,19262,        3893999828,0.0,0.0
0,     67694,0,        3894000847,0.0,109
0,     67696,0,        3894157385,0.0,4141
1,     67698,19263,        3894199832,0.0,0.0
1,     67700,19264,        3894399832,0.0,0.0
0,     67702,0,        3894551193,0.0,1259
0,     67704,0,        3894567041,0.0,5359
1,     67706,19265,        3894599832,0.0,0.0
0,     67708,0,        3894622819,0.0,1757
1,     67710,19266,        3894799836,0.0,0.0
0,     67712,0,        3894818415,0.0,3896
1,     67714,19267,        3894999836,0.0,0.0
1,     67716,19268,        3895199836,0.0,0.0
1,     67718,19269,        3895399840,0.0,0.0
0,     67720,0,        3895406297,0.0,1838
0,     67722,0,        3895520920,0.0,2391
1,     67724,19270,        3895599840,0.0,0.0
0,     67726,0,        3895618229,0.0,4677
0,     67728,0,        3895713738,0.0,676
0,     67730,0,        3895755777,0.0,209
1,     67732,19271,        3895799840,0.0,0.0
1,     67734,19272,        3895999840,0.0,0.0
1,     67736,19273,        3896199844,0.0,0.0
0,     67738,0,        3896254835,0.0,747
1,     67740,19274,        3896399844,0.0,0.0
1,     67742,19275,        3896599844,0.0,0.0
0,     67744,0,        3896689687,0.0,231
1,     67746,19276,        3896799848,0.0,0.0
0,     67748,0,        3896905204,0.0,131
1,     67750,19277,        3896999848,0.0,0.0
0,     67752,0,        3897157686,0.0,1652
1,     67754,19278,        3897199848,0.0,0.0
1,     67756,19279,        3897399852,0.0,0.0
0,     67758,0,        3897469797,0.0,3040
1,     67760,19280,        3897599852,0.0,0.0
0,     67762,0,        3897613085,0.0,4193
1,     67764,19281,        3897799852,0.0,0.0
1,     67766,19282,        3897999852,0.0,0.0
1,     67768,19283,        3898199856,0.0,0.0
0,     67770,0,        3898253224,0.0,2374
1,     67772,19284,        3898399856,0.0,0.0
0,     67774,0,        3898467272,0.0,2042
1,     67776,19285,        3898599856,0.0,0.0
1,     67778,19286,        3898799860,0.0,0.0
1,     67780,19287,        3898999860,0.0,0.0
0,     67782,0,        3899067156,0.0,1083
1,     67784,19288,        3899199860,0.0,0.0
1,     67786,19289,        3899399860,0.0,0.0
0,     67788,0,        3899471846,0.0,2409
1,     67790,19290,        3899599864,0.0,0.0
0,     67792,0,        3899661452,0.0,5611
1,     67794,19291,        3899799864,0.0,0.0
0,     67796,0,        3899873094,0.0,210
0,     67798,0,        3899887378,0.0,5747
1,     67800,19292,        3899999864,0.0,0.0
0,     67802,0,        3900007245,0.0,3944
0,     67804,0,        3900174654,0.0,4158
1,     67806,19293,        3900199868,0.0,0.0
1,     67808,19294,        3900399868,0.0,0.0
0,     67810,0,        3900595254,0.0,1841
1,     67812,19295,        3900599868,0.0,0.0
1,     67814,19296,        3900799872,0.0,0.0
0,     67816,0,        3900995788,0.0,4689
1,     67818,19297,        3900999872,0.0,0.0
0,     67820,0,        3901147276,0.0,117
1,     67822,19298,        3901199872,0.0,0.0
0,     67824,0,        3901316718,0.0,399
1,     67826,19299,        3901399872,0.0,0.0
0,     67827,0,        3901400059,0.0,3544
0,     67829,0,        3901424283,0.0,4794
1,     67831,19300,        3901599876,0.0,0.0
0,     67833,0,        3901755365,0.0,644
0,     67835,0,        3901780221,0.0,5768
1,     67837,19301,        3901799876,0.0,0.0
0,     67839,0,        3901807386,0.0,5067
0,     67841,0,        3901865862,0.0,2598
0,     67843,0,        3901943256,0.0,3853
1,     67845,19302,        3901999876,0.0,0.0
1,     67847,19303,        3902199880,0.0,0.0
0,     67849,0,        3902219314,0.0,4960
0,     67851,0,        3902261201,0.0,5889
0,     67853,0,        3902364652,0.0,1190
0,     67855,0,        3902384837,0.0,3211
1,     67857,19304,        3902399880,0.0,0.0
1,     67859,19305,        3902599880,0.0,0.0
1,     67861,19306,        3902799884,0.0,0.0
1,     67863,19307,        3902999884,0.0,0.0
1,     67865,19308,        3903199884,0.0,0.0
0,     67867,0,        3903299881,0.0,3971
0,     67869,0,        3903316321,0.0,2625
0,     67871,0,        3903326656,0.0,3314
1,     67873,19309,        3903399884,0.0,0.0
1,     67875,19310,        3903599888,0.0,0.0
0,     67877,0,        3903749220,0.0,3519
0,     67879,0,        3903789926,0.0,1786
1,     67881,19311,        3903799888,0.0,0.0
1,     67883,19312,        3903999888,0.0,0.0
1,     67885,19313,        3904199892,0.0,0.0
1,     67887,19314,        3904399892,0.0,0.0
0,     67889,0,        3904516509,0.0,1349
0,     67891,0,        3904529833,0.0,3024
1,     67893,19315,        3904599892,0.0,0.0
0,     67895,0,        3904607018,0.0,974
1,     67897,19316,        3904799896,0.0,0.0
0,     67899,0,        3904939023,0.0,6028
1,     67901,19317,        3904999896,0.0,0.0
0,     67903,0,        3905195837,0.0,2138
1,     67905,19318,        3905199896,0.0,0.0
1,     67907,19319,        3905399896,0.0,0.0
1,     67909,19320,        3905599900,0.0,0.0
0,     67911,0,        3905717715,0.0,726
1,     67913,19321,        3905799900,0.0,0.0
0,     67915,0,        3905852481,0.0,517
0,     67917,0,        3905919214,0.0,1215
1,     67919,19322,        3905999900,0.0,0.0
0,     67921,0,        3906018472,0.0,6016
1,     67923,19323,        3906199904,0.0,0.0
1,     67925,19324,        3906399904,0.0,0.0
1,     67927,19325,        3906599904,0.0,0.0
1,     67929,19326,        3906799908,0.0,0.0
0,     67931,0,        3906875477,0.0,2239
1,     67933,19327,        3906999908,0.0,0.0
1,     67935,19328,        3907199908,0.0,0.0
0,     67937,0,        3907307330,0.0,5916
1,     67939,19329,        3907399908,0.0,0.0
0,     67941,0,        3907429473,0.0,4546
0,     67943,0,        3907465419,0.0,1436
1,     67945,19330,        3907599912,0.0,0.0
1,     67947,19331,        3907799912,0.0,0.0
1,     67949,19332,        3907999912,0.0,0.0
0,     67951,0,        3908031056,0.0,5625
0,     67953,0,        3908165213,0.0,3235
1,     67955,19333,        3908199916,0.0,0.0
1,     67957,19334,        3908399916,0.0,0.0
1,     67959,19335,        3908599916,0.0,0.0
0,     67961,0,        3908632902,0.0,3808
0,     67963,0,        3908736255,0.0,893
1,     67965,19336,        3908799916,0.0,0.0
1,     67967,19337,        3908999920,0.0,0.0
0,     67969,0,        3909062244,0.0,1969
0,     67971,0,        3909064988,0.0,202
1,     67973,19338,        3909199920,0.0,0.0
1,     67975,19339,        3909399920,0.0,0.0
1,     67977,19340,        3909599924,0.0,0.0
1,     67979,19341,        3909799924,0.0,0.0
1,     67981,19342,        3909999924,0.0,0.0
1,     67983,19343,        3910199928,0.0,0.0
0,     67985,0,        3910345932,0.0,3294
1,     67987,19344,        3910399928,0.0,0.0
1,     67989,19345,        3910599928,0.0,0.0
0,     67991,0,        3910752877,0.0,1850
1,     67993,19346,        3910799928,0.0,0.0
1,     67995,19347,        3910999932,0.0,0.0
0,     67997,0,        3911057703,0.0,5926
0,     67999,0,        3911152690,0.0,5054
1,     68001,19348,        3911199932,0.0,0.0
0,     68003,0,        3911363496,0.0,4746
1,     68005,19349,        3911399932,0.0,0.0
0,     68007,0,        3911534834,0.0,5386
0,     68008,0,        3911535445,0.0,4075
1,     68010,19350,        3911599936,0.0,0.0
0,     68012,0,        3911617323,0.0,4159
1,     68014,19351,        3911799936,0.0,0.0
0,     68016,0,        3911946368,0.0,741
1,     68018,19352,        3911999936,0.0,0.0
0,     68020,0,        3912017720,0.0,3802
0,     68022,0,        3912060500,0.0,4773
1,     68024,19353,        3912199940,0.0,0.0
1,     68026,19354,        3912399940,0.0,0.0
1,     68028,19355,        3912599940,0.0,0.0
1,     68030,19356,        3912799940,0.0,0.0
0,     68032,0,        3912809547,0.0,889
0,     68034,0,        3912832994,0.0,195
1,     68036,19357,        3912999944,0.0,0.0
0,     68038,0,        3913157722,0.0,1572
1,     68040,19358,        3913199944,0.0,0.0
1,     68042,19359,        3913399944,0.0,0.0
1,     68044,19360,        3913599948,0.0,0.0
1,     68046,19361,        3913799948,0.0,0.0
1,     68048,19362,        3913999948,0.0,0.0
0,     68050,0,        3914153677,0.0,3723
1,     68052,19363,        3914199952,0.0,0.0
1,     68054,19364,        3914399952,0.0,0.0
1,     68056,19365,        3914599952,0.0,0.0
1,     68058,19366,        3914799952,0.0,0.0
0,     68060,0,        3914816903,0.0,3155
1,     68062,19367,        3914999956,0.0,0.0
1,     68064,19368,        3915199956,0.0,0.0
0,     68066,0,        3915219535,0.0,2606
0,     68068,0,        3915347383,0.0,6086
1,     68070,19369,        3915399956,0.0,0.0
1,     68072,19370,        3915599960,0.0,0.0
1,     68074,19371,        3915799960,0.0,0.0
1,     68076,19372,        3915999960,0.0,0.0
0,     68078,0,        3916084753,0.0,3319
1,     68080,19373,        3916199960,0.0,0.0
1,     68082,19374,        3916399964,0.0,0.0
0,     68084,0,        3916475436,0.0,2859
1,     68086,19375,        3916599964,0.0,0.0
0,     68088,0,        3916765498,0.0,2237
1,     68090,19376,        3916799964,0.0,0.0
1,     68092,19377,        3916999968,0.0,0.0
0,     68094,0,        3917159783,0.0,207
1,     68096,19378,        3917199968,0.0,0.0
1,     68098,19379,        3917399968,0.0,0.0
1,     68100,19380,        3917599972,0.0,0.0
0,     68102,0,        3917751031,0.0,3462
0,     68104,0,        3917786224,0.0,350
1,     68106,19381,        3917799972,0.0,0.0
1,     68108,19382,        3917999972,0.0,0.0
1,     68110,19383,        3918199972,0.0,0.0
0,     68112,0,        3918268840,0.0,3464
1,     68114,19384,        3918399976,0.0,0.0
1,     68116,19385,        3918599976,0.0,0.0
1,     68118,19386,        3918799976,0.0,0.0
1,     68120,19387,        3918999980,0.0,0.0
0,     68122,0,        3919154187,0.0,5847
1,     68124,19388,        3919199980,0.0,0.0
0,     68126,0,        3919206841,0.0,4729
0,     68128,0,        3919270615,0.0,5844
1,     68130,19389,        3919399980,0.0,0.0
0,     68132,0,        3919515374,0.0,2289
1,     68134,19390,        3919599984,0.0,0.0
0,     68136,0,        3919740818,0.0,5091
1,     68138,19391,        3919799984,0.0,0.0
0,     68139,0,        3919800043,0.0,814
0,     68140,0,        3919800047,0.0,3395
0,     68142,0,        3919835244,0.0,6075
0,     68144,0,        3919907158,0.0,3954
1,     68146,19392,        3919999984,0.0,0.0
1,     68148,19393,        3920199984,0.0,0.0
0,     68150,0,        3920390127,0.0,5831
1,     68152,19394,        3920399988,0.0,0.0
0,     68154,0,        3920464786,0.0,3621
1,     68156,19395,        3920599988,0.0,0.0
1,     68158,19396,        3920799988,0.0,0.0
0,     68160,0,        3920803237,0.0,2835
0,     68162,0,        3920995719,0.0,1189
1,     68164,19397,        3920999992,0.0,0.0
1,     68166,19398,        3921199992,0.0,0.0
1,     68168,19399,        3921399992,0.0,0.0
0,     68170,0,        3921530509,0.0,1892
1,     68172,19400,        3921599996,0.0,0.0
1,     68174,19401,        3921799996,0.0,0.0
1,     68176,19402,        3921999996,0.0,0.0
0,     68178,0,        3922013349,0.0,4042
1,     68180,19403,        3922199996,0.0,0.0
1,     68182,19404,        3922400000,0.0,0.0
1,     68184,19405,        3922600000,0.0,0.0
0,     68186,0,        3922740490,0.0,84
1,     68188,19406,        3922800000,0.0,0.0
1,     68190,19407,        3923000004,0.0,0.0
0,     68192,0,        3923132457,0.0,5721
1,     68194,19408,        3923200004,0.0,0.0
1,     68196,19409,        3923400004,0.0,0.0
1,     68198,19410,        3923600008,0.0,0.0
1,     68200,19411,        3923800008,0.0,0.0
1,     68202,19412,        3924000008,0.0,0.0
1,     68204,19413,        3924200008,0.0,0.0
0,     68206,0,        3924310310,0.0,655
0,     68208,0,        3924311426,0.0,2080
0,     68210,0,        3924371988,0.0,464
1,     68212,19414,        3924400012,0.0,0.0
0,     68214,0,        3924575742,0.0,3952
1,     68216,19415,        3924600012,0.0,0.0
1,     68218,19416,        3924800012,0.0,0.0
1,     68220,19417,        3925000016,0.0,0.0
0,     68222,0,        3925145384,0.0,5989
1,     68224,19418,        3925200016,0.0,0.0
1,     68226,19419,        3925400016,0.0,0.0
0,     68228,0,        3925477958,0.0,182
1,     68230,19420,        3925600020,0.0,0.0
0,     68232,0,        3925720268,0.0,1344
1,     68234,19421,        3925800020,0.0,0.0
1,     68236,19422,        3926000020,0.0,0.0
1,     68238,19423,        3926200020,0.0,0.0
0,     68240,0,        3926379714,0.0,4425
0,     68242,0,        3926382448,0.0,5296
1,     68244,19424,        3926400024,0.0,0.0
0,     68246,0,        3926456147,0.0,250
0,     68248,0,        3926510624,0.0,3352
1,     68250,19425,        3926600024,0.0,0.0
1,     68252,19426,        3926800024,0.0,0.0
0,     68254,0,        3926828380,0.0,5076
1,     68256,19427,        3927000028,0.0,0.0
0,     68258,0,        3927154440,0.0,3354
1,     68260,19428,        3927200028,0.0,0.0
1,     68262,19429,        3927400028,0.0,0.0
1,     68264,19430,        3927600028,0.0,0.0
1,     68266,19431,        3927800032,0.0,0.0
1,     68268,19432,        3928000032,0.0,0.0
1,     68270,19433,        3928200032,0.0,0.0
1,     68272,19434,        3928400036,0.0,0.0
1,     68274,19435,        3928600036,0.0,0.0
0,     68276,0,        3928719678,0.0,1699
1,     68278,19436,        3928800036,0.0,0.0
1,     68280,19437,        3929000040,0.0,0.0
1,     68282,19438,        3929200040,0.0,0.0
0,     68284,0,        3929301447,0.0,3402
1,     68286,19439,        3929400040,0.0,0.0
1,     68288,19440,        3929600040,0.0,0.0
0,     68290,0,        3929777392,0.0,1187
1,     68292,19441,        3929800044,0.0,0.0
1,     68294,19442,        3930000044,0.0,0.0
1,     68296,19443,        3930200044,0.0,0.0
0,     68298,0,        3930338737,0.0,374
1,     68300,19444,        3930400048,0.0,0.0
0,     68302,0,        3930500165,0.0,406
1,     68304,19445,        3930600048,0.0,0.0
1,     68306,19446,        3930800048,0.0,0.0
1,     68308,19447,        3931000052,0.0,0.0
1,     68310,19448,        3931200052,0.0,0.0
1,     68312,19449,        3931400052,0.0,0.0
1,     68314,19450,        3931600052,0.0,0.0
0,     68316,0,        3931623526,0.0,3448
1,     68318,19451,        3931800056,0.0,0.0
1,     68320,19452,        3932000056,0.0,0.0
0,     68322,0,        3932077706,0.0,817
1,     68324,19453,        3932200056,0.0,0.0
0,     68326,0,        3932386260,0.0,2564
1,     68328,19454,        3932400060,0.0,0.0
1,     68330,19455,        3932600060,0.0,0.0
1,     68332,19456,        3932800060,0.0,0.0
0,     68334,0,        3932811634,0.0,4562
1,     68336,19457,        3933000064,0.0,0.0
0,     68338,0,        3933018099,0.0,5977
1,     68340,19458,        3933200064,0.0,0.0
0,     68342,0,        3933216221,0.0,5719
1,     68344,19459,        3933400064,0.0,0.0
0,     68346,0,        3933494757,0.0,1577
0,     68348,0,        3933526668,0.0,4810
1,     68350,19460,        3933600064,0.0,0.0
0,     68352,0,        3933660410,0.0,6108
1,     68354,19461,        3933800068,0.0,0.0
1,     68356,19462,        3934000068,0.0,0.0
1,     68358,19463,        3934200068,0.0,0.0
0,     68360,0,        3934259891,0.0,3581
1,     68362,19464,        3934400072,0.0,0.0
0,     68364,0,        3934536570,0.0,4099
1,     68366,19465,        3934600072,0.0,0.0
0,     68368,0,        3934669683,0.0,3568
0,     68370,0,        3934696882,0.0,3568
1,     68372,19466,        3934800072,0.0,0.0
0,     68374,0,        3934913432,0.0,3829
1,     68376,19467,        3935000076,0.0,0.0
1,     68378,19468,        3935200076,0.0,0.0
1,     68380,19469,        3935400076,0.0,0.0
1,     68382,19470,        3935600076,0.0,0.0
1,     68384,19471,        3935800080,0.0,0.0
0,     68386,0,        3935906761,0.0,3598
1,     68388,19472,        3936000080,0.0,0.0
0,     68390,0,        3936023512,0.0,4836
0,     68392,0,        3936094130,0.0,15
1,     68394,19473,        3936200080,0.0,0.0
1,     68396,19474,        3936400084,0.0,0.0
0,     68398,0,        3936469009,0.0,5583
1,     68400,19475,        3936600084,0.0,0.0
1,     68402,19476,        3936800084,0.0,0.0
0,     68404,0,        3936872494,0.0,2354
0,     68406,0,        3936941996,0.0,5852
1,     68408,19477,        3937000084,0.0,0.0
1,     68410,19478,        3937200088,0.0,0.0
0,     68412,0,        3937209969,0.0,1509
0,     68414,0,        3937240275,0.0,1355
0,     68416,0,        3937315365,0.0,5625
1,     68418,19479,        3937400088,0.0,0.0
1,     68420,19480,        3937600088,0.0,0.0
1,     68422,19481,        3937800092,0.0,0.0
0,     68424,0,        3937927128,0.0,5477
1,     68426,19482,        3938000092,0.0,0.0
0,     68428,0,        3938140342,0.0,2779
1,     68430,19483,        3938200092,0.0,0.0
1,     68432,19484,        3938400096,0.0,0.0
0,     68434,0,        3938477247,0.0,3465
0,     68436,0,        3938496463,0.0,6163
0,     68438,0,        3938586171,0.0,4503
1,     68440,19485,        3938600096,0.0,0.0
1,     68442,19486,        3938800096,0.0,0.0
1,     68444,19487,        3939000096,0.0,0.0
1,     68446,19488,        3939200100,0.0,0.0
0,     68448,0,        3939298937,0.0,5451
1,     68450,19489,        3939400100,0.0,0.0
0,     68452,0,        3939550558,0.0,3690
1,     68454,19490,        3939600100,0.0,0.0
1,     68456,19491,        3939800104,0.0,0.0
0,     68458,0,        3939856894,0.0,1480
1,     68460,19492,        3940000104,0.0,0.0
0,     68462,0,        3940071541,0.0,1723
1,     68464,19493,        3940200104,0.0,0.0
1,     68466,19494,        3940400108,0.0,0.0
1,     68468,19495,        3940600108,0.0,0.0
1,     68470,19496,        3940800108,0.0,0.0
0,     68472,0,        3940806890,0.0,1399
0,     68474,0,        3940856825,0.0,5822
1,     68476,19497,        3941000108,0.0,0.0
0,     68478,0,        3941070516,0.0,2328
1,     68480,19498,        3941200112,0.0,0.0
0,     68482,0,        3941324384,0.0,3214
1,     68484,19499,        3941400112,0.0,0.0
0,     68486,0,        3941523511,0.0,5158
1,     68488,19500,        3941600112,0.0,0.0
1,     68490,19501,        3941800116,0.0,0.0
1,     68492,19502,        3942000116,0.0,0.0
0,     68494,0,        3942043181,0.0,5661
1,     68496,19503,        3942200116,0.0,0.0
1,     68498,19504,        3942400120,0.0,0.0
0,     68500,0,        3942572175,0.0,557
1,     68502,19505,        3942600120,0.0,0.0
0,     68504,0,        3942735527,0.0,5904
1,     68506,19506,        3942800120,0.0,0.0
0,     68508,0,        3942819185,0.0,3007
0,     68510,0,        3942838660,0.0,5161
0,     68512,0,        3942925634,0.0,2030
1,     68514,19507,        3943000120,0.0,0.0
1,     68516,19508,        3943200124,0.0,0.0
1,     68518,19509,        3943400124,0.0,0.0
1,     68520,19510,        3943600124,0.0,0.0
1,     68522,19511,        3943800128,0.0,0.0
0,     68524,0,        3943964016,0.0,5000
1,     68526,19512,        3944000128,0.0,0.0
1,     68528,19513,        3944200128,0.0,0.0
1,     68530,19514,        3944400128,0.0,0.0
1,     68532,19515,        3944600132,0.0,0.0
0,     68534,0,        3944653910,0.0,3793
1,     68536,19516,        3944800132,0.0,0.0
0,     68538,0,        3944948574,0.0,2477
1,     68540,19517,        3945000132,0.0,0.0
1,     68542,19518,        3945200136,0.0,0.0
1,     68544,19519,        3945400136,0.0,0.0
0,     68546,0,        3945501100,0.0,2051
1,     68548,19520,        3945600136,0.0,0.0
0,     68550,0,        3945622604,0.0,6234
1,     68552,19521,        3945800140,0.0,0.0
0,     68554,0,        3945889464,0.0,5727
1,     68556,19522,        3946000140,0.0,0.0
1,     68558,19523,        3946200140,0.0,0.0
1,     68560,19524,        3946400140,0.0,0.0
1,     68562,19525,        3946600144,0.0,0.0
0,     68564,0,        3946625665,0.0,5940
1,     68566,19526,        3946800144,0.0,0.0
0,     68568,0,        3946956759,0.0,3343
1,     68570,19527,        3947000144,0.0,0.0
1,     68572,19528,        3947200148,0.0,0.0
0,     68574,0,        3947360672,0.0,5198
0,     68575,0,        3947360705,0.0,449
1,     68577,19529,        3947400148,0.0,0.0
0,     68579,0,        3947511503,0.0,2688
1,     68581,19530,        3947600148,0.0,0.0
0,     68583,0,        3947755821,0.0,6196
1,     68585,19531,        3947800152,0.0,0.0
0,     68587,0,        3947814203,0.0,3975
1,     68589,19532,        3948000152,0.0,0.0
0,     68591,0,        3948006925,0.0,294
1,     68593,19533,        3948200152,0.0,0.0
1,     68595,19534,        3948400152,0.0,0.0
1,     68597,19535,        3948600156,0.0,0.0
0,     68599,0,        3948653269,0.0,1939
0,     68601,0,        3948677826,0.0,3711
1,     68603,19536,        3948800156,0.0,0.0
0,     68605,0,        3948905448,0.0,3960
1,     68607,19537,        3949000156,0.0,0.0
1,     68609,19538,        3949200160,0.0,0.0
1,     68611,19539,        3949400160,0.0,0.0
1,     68613,19540,        3949600160,0.0,0.0
1,     68615,19541,        3949800164,0.0,0.0
1,     68617,19542,        3950000164,0.0,0.0
0,     68619,0,        3950066013,0.0,2425
1,     68621,19543,        3950200164,0.0,0.0
0,     68623,0,        3950213352,0.0,3715
1,     68625,19544,        3950400164,0.0,0.0
0,     68627,0,        3950517994,0.0,1200
1,     68629,19545,        3950600168,0.0,0.0
1,     68631,19546,        3950800168,0.0,0.0
0,     68633,0,        3950809327,0.0,5096
0,     68635,0,        3950995681,0.0,2929
1,     68637,19547,        3951000168,0.0,0.0
1,     68639,19548,        3951200172,0.0,0.0
0,     68641,0,        3951393161,0.0,2953
1,     68643,19549,        3951400172,0.0,0.0
0,     68645,0,        3951589066,0.0,4056
1,     68647,19550,        3951600172,0.0,0.0
0,     68649,0,        3951657199,0.0,3449
1,     68651,19551,        3951800176,0.0,0.0
0,     68653,0,        3951830815,0.0,4924
1,     68655,19552,        3952000176,0.0,0.0
0,     68657,0,        3952136838,0.0,5252
1,     68659,19553,        3952200176,0.0,0.0
1,     68661,19554,        3952400176,0.0,0.0
1,     68663,19555,        3952600180,0.0,0.0
0,     68665,0,        3952661066,0.0,3182
1,     68667,19556,        3952800180,0.0,0.0
1,     68669,19557,        3953000180,0.0,0.0
1,     68671,19558,        3953200184,0.0,0.0
1,     68673,19559,        3953400184,0.0,0.0
1,     68675,19560,        3953600184,0.0,0.0
0,     68677,0,        3953624417,0.0,4687
1,     68679,19561,        3953800184,0.0,0.0
1,     68681,19562,        3954000188,0.0,0.0
0,     68683,0,        3954125746,0.0,5497
1,     68685,19563,        3954200188,0.0,0.0
1,     68687,19564,        3954400188,0.0,0.0
0,     68689,0,        3954492477,0.0,1566
1,     68691,19565,        3954600192,0.0,0.0
1,     68693,19566,        3954800192,0.0,0.0
1,     68695,19567,        3955000192,0.0,0.0
1,     68697,19568,        3955200196,0.0,0.0
1,     68699,19569,        3955400196,0.0,0.0
0,     68701,0,        3955404106,0.0,5803
1,     68703,19570,        3955600196,0.0,0.0
1,     68705,19571,        3955800196,0.0,0.0
0,     68707,0,        3955938196,0.0,2678
1,     68709,19572,        3956000200,0.0,0.0
1,     68711,19573,        3956200200,0.0,0.0
0,     68713,0,        3956356447,0.0,5923
1,     68715,19574,        3956400200,0.0,0.0
0,     68717,0,        3956505311,0.0,3767
1,     68719,19575,        3956600204,0.0,0.0
0,     68721,0,        3956668885,0.0,3945
0,     68723,0,        3956698128,0.0,3527
1,     68725,19576,        3956800204,0.0,0.0
0,     68727,0,        3956877719,0.0,2545
1,     68729,19577,        3957000204,0.0,0.0
0,     68731,0,        3957062604,0.0,4850
1,     68733,19578,        3957200208,0.0,0.0
0,     68735,0,        3957344868,0.0,2647
1,     68737,19579,        3957400208,0.0,0.0
1,     68739,19580,        3957600208,0.0,0.0
1,     68741,19581,        3957800208,0.0,0.0
1,     68743,19582,        3958000212,0.0,0.0
0,     68745,0,        3958149301,0.0,6043
1,     68747,19583,        3958200212,0.0,0.0
1,     68749,19584,        3958400212,0.0,0.0
1,     68751,19585,        3958600216,0.0,0.0
1,     68753,19586,        3958800216,0.0,0.0
0,     68755,0,        3958969688,0.0,3855
1,     68757,19587,        3959000216,0.0,0.0
1,     68759,19588,        3959200220,0.0,0.0
0,     68761,0,        3959243149,0.0,6203
0,     68762,0,        3959243513,0.0,1970
1,     68764,19589,        3959400220,0.0,0.0
0,     68766,0,        3959565712,0.0,537
1,     68768,19590,        3959600220,0.0,0.0
1,     68770,19591,        3959800220,0.0,0.0
0,     68772,0,        3959869764,0.0,553
0,     68774,0,        3959906586,0.0,1047
0,     68776,0,        3959981412,0.0,2377
0,     68777,0,        3959981414,0.0,266
1,     68779,19592,        3960000224,0.0,0.0
1,     68781,19593,        3960200224,0.0,0.0
0,     68783,0,        3960301771,0.0,2793
0,     68785,0,        3960322187,0.0,830
1,     68787,19594,        3960400224,0.0,0.0
0,     68789,0,        3960495087,0.0,264
1,     68791,19595,        3960600228,0.0,0.0
1,     68793,19596,        3960800228,0.0,0.0
1,     68795,19597,        3961000228,0.0,0.0
0,     68797,0,        3961067639,0.0,4790
1,     68799,19598,        3961200232,0.0,0.0
0,     68801,0,        3961267567,0.0,5832
0,     68803,0,        3961277020,0.0,1905
1,     68805,19599,        3961400232,0.0,0.0
1,     68807,19600,        3961600232,0.0,0.0
0,     68809,0,        3961750377,0.0,5713
0,     68811,0,        3961786410,0.0,3781
1,     68813,19601,        3961800232,0.0,0.0
1,     68815,19602,        3962000236,0.0,0.0
1,     68817,19603,        3962200236,0.0,0.0
1,     68819,19604,        3962400236,0.0,0.0
1,     68821,19605,        3962600240,0.0,0.0
0,     68823,0,        3962724130,0.0,4753
1,     68825,19606,        3962800240,0.0,0.0
0,     68827,0,        3962994354,0.0,3254
1,     68829,19607,        3963000240,0.0,0.0
1,     68831,19608,        3963200244,0.0,0.0
0,     68833,0,        3963316185,0.0,3762
1,     68835,19609,        3963400244,0.0,0.0
0,     68837,0,        3963513735,0.0,5164
1,     68839,19610,        3963600244,0.0,0.0
0,     68841,0,        3963647804,0.0,5142
1,     68843,19611,        3963800244,0.0,0.0
1,     68845,19612,        3964000248,0.0,0.0
0,     68847,0,        3964100783,0.0,3716
1,     68849,19613,        3964200248,0.0,0.0
0,     68851,0,        3964344511,0.0,5237
0,     68852,0,        3964344570,0.0,3701
1,     68854,19614,        3964400248,0.0,0.0
0,     68856,0,        3964401024,0.0,397
0,     68858,0,        3964418835,0.0,4746
0,     68860,0,        3964525752,0.0,76
1,     68862,19615,        3964600252,0.0,0.0
1,     68864,19616,        3964800252,0.0,0.0
0,     68866,0,        3964912830,0.0,1654
0,     68868,0,        3964973788,0.0,2637
1,     68870,19617,        3965000252,0.0,0.0
0,     68872,0,        3965044338,0.0,3463
1,     68874,19618,        3965200252,0.0,0.0
1,     68876,19619,        3965400256,0.0,0.0
0,     68878,0,        3965421451,0.0,4285
0,     68880,0,        3965482975,0.0,1069
0,     68882,0,        3965483093,0.0,904
1,     68884,19620,        3965600256,0.0,0.0
1,     68886,19621,        3965800256,0.0,0.0
0,     68888,0,        3965889126,0.0,3829
1,     68890,19622,        3966000260,0.0,0.0
1,     68892,19623,        3966200260,0.0,0.0
1,     68894,19624,        3966400260,0.0,0.0
0,     68896,0,        3966500629,0.0,5318
1,     68898,19625,        3966600264,0.0,0.0
0,     68900,0,        3966741692,0.0,4284
1,     68902,19626,        3966800264,0.0,0.0
0,     68904,0,        3966908596,0.0,4134
1,     68906,19627,        3967000264,0.0,0.0
0,     68908,0,        3967051844,0.0,508
0,     68909,0,        3967052493,0.0,4657
0,     68911,0,        3967157790,0.0,318
1,     68913,19628,        3967200264,0.0,0.0
0,     68915,0,        3967250921,0.0,3080
0,     68917,0,        3967338156,0.0,38
0,     68919,0,        3967339139,0.0,528
1,     68921,19629,        3967400268,0.0,0.0
0,     68923,0,        3967444900,0.0,5056
1,     68925,19630,        3967600268,0.0,0.0
0,     68927,0,        3967638544,0.0,4625
1,     68929,19631,        3967800268,0.0,0.0
0,     68931,0,        3967876889,0.0,2797
0,     68933,0,        3967900463,0.0,454
1,     68935,19632,        3968000272,0.0,0.0
0,     68937,0,        3968054521,0.0,2846
1,     68939,19633,        3968200272,0.0,0.0
1,     68941,19634,        3968400272,0.0,0.0
1,     68943,19635,        3968600276,0.0,0.0
1,     68945,19636,        3968800276,0.0,0.0
1,     68947,19637,        3969000276,0.0,0.0
1,     68949,19638,        3969200276,0.0,0.0
1,     68951,19639,        3969400280,0.0,0.0
1,     68953,19640,        3969600280,0.0,0.0
1,     68955,19641,        3969800280,0.0,0.0
0,     68957,0,        3969918452,0.0,5702
1,     68959,19642,        3970000284,0.0,0.0
0,     68961,0,        3970028952,0.0,598
1,     68963,19643,        3970200284,0.0,0.0
0,     68965,0,        3970344614,0.0,1562
1,     68967,19644,        3970400284,0.0,0.0
0,     68969,0,        3970485642,0.0,597
1,     68971,19645,        3970600284,0.0,0.0
0,     68973,0,        3970623525,0.0,3890
0,     68975,0,        3970714978,0.0,5506
1,     68977,19646,        3970800288,0.0,0.0
0,     68979,0,        3970837484,0.0,474
0,     68981,0,        3970993022,0.0,641
1,     68983,19647,        3971000288,0.0,0.0
0,     68985,0,        3971104075,0.0,3210
1,     68987,19648,        3971200288,0.0,0.0
0,     68989,0,        3971207705,0.0,2112
0,     68991,0,        3971297648,0.0,6185
1,     68993,19649,        3971400292,0.0,0.0
1,     68995,19650,        3971600292,0.0,0.0
0,     68997,0,        3971672989,0.0,5080
1,     68999,19651,        3971800292,0.0,0.0
1,     69001,19652,        3972000296,0.0,0.0
1,     69003,19653,        3972200296,0.0,0.0
0,     69005,0,        3972242861,0.0,1473
1,     69007,19654,        3972400296,0.0,0.0
1,     69009,19655,        3972600296,0.0,0.0
1,     69011,19656,        3972800300,0.0,0.0
0,     69013,0,        3972818321,0.0,3506
1,     69015,19657,        3973000300,0.0,0.0
1,     69017,19658,        3973200300,0.0,0.0
0,     69019,0,        3973224576,0.0,3728
1,     69021,19659,        3973400304,0.0,0.0
0,     69023,0,        3973537130,0.0,4433
1,     69025,19660,        3973600304,0.0,0.0
1,     69027,19661,        3973800304,0.0,0.0
0,     69029,0,        3973813191,0.0,875
0,     69031,0,        3973815580,0.0,1948
0,     69032,0,        3973815582,0.0,349
1,     69034,19662,        3974000308,0.0,0.0
1,     69036,19663,        3974200308,0.0,0.0
1,     69038,19664,        3974400308,0.0,0.0
1,     69040,19665,        3974600308,0.0,0.0
1,     69042,19666,        3974800312,0.0,0.0
0,     69044,0,        3974856727,0.0,4594
0,     69046,0,        3974934953,0.0,1331
1,     69048,19667,        3975000312,0.0,0.0
1,     69050,19668,        3975200312,0.0,0.0
0,     69052,0,        3975201218,0.0,1496
0,     69054,0,        3975339907,0.0,5521
1,     69056,19669,        3975400316,0.0,0.0
0,     69058,0,        3975515497,0.0,2113
1,     69060,19670,        3975600316,0.0,0.0
0,     69062,0,        3975648572,0.0,4471
0,     69064,0,        3975766152,0.0,2591
1,     69066,19671,        3975800316,0.0,0.0
1,     69068,19672,        3976000320,0.0,0.0
1,     69070,19673,        3976200320,0.0,0.0
0,     69072,0,        3976245513,0.0,2341
0,     69074,0,        3976270960,0.0,5118
0,     69076,0,        3976290303,0.0,2400
0,     69078,0,        3976306137,0.0,2105
1,     69080,19674,        3976400320,0.0,0.0
0,     69082,0,        3976467880,0.0,3765
0,     69084,0,        3976538730,0.0,5304
0,     69085,0,        3976538981,0.0,3093
1,     69087,19675,        3976600320,0.0,0.0
1,     69089,19676,        3976800324,0.0,0.0
1,     69091,19677,        3977000324,0.0,0.0
0,     69093,0,        3977096055,0.0,4709
0,     69095,0,        3977096901,0.0,3450
1,     69097,19678,        3977200324,0.0,0.0
0,     69099,0,        3977288851,0.0,3831
0,     69101,0,        3977379471,0.0,2500
1,     69103,19679,        3977400328,0.0,0.0
1,     69105,19680,        3977600328,0.0,0.0
0,     69107,0,        3977653780,0.0,4420
0,     69109,0,        3977668621,0.0,3613
1,     69111,19681,        3977800328,0.0,0.0
1,     69113,19682,        3978000332,0.0,0.0
0,     69115,0,        3978040575,0.0,3751
0,     69117,0,        3978066990,0.0,3507
1,     69119,19683,        3978200332,0.0,0.0
0,     69121,0,        3978222620,0.0,4543
1,     69123,19684,        3978400332,0.0,0.0
1,     69125,19685,        3978600332,0.0,0.0
0,     69127,0,        3978637140,0.0,2862
0,     69129,0,        3978782831,0.0,631
1,     69131,19686,        3978800336,0.0,0.0
0,     69133,0,        3978808331,0.0,4515
0,     69135,0,        3978848385,0.0,3484
0,     69137,0,        3978900308,0.0,49
1,     69139,19687,        3979000336,0.0,0.0
1,     69141,19688,        3979200336,0.0,0.0
0,     69143,0,        3979325419,0.0,4500
0,     69145,0,        3979365505,0.0,1646
1,     69147,19689,        3979400340,0.0,0.0
0,     69149,0,        3979410878,0.0,1915
0,     69150,0,        3979410930,0.0,2488
1,     69152,19690,        3979600340,0.0,0.0
1,     69154,19691,        3979800340,0.0,0.0
0,     69156,0,        3979846093,0.0,1149
0,     69158,0,        3979908804,0.0,2014
0,     69160,0,        3979985805,0.0,853
1,     69162,19692,        3980000344,0.0,0.0
0,     69164,0,        3980111400,0.0,959
1,     69166,19693,        3980200344,0.0,0.0
0,     69168,0,        3980323991,0.0,5855
1,     69170,19694,        3980400344,0.0,0.0
0,     69172,0,        3980473477,0.0,3497
1,     69174,19695,        3980600344,0.0,0.0
0,     69176,0,        3980687778,0.0,815
1,     69178,19696,        3980800348,0.0,0.0
0,     69180,0,        3980852257,0.0,898
0,     69182,0,        3980878373,0.0,2896
0,     69184,0,        3980939300,0.0,4825
0,     69186,0,        3980953077,0.0,3213
0,     69188,0,        3980965872,0.0,2747
1,     69190,19697,        3981000348,0.0,0.0
1,     69192,19698,        3981200348,0.0,0.0
1,     69194,19699,        3981400352,0.0,0.0
1,     69196,19700,        3981600352,0.0,0.0
0,     69198,0,        3981640277,0.0,3479
1,     69200,19701,        3981800352,0.0,0.0
0,     69202,0,        3981930991,0.0,4369
1,     69204,19702,        3982000352,0.0,0.0
0,     69206,0,        3982090609,0.0,5202
0,     69208,0,        3982108301,0.0,3412
1,     69210,19703,        3982200356,0.0,0.0
0,     69212,0,        3982331261,0.0,334
1,     69214,19704,        3982400356,0.0,0.0
0,     69216,0,        3982413678,0.0,3190
1,     69218,19705,        3982600356,0.0,0.0
0,     69220,0,        3982668324,0.0,900
0,     69222,0,        3982762824,0.0,5971
1,     69224,19706,        3982800360,0.0,0.0
1,     69226,19707,        3983000360,0.0,0.0
0,     69228,0,        3983038249,0.0,1679
1,     69230,19708,        3983200360,0.0,0.0
1,     69232,19709,        3983400364,0.0,0.0
0,     69234,0,        3983523217,0.0,2534
1,     69236,19710,        3983600364,0.0,0.0
1,     69238,19711,        3983800364,0.0,0.0
1,     69240,19712,        3984000364,0.0,0.0
0,     69242,0,        3984130608,0.0,296
1,     69244,19713,        3984200368,0.0,0.0
0,     69246,0,        3984243509,0.0,4034
1,     69248,19714,        3984400368,0.0,0.0
0,     69250,0,        3984583657,0.0,3353
1,     69252,19715,        3984600368,0.0,0.0
1,     69254,19716,        3984800372,0.0,0.0
1,     69256,19717,        3985000372,0.0,0.0
0,     69258,0,        3985077109,0.0,48
1,     69260,19718,        3985200372,0.0,0.0
1,     69262,19719,        3985400376,0.0,0.0
0,     69264,0,        3985537394,0.0,4207
0,     69266,0,        3985572509,0.0,3420
1,     69268,19720,        3985600376,0.0,0.0
1,     69270,19721,        3985800376,0.0,0.0
0,     69272,0,        3985880963,0.0,3017
1,     69274,19722,        3986000376,0.0,0.0
0,     69276,0,        3986042654,0.0,2905
1,     69278,19723,        3986200380,0.0,0.0
0,     69280,0,        3986242898,0.0,3531
0,     69282,0,        3986340996,0.0,335
1,     69284,19724,        3986400380,0.0,0.0
1,     69286,19725,        3986600380,0.0,0.0
0,     69288,0,        3986652771,0.0,3656
1,     69290,19726,        3986800384,0.0,0.0
0,     69292,0,        3986990123,0.0,2684
1,     69294,19727,        3987000384,0.0,0.0
0,     69296,0,        3987052185,0.0,2517
1,     69298,19728,        3987200384,0.0,0.0
1,     69300,19729,        3987400388,0.0,0.0
1,     69302,19730,        3987600388,0.0,0.0
0,     69304,0,        3987721916,0.0,2321
1,     69306,19731,        3987800388,0.0,0.0
0,     69308,0,        3987915370,0.0,1864
1,     69310,19732,        3988000388,0.0,0.0
1,     69312,19733,        3988200392,0.0,0.0
1,     69314,19734,        3988400392,0.0,0.0
1,     69316,19735,        3988600392,0.0,0.0
1,     69318,19736,        3988800396,0.0,0.0
1,     69320,19737,        3989000396,0.0,0.0
0,     69322,0,        3989074177,0.0,1499
0,     69324,0,        3989085789,0.0,4322
1,     69326,19738,        3989200396,0.0,0.0
1,     69328,19739,        3989400396,0.0,0.0
1,     69330,19740,        3989600400,0.0,0.0
1,     69332,19741,        3989800400,0.0,0.0
1,     69334,19742,        3990000400,0.0,0.0
0,     69336,0,        3990149646,0.0,1855
1,     69338,19743,        3990200404,0.0,0.0
1,     69340,19744,        3990400404,0.0,0.0
1,     69342,19745,        3990600404,0.0,0.0
0,     69344,0,        3990672147,0.0,4679
1,     69346,19746,        3990800408,0.0,0.0
1,     69348,19747,        3991000408,0.0,0.0
1,     69350,19748,        3991200408,0.0,0.0
0,     69352,0,        3991219320,0.0,1482
0,     69354,0,        3991327074,0.0,688
1,     69356,19749,        3991400408,0.0,0.0
0,     69358,0,        3991484572,0.0,2131
1,     69360,19750,        3991600412,0.0,0.0
0,     69362,0,        3991687515,0.0,4441
1,     69364,19751,        3991800412,0.0,0.0
0,     69366,0,        3991944394,0.0,109
0,     69368,0,        3991973331,0.0,362
1,     69370,19752,        3992000412,0.0,0.0
1,     69372,19753,        3992200416,0.0,0.0
0,     69374,0,        3992288755,0.0,658
1,     69376,19754,        3992400416,0.0,0.0
1,     69378,19755,        3992600416,0.0,0.0
0,     69380,0,        3992636324,0.0,5995
1,     69382,19756,        3992800420,0.0,0.0
0,     69384,0,        3992819936,0.0,2912
0,     69386,0,        3992950972,0.0,3540
1,     69388,19757,        3993000420,0.0,0.0
0,     69390,0,        3993115767,0.0,1370
1,     69392,19758,        3993200420,0.0,0.0
0,     69394,0,        3993261133,0.0,3522
0,     69396,0,        3993384011,0.0,2850
1,     69398,19759,        3993400420,0.0,0.0
0,     69400,0,        3993418705,0.0,5269
0,     69402,0,        3993577431,0.0,5129
1,     69404,19760,        3993600424,0.0,0.0
1,     69406,19761,        3993800424,0.0,0.0
1,     69408,19762,        3994000424,0.0,0.0
0,     69410,0,        3994110800,0.0,5609
1,     69412,19763,        3994200428,0.0,0.0
1,     69414,19764,        3994400428,0.0,0.0
1,     69416,19765,        3994600428,0.0,0.0
1,     69418,19766,        3994800432,0.0,0.0
1,     69420,19767,        3995000432,0.0,0.0
0,     69422,0,        3995197264,0.0,875
1,     69424,19768,        3995200432,0.0,0.0
0,     69426,0,        3995349171,0.0,4964
1,     69428,19769,        3995400432,0.0,0.0
0,     69430,0,        3995538880,0.0,3873
1,     69432,19770,        3995600436,0.0,0.0
0,     69434,0,        3995640233,0.0,3467
0,     69436,0,        3995739390,0.0,3068
1,     69438,19771,        3995800436,0.0,0.0
0,     69440,0,        3995891367,0.0,3689
1,     69442,19772,        3996000436,0.0,0.0
1,     69444,19773,        3996200440,0.0,0.0
1,     69446,19774,        3996400440,0.0,0.0
1,     69448,19775,        3996600440,0.0,0.0
1,     69450,19776,        3996800444,0.0,0.0
1,     69452,19777,        3997000444,0.0,0.0
0,     69454,0,        3997157212,0.0,3930
1,     69456,19778,        3997200444,0.0,0.0
0,     69458,0,        3997299956,0.0,4558
0,     69460,0,        3997373522,0.0,4925
1,     69462,19779,        3997400444,0.0,0.0
1,     69464,19780,        3997600448,0.0,0.0
1,     69466,19781,        3997800448,0.0,0.0
1,     69468,19782,        3998000448,0.0,0.0
0,     69470,0,        3998058398,0.0,4482
1,     69472,19783,        3998200452,0.0,0.0
1,     69474,19784,        3998400452,0.0,0.0
0,     69476,0,        3998568404,0.0,4006
0,     69478,0,        3998568835,0.0,5155
1,     69480,19785,        3998600452,0.0,0.0
0,     69482,0,        3998634814,0.0,5109
0,     69484,0,        3998744539,0.0,1954
1,     69486,19786,        3998800452,0.0,0.0
1,     69488,19787,        3999000456,0.0,0.0
0,     69490,0,        3999020270,0.0,4364
1,     69492,19788,        3999200456,0.0,0.0
1,     69494,19789,        3999400456,0.0,0.0
1,     69496,19790,        3999600460,0.0,0.0
0,     69498,0,        3999643728,0.0,4874
0,     69500,0,        3999687950,0.0,3985
1,     69502,19791,        3999800460,0.0,0.0
1,     69504,19792,        4000000460,0.0,0.0
1,     69506,19793,        4000200464,0.0,0.0
1,     69508,19794,        4000400464,0.0,0.0
1,     69510,19795,        4000600464,0.0,0.0
1,     69512,19796,        4000800464,0.0,0.0
1,     69514,19797,        4001000468,0.0,0.0
1,     69516,19798,        4001200468,0.0,0.0
0,     69518,0,        4001376091,0.0,4560
1,     69520,19799,        4001400468,0.0,0.0
0,     69522,0,        4001474003,0.0,4261
1,     69524,19800,        4001600472,0.0,0.0
1,     69526,19801,        4001800472,0.0,0.0
1,     69528,19802,        4002000472,0.0,0.0
1,     69530,19803,        4002200476,0.0,0.0
0,     69532,0,        4002279877,0.0,3885
0,     69534,0,        4002290352,0.0,3288
1,     69536,19804,        4002400476,0.0,0.0
1,     69538,19805,        4002600476,0.0,0.0
1,     69540,19806,        4002800476,0.0,0.0
1,     69542,19807,        4003000480,0.0,0.0
1,     69544,19808,        4003200480,0.0,0.0
1,     69546,19809,        4003400480,0.0,0.0
0,     69548,0,        4003435107,0.0,1675
1,     69550,19810,        4003600484,0.0,0.0
0,     69552,0,        4003779785,0.0,3481
0,     69553,0,        4003780002,0.0,613
1,     69555,19811,        4003800484,0.0,0.0
1,     69557,19812,        4004000484,0.0,0.0
0,     69559,0,        4004120505,0.0,1019
0,     69561,0,        4004140351,0.0,1566
1,     69563,19813,        4004200488,0.0,0.0
0,     69565,0,        4004292369,0.0,2109
1,     69567,19814,        4004400488,0.0,0.0
0,     69569,0,        4004511532,0.0,4179
1,     69571,19815,        4004600488,0.0,0.0
1,     69573,19816,        4004800488,0.0,0.0
1,     69575,19817,        4005000492,0.0,0.0
1,     69577,19818,        4005200492,0.0,0.0
0,     69579,0,        4005250838,0.0,4455
0,     69581,0,        4005326270,0.0,5435
1,     69583,19819,        4005400492,0.0,0.0
1,     69585,19820,        4005600496,0.0,0.0
0,     69587,0,        4005602483,0.0,5118
1,     69589,19821,        4005800496,0.0,0.0
0,     69591,0,        4005820139,0.0,6176
1,     69593,19822,        4006000496,0.0,0.0
0,     69595,0,        4006002281,0.0,271
0,     69596,0,        4006002546,0.0,4068
0,     69598,0,        4006032145,0.0,3828
1,     69600,19823,        4006200500,0.0,0.0
1,     69602,19824,        4006400500,0.0,0.0
1,     69604,19825,        4006600500,0.0,0.0
1,     69606,19826,        4006800500,0.0,0.0
1,     69608,19827,        4007000504,0.0,0.0
1,     69610,19828,        4007200504,0.0,0.0
0,     69612,0,        4007400069,0.0,5447
1,     69614,19829,        4007400504,0.0,0.0
1,     69616,19830,        4007600508,0.0,0.0
0,     69618,0,        4007606598,0.0,3608
1,     69620,19831,        4007800508,0.0,0.0
0,     69622,0,        4007950336,0.0,3456
1,     69624,19832,        4008000508,0.0,0.0
1,     69626,19833,        4008200512,0.0,0.0
1,     69628,19834,        4008400512,0.0,0.0
1,     69630,19835,        4008600512,0.0,0.0
0,     69632,0,        4008757973,0.0,3053
1,     69634,19836,        4008800512,0.0,0.0
0,     69636,0,        4008879764,0.0,4110
0,     69638,0,        4008999921,0.0,3630
1,     69640,19837,        4009000516,0.0,0.0
0,     69642,0,        4009174860,0.0,877
1,     69644,19838,        4009200516,0.0,0.0
0,     69646,0,        4009314096,0.0,1002
1,     69648,19839,        4009400516,0.0,0.0
0,     69650,0,        4009415433,0.0,5709
1,     69652,19840,        4009600520,0.0,0.0
1,     69654,19841,        4009800520,0.0,0.0
0,     69656,0,        4009837967,0.0,4258
1,     69658,19842,        4010000520,0.0,0.0
0,     69660,0,        4010005452,0.0,890
0,     69662,0,        4010177615,0.0,440
1,     69664,19843,        4010200520,0.0,0.0
0,     69666,0,        4010285415,0.0,6119
1,     69668,19844,        4010400524,0.0,0.0
1,     69670,19845,        4010600524,0.0,0.0
1,     69672,19846,        4010800524,0.0,0.0
0,     69674,0,        4010807231,0.0,5003
1,     69676,19847,        4011000528,0.0,0.0
1,     69678,19848,        4011200528,0.0,0.0
0,     69680,0,        4011284484,0.0,2571
1,     69682,19849,        4011400528,0.0,0.0
1,     69684,19850,        4011600532,0.0,0.0
1,     69686,19851,        4011800532,0.0,0.0
0,     69688,0,        4011876251,0.0,4959
1,     69690,19852,        4012000532,0.0,0.0
0,     69692,0,        4012117379,0.0,4152
1,     69694,19853,        4012200532,0.0,0.0
0,     69696,0,        4012309276,0.0,941
0,     69698,0,        4012325932,0.0,3694
1,     69700,19854,        4012400536,0.0,0.0
0,     69702,0,        4012470183,0.0,6157
1,     69704,19855,        4012600536,0.0,0.0
1,     69706,19856,        4012800536,0.0,0.0
0,     69708,0,        4012981007,0.0,1347
1,     69710,19857,        4013000540,0.0,0.0
0,     69712,0,        4013185887,0.0,2934
1,     69714,19858,        4013200540,0.0,0.0
1,     69716,19859,        4013400540,0.0,0.0
1,     69718,19860,        4013600544,0.0,0.0
0,     69720,0,        4013663953,0.0,5727
1,     69722,19861,        4013800544,0.0,0.0
1,     69724,19862,        4014000544,0.0,0.0
0,     69726,0,        4014058298,0.0,1649
0,     69728,0,        4014130955,0.0,5396
1,     69730,19863,        4014200544,0.0,0.0
0,     69732,0,        4014344961,0.0,4485
1,     69734,19864,        4014400548,0.0,0.0
1,     69736,19865,        4014600548,0.0,0.0
0,     69738,0,        4014781532,0.0,160
1,     69740,19866,        4014800548,0.0,0.0
1,     69742,19867,        4015000552,0.0,0.0
1,     69744,19868,        4015200552,0.0,0.0
1,     69746,19869,        4015400552,0.0,0.0
1,     69748,19870,        4015600552,0.0,0.0
1,     69750,19871,        4015800556,0.0,0.0
0,     69752,0,        4015883145,0.0,581
0,     69754,0,        4015998284,0.0,4166
1,     69756,19872,        4016000556,0.0,0.0
0,     69758,0,        4016053309,0.0,5137
1,     69760,19873,        4016200556,0.0,0.0
1,     69762,19874,        4016400560,0.0,0.0
1,     69764,19875,        4016600560,0.0,0.0
1,     69766,19876,        4016800560,0.0,0.0
1,     69768,19877,        4017000564,0.0,0.0
1,     69770,19878,        4017200564,0.0,0.0
0,     69772,0,        4017297290,0.0,3871
0,     69774,0,        4017340428,0.0,129
0,     69775,0,        4017340670,0.0,1793
1,     69777,19879,        4017400564,0.0,0.0
0,     69779,0,        4017548675,0.0,894
0,     69781,0,        4017591001,0.0,773
1,     69783,19880,        4017600564,0.0,0.0
1,     69785,19881,        4017800568,0.0,0.0
1,     69787,19882,        4018000568,0.0,0.0
1,     69789,19883,        4018200568,0.0,0.0
1,     69791,19884,        4018400572,0.0,0.0
1,     69793,19885,        4018600572,0.0,0.0
1,     69795,19886,        4018800572,0.0,0.0
0,     69797,0,        4018945844,0.0,4352
1,     69799,19887,        4019000576,0.0,0.0
1,     69801,19888,        4019200576,0.0,0.0
0,     69803,0,        4019209443,0.0,2119
0,     69804,0,        4019209622,0.0,1154
0,     69806,0,        4019321590,0.0,6199
1,     69808,19889,        4019400576,0.0,0.0
1,     69810,19890,        4019600576,0.0,0.0
0,     69812,0,        4019714319,0.0,2591
0,     69814,0,        4019755777,0.0,4790
1,     69816,19891,        4019800580,0.0,0.0
0,     69818,0,        4019852031,0.0,5034
0,     69819,0,        4019852070,0.0,2443
1,     69821,19892,        4020000580,0.0,0.0
1,     69823,19893,        4020200580,0.0,0.0
0,     69825,0,        4020213665,0.0,6202
0,     69827,0,        4020223969,0.0,2333
0,     69829,0,        4020295307,0.0,5898
1,     69831,19894,        4020400584,0.0,0.0
1,     69833,19895,        4020600584,0.0,0.0
1,     69835,19896,        4020800584,0.0,0.0
1,     69837,19897,        4021000588,0.0,0.0
0,     69839,0,        4021118804,0.0,1683
1,     69841,19898,        4021200588,0.0,0.0
1,     69843,19899,        4021400588,0.0,0.0
1,     69845,19900,        4021600588,0.0,0.0
1,     69847,19901,        4021800592,0.0,0.0
1,     69849,19902,        4022000592,0.0,0.0
1,     69851,19903,        4022200592,0.0,0.0
0,     69853,0,        4022260581,0.0,4594
1,     69855,19904,        4022400596,0.0,0.0
0,     69857,0,        4022465896,0.0,5915
0,     69859,0,        4022478776,0.0,4762
1,     69861,19905,        4022600596,0.0,0.0
1,     69863,19906,        4022800596,0.0,0.0
1,     69865,19907,        4023000600,0.0,0.0
0,     69867,0,        4023063594,0.0,1924
1,     69869,19908,        4023200600,0.0,0.0
0,     69871,0,        4023232615,0.0,2397
1,     69873,19909,        4023400600,0.0,0.0
1,     69875,19910,        4023600600,0.0,0.0
0,     69877,0,        4023725470,0.0,3699
1,     69879,19911,        4023800604,0.0,0.0
1,     69881,19912,        4024000604,0.0,0.0
1,     69883,19913,        4024200604,0.0,0.0
0,     69885,0,        4024201824,0.0,4795
1,     69887,19914,        4024400608,0.0,0.0
0,     69889,0,        4024414171,0.0,3028
1,     69891,19915,        4024600608,0.0,0.0
1,     69893,19916,        4024800608,0.0,0.0
1,     69895,19917,        4025000612,0.0,0.0
1,     69897,19918,        4025200612,0.0,0.0
1,     69899,19919,        4025400612,0.0,0.0
1,     69901,19920,        4025600612,0.0,0.0
0,     69903,0,        4025628671,0.0,1196
1,     69905,19921,        4025800616,0.0,0.0
0,     69907,0,        4025919341,0.0,1134
1,     69909,19922,        4026000616,0.0,0.0
1,     69911,19923,        4026200616,0.0,0.0
1,     69913,19924,        4026400620,0.0,0.0
1,     69915,19925,        4026600620,0.0,0.0
0,     69917,0,        4026721775,0.0,2942
1,     69919,19926,        4026800620,0.0,0.0
0,     69921,0,        4026897063,0.0,1660
1,     69923,19927,        4027000620,0.0,0.0
0,     69925,0,        4027108806,0.0,5550
1,     69927,19928,        4027200624,0.0,0.0
1,     69929,19929,        4027400624,0.0,0.0
0,     69931,0,        4027430098,0.0,2514
1,     69933,19930,        4027600624,0.0,0.0
0,     69935,0,        4027722420,0.0,5621
1,     69937,19931,        4027800628,0.0,0.0
0,     69939,0,        4027817633,0.0,4787
0,     69941,0,        4027846936,0.0,5749
0,     69943,0,        4027909102,0.0,3262
0,     69945,0,        4027989556,0.0,2377
1,     69947,19932,        4028000628,0.0,0.0
0,     69949,0,        4028103997,0.0,2565
1,     69951,19933,        4028200628,0.0,0.0
1,     69953,19934,        4028400632,0.0,0.0
1,     69955,19935,        4028600632,0.0,0.0
1,     69957,19936,        4028800632,0.0,0.0
0,     69959,0,        4028803913,0.0,5071
1,     69961,19937,        4029000632,0.0,0.0
1,     69963,19938,        4029200636,0.0,0.0
0,     69965,0,        4029372800,0.0,2188
1,     69967,19939,        4029400636,0.0,0.0
1,     69969,19940,        4029600636,0.0,0.0
1,     69971,19941,        4029800640,0.0,0.0
1,     69973,19942,        4030000640,0.0,0.0
0,     69975,0,        4030057715,0.0,4704
0,     69977,0,        4030145007,0.0,5092
1,     69979,19943,        4030200640,0.0,0.0
0,     69981,0,        4030260777,0.0,4132
0,     69983,0,        4030358997,0.0,3528
1,     69985,19944,        4030400644,0.0,0.0
1,     69987,19945,        4030600644,0.0,0.0
1,     69989,19946,        4030800644,0.0,0.0
1,     69991,19947,        4031000644,0.0,0.0
1,     69993,19948,        4031200648,0.0,0.0
1,     69995,19949,        4031400648,0.0,0.0
1,     69997,19950,        4031600648,0.0,0.0
0,     69999,0,        4031603262,0.0,3390
1,     70001,19951,        4031800652,0.0,0.0
0,     70003,0,        4031921633,0.0,495
1,     70005,19952,        4032000652,0.0,0.0
0,     70007,0,        4032009035,0.0,1270
0,     70009,0,        4032089673,0.0,57
0,     70011,0,        4032096360,0.0,1505
1,     70013,19953,        4032200652,0.0,0.0
0,     70015,0,        4032365488,0.0,2817
1,     70017,19954,        4032400652,0.0,0.0
0,     70019,0,        4032461931,0.0,5755
1,     70021,19955,        4032600656,0.0,0.0
0,     70023,0,        4032730779,0.0,6115
0,     70025,0,        4032776445,0.0,1865
0,     70027,0,        4032799172,0.0,3082
1,     70029,19956,        4032800656,0.0,0.0
1,     70031,19957,        4033000656,0.0,0.0
1,     70033,19958,        4033200660,0.0,0.0
1,     70035,19959,        4033400660,0.0,0.0
0,     70037,0,        4033522855,0.0,5814
0,     70038,0,        4033523107,0.0,867
1,     70040,19960,        4033600660,0.0,0.0
1,     70042,19961,        4033800664,0.0,0.0
1,     70044,19962,        4034000664,0.0,0.0
0,     70046,0,        4034126795,0.0,5661
0,     70048,0,        4034167751,0.0,540
1,     70050,19963,        4034200664,0.0,0.0
0,     70052,0,        4034207115,0.0,2014
1,     70054,19964,        4034400664,0.0,0.0
0,     70056,0,        4034402462,0.0,4495
1,     70058,19965,        4034600668,0.0,0.0
1,     70060,19966,        4034800668,0.0,0.0
1,     70062,19967,        4035000668,0.0,0.0
1,     70064,19968,        4035200672,0.0,0.0
0,     70066,0,        4035202922,0.0,1878
1,     70068,19969,        4035400672,0.0,0.0
1,     70070,19970,        4035600672,0.0,0.0
0,     70072,0,        4035780369,0.0,84
1,     70074,19971,        4035800676,0.0,0.0
1,     70076,19972,        4036000676,0.0,0.0
0,     70078,0,        4036062499,0.0,3683
0,     70080,0,        4036123524,0.0,2348
1,     70082,19973,        4036200676,0.0,0.0
1,     70084,19974,        4036400676,0.0,0.0
1,     70086,19975,        4036600680,0.0,0.0
0,     70088,0,        4036754013,0.0,4339
0,     70090,0,        4036759957,0.0,3414
0,     70091,0,        4036760186,0.0,6222
1,     70093,19976,        4036800680,0.0,0.0
1,     70095,19977,        4037000680,0.0,0.0
0,     70097,0,        4037101941,0.0,6089
1,     70099,19978,        4037200684,0.0,0.0
0,     70101,0,        4037213100,0.0,1715
0,     70103,0,        4037233301,0.0,3823
0,     70105,0,        4037300346,0.0,4328
1,     70107,19979,        4037400684,0.0,0.0
1,     70109,19980,        4037600684,0.0,0.0
1,     70111,19981,        4037800688,0.0,0.0
0,     70113,0,        4037835020,0.0,3667
1,     70115,19982,        4038000688,0.0,0.0
1,     70117,19983,        4038200688,0.0,0.0
1,     70119,19984,        4038400688,0.0,0.0
0,     70121,0,        4038436760,0.0,6084
0,     70123,0,        4038583562,0.0,508
1,     70125,19985,        4038600692,0.0,0.0
0,     70127,0,        4038685806,0.0,4101
1,     70129,19986,        4038800692,0.0,0.0
0,     70131,0,        4038970056,0.0,3246
1,     70133,19987,        4039000692,0.0,0.0
1,     70135,19988,        4039200696,0.0,0.0
0,     70137,0,        4039239588,0.0,2770
1,     70139,19989,        4039400696,0.0,0.0
1,     70141,19990,        4039600696,0.0,0.0
0,     70143,0,        4039719522,0.0,1792
0,     70145,0,        4039721542,0.0,1291
1,     70147,19991,        4039800700,0.0,0.0
0,     70149,0,        4039840385,0.0,3428
0,     70151,0,        4039899721,0.0,2534
1,     70153,19992,        4040000700,0.0,0.0
0,     70155,0,        4040101659,0.0,335
1,     70157,19993,        4040200700,0.0,0.0
0,     70159,0,        4040304954,0.0,1359
0,     70160,0,        4040304962,0.0,4060
1,     70162,19994,        4040400700,0.0,0.0
1,     70164,19995,        4040600704,0.0,0.0
0,     70166,0,        4040627371,0.0,360
0,     70168,0,        4040648775,0.0,3948
1,     70170,19996,        4040800704,0.0,0.0
1,     70172,19997,        4041000704,0.0,0.0
0,     70174,0,        4041162262,0.0,3925
1,     70176,19998,        4041200708,0.0,0.0
1,     70178,19999,        4041400708,0.0,0.0
0,     70180,0,        4041448995,0.0,1817
1,     70182,20000,        4041600708,0.0,0.0
0,     70184,0,        4041687651,0.0,5695
1,     70186,20001,        4041800712,0.0,0.0
0,     70188,0,        4041896883,0.0,1513
1,     70190,20002,        4042000712,0.0,0.0
0,     70192,0,        4042008231,0.0,1934
0,     70194,0,        4042174948,0.0,3435
1,     70196,20003,        4042200712,0.0,0.0
0,     70198,0,        4042236805,0.0,86
0,     70200,0,        4042242417,0.0,3985
1,     70202,20004,        4042400712,0.0,0.0
1,     70204,20005,        4042600716,0.0,0.0
1,     70206,20006,        4042800716,0.0,0.0
0,     70208,0,        4042906749,0.0,3525
1,     70210,20007,        4043000716,0.0,0.0
1,     70212,20008,        4043200720,0.0,0.0
0,     70214,0,        4043220079,0.0,3617
1,     70216,20009,        4043400720,0.0,0.0
0,     70218,0,        4043599698,0.0,691
1,     70220,20010,        4043600720,0.0,0.0
1,     70222,20011,        4043800720,0.0,0.0
0,     70224,0,        4043897646,0.0,282
1,     70226,20012,        4044000724,0.0,0.0
1,     70228,20013,        4044200724,0.0,0.0
0,     70230,0,        4044325989,0.0,3027
1,     70232,20014,        4044400724,0.0,0.0
0,     70234,0,        4044424830,0.0,1065
1,     70236,20015,        4044600728,0.0,0.0
1,     70238,20016,        4044800728,0.0,0.0
0,     70240,0,        4044967766,0.0,5512
1,     70242,20017,        4045000728,0.0,0.0
0,     70244,0,        4045014532,0.0,4325
0,     70246,0,        4045055470,0.0,5204
0,     70248,0,        4045181823,0.0,3626
1,     70250,20018,        4045200732,0.0,0.0
1,     70252,20019,        4045400732,0.0,0.0
0,     70254,0,        4045535138,0.0,1760
1,     70256,20020,        4045600732,0.0,0.0
0,     70258,0,        4045752542,0.0,5042
1,     70260,20021,        4045800732,0.0,0.0
1,     70262,20022,        4046000736,0.0,0.0
0,     70264,0,        4046067265,0.0,2087
0,     70266,0,        4046184894,0.0,5000
1,     70268,20023,        4046200736,0.0,0.0
0,     70270,0,        4046383633,0.0,171
1,     70272,20024,        4046400736,0.0,0.0
1,     70274,20025,        4046600740,0.0,0.0
1,     70276,20026,        4046800740,0.0,0.0
0,     70278,0,        4046987892,0.0,1424
1,     70280,20027,        4047000740,0.0,0.0
1,     70282,20028,        4047200744,0.0,0.0
0,     70284,0,        4047234601,0.0,3190
1,     70286,20029,        4047400744,0.0,0.0
0,     70288,0,        4047536212,0.0,3938
1,     70290,20030,        4047600744,0.0,0.0
1,     70292,20031,        4047800744,0.0,0.0
1,     70294,20032,        4048000748,0.0,0.0
1,     70296,20033,        4048200748,0.0,0.0
0,     70298,0,        4048232867,0.0,4860
0,     70300,0,        4048295305,0.0,3103
1,     70302,20034,        4048400748,0.0,0.0
1,     70304,20035,        4048600752,0.0,0.0
0,     70306,0,        4048643955,0.0,4170
0,     70308,0,        4048674309,0.0,3621
1,     70310,20036,        4048800752,0.0,0.0
0,     70312,0,        4048946132,0.0,932
1,     70314,20037,        4049000752,0.0,0.0
1,     70316,20038,        4049200756,0.0,0.0
1,     70318,20039,        4049400756,0.0,0.0
0,     70320,0,        4049462909,0.0,5531
0,     70322,0,        4049556179,0.0,5322
1,     70324,20040,        4049600756,0.0,0.0
0,     70326,0,        4049681250,0.0,5181
1,     70328,20041,        4049800756,0.0,0.0
1,     70330,20042,        4050000760,0.0,0.0
0,     70332,0,        4050106660,0.0,327
1,     70334,20043,        4050200760,0.0,0.0
0,     70336,0,        4050336512,0.0,3043
0,     70338,0,        4050368346,0.0,2933
1,     70340,20044,        4050400760,0.0,0.0
0,     70342,0,        4050433763,0.0,2156
1,     70344,20045,        4050600764,0.0,0.0
1,     70346,20046,        4050800764,0.0,0.0
1,     70348,20047,        4051000764,0.0,0.0
0,     70350,0,        4051195971,0.0,2219
1,     70352,20048,        4051200768,0.0,0.0
0,     70354,0,        4051211152,0.0,2671
0,     70356,0,        4051227994,0.0,1817
1,     70358,20049,        4051400768,0.0,0.0
0,     70360,0,        4051465043,0.0,5003
0,     70362,0,        4051480722,0.0,1738
1,     70364,20050,        4051600768,0.0,0.0
1,     70366,20051,        4051800768,0.0,0.0
1,     70368,20052,        4052000772,0.0,0.0
1,     70370,20053,        4052200772,0.0,0.0
0,     70372,0,        4052303769,0.0,5369
0,     70374,0,        4052322604,0.0,4266
1,     70376,20054,        4052400772,0.0,0.0
1,     70378,20055,        4052600776,0.0,0.0
1,     70380,20056,        4052800776,0.0,0.0
1,     70382,20057,        4053000776,0.0,0.0
1,     70384,20058,        4053200776,0.0,0.0
0,     70386,0,        4053290571,0.0,3279
0,     70388,0,        4053329179,0.0,4981
1,     70390,20059,        4053400780,0.0,0.0
0,     70392,0,        4053508566,0.0,2625
0,     70394,0,        4053595875,0.0,5357
1,     70396,20060,        4053600780,0.0,0.0
0,     70398,0,        4053659365,0.0,862
1,     70400,20061,        4053800780,0.0,0.0
0,     70402,0,        4053807355,0.0,4046
1,     70404,20062,        4054000784,0.0,0.0
1,     70406,20063,        4054200784,0.0,0.0
1,     70408,20064,        4054400784,0.0,0.0
1,     70410,20065,        4054600788,0.0,0.0
0,     70412,0,        4054609996,0.0,6186
0,     70414,0,        4054632954,0.0,198
0,     70416,0,        4054729790,0.0,1318
0,     70418,0,        4054743091,0.0,2905
1,     70420,20066,        4054800788,0.0,0.0
0,     70422,0,        4054957896,0.0,4500
1,     70424,20067,        4055000788,0.0,0.0
1,     70426,20068,        4055200788,0.0,0.0
1,     70428,20069,        4055400792,0.0,0.0
0,     70430,0,        4055597235,0.0,5205
1,     70432,20070,        4055600792,0.0,0.0
0,     70434,0,        4055668099,0.0,563
1,     70436,20071,        4055800792,0.0,0.0
0,     70438,0,        4055850164,0.0,1664
0,     70440,0,        4055998612,0.0,471
1,     70442,20072,        4056000796,0.0,0.0
1,     70444,20073,        4056200796,0.0,0.0
0,     70446,0,        4056270695,0.0,3438
1,     70448,20074,        4056400796,0.0,0.0
0,     70450,0,        4056464545,0.0,5087
0,     70452,0,        4056477522,0.0,5366
1,     70454,20075,        4056600800,0.0,0.0
0,     70456,0,        4056609471,0.0,1236
0,     70458,0,        4056616356,0.0,2002
0,     70459,0,        4056616489,0.0,5458
1,     70461,20076,        4056800800,0.0,0.0
0,     70463,0,        4056939263,0.0,3432
1,     70465,20077,        4057000800,0.0,0.0
1,     70467,20078,        4057200800,0.0,0.0
1,     70469,20079,        4057400804,0.0,0.0
1,     70471,20080,        4057600804,0.0,0.0
1,     70473,20081,        4057800804,0.0,0.0
0,     70475,0,        4057936695,0.0,3321
1,     70477,20082,        4058000808,0.0,0.0
1,     70479,20083,        4058200808,0.0,0.0
0,     70481,0,        4058348724,0.0,4511
1,     70483,20084,        4058400808,0.0,0.0
0,     70485,0,        4058417451,0.0,1137
0,     70487,0,        4058483695,0.0,2251
1,     70489,20085,        4058600812,0.0,0.0
1,     70491,20086,        4058800812,0.0,0.0
0,     70493,0,        4058874206,0.0,3393
0,     70495,0,        4058885188,0.0,2319
1,     70497,20087,        4059000812,0.0,0.0
1,     70499,20088,        4059200812,0.0,0.0
0,     70501,0,        4059331213,0.0,5211
1,     70503,20089,        4059400816,0.0,0.0
0,     70505,0,        4059487466,0.0,2802
1,     70507,20090,        4059600816,0.0,0.0
0,     70509,0,        4059720164,0.0,3238
0,     70511,0,        4059762458,0.0,52
1,     70513,20091,        4059800816,0.0,0.0
0,     70515,0,        4059849634,0.0,2981
0,     70517,0,        4059944945,0.0,3291
1,     70519,20092,        4060000820,0.0,0.0
0,     70521,0,        4060073233,0.0,3353
0,     70523,0,        4060075377,0.0,6040
1,     70525,20093,        4060200820,0.0,0.0
0,     70527,0,        4060229656,0.0,5844
1,     70529,20094,        4060400820,0.0,0.0
0,     70531,0,        4060478063,0.0,890
0,     70533,0,        4060500026,0.0,2941
1,     70535,20095,        4060600820,0.0,0.0
0,     70537,0,        4060645123,0.0,220
1,     70539,20096,        4060800824,0.0,0.0
0,     70541,0,        4060829002,0.0,1194
0,     70543,0,        4060971493,0.0,5038
1,     70545,20097,        4061000824,0.0,0.0
1,     70547,20098,        4061200824,0.0,0.0
0,     70549,0,        4061280317,0.0,2624
1,     70551,20099,        4061400828,0.0,0.0
1,     70553,20100,        4061600828,0.0,0.0
1,     70555,20101,        4061800828,0.0,0.0
0,     70557,0,        4061969338,0.0,732
1,     70559,20102,        4062000832,0.0,0.0
0,     70561,0,        4062189514,0.0,187
1,     70563,20103,        4062200832,0.0,0.0
0,     70565,0,        4062220650,0.0,1763
0,     70566,0,        4062220753,0.0,5380
1,     70568,20104,        4062400832,0.0,0.0
0,     70570,0,        4062424721,0.0,420
0,     70572,0,        4062463495,0.0,3181
1,     70574,20105,        4062600832,0.0,0.0
1,     70576,20106,        4062800836,0.0,0.0
0,     70578,0,        4062936074,0.0,4775
1,     70580,20107,        4063000836,0.0,0.0
1,     70582,20108,        4063200836,0.0,0.0
0,     70584,0,        4063388953,0.0,3687
1,     70586,20109,        4063400840,0.0,0.0
0,     70588,0,        4063553014,0.0,4342
0,     70590,0,        4063563890,0.0,264
1,     70592,20110,        4063600840,0.0,0.0
0,     70594,0,        4063625582,0.0,4388
0,     70596,0,        4063750930,0.0,4429
1,     70598,20111,        4063800840,0.0,0.0
0,     70600,0,        4063866748,0.0,5252
0,     70602,0,        4063866942,0.0,2080
0,     70603,0,        4063866945,0.0,1608
1,     70605,20112,        4064000844,0.0,0.0
1,     70607,20113,        4064200844,0.0,0.0
1,     70609,20114,        4064400844,0.0,0.0
0,     70611,0,        4064490673,0.0,2537
0,     70613,0,        4064562034,0.0,1459
1,     70615,20115,        4064600844,0.0,0.0
1,     70617,20116,        4064800848,0.0,0.0
0,     70619,0,        4064987494,0.0,3758
1,     70621,20117,        4065000848,0.0,0.0
1,     70623,20118,        4065200848,0.0,0.0
1,     70625,20119,        4065400852,0.0,0.0
1,     70627,20120,        4065600852,0.0,0.0
1,     70629,20121,        4065800852,0.0,0.0
0,     70631,0,        4065911761,0.0,1804
1,     70633,20122,        4066000856,0.0,0.0
0,     70635,0,        4066087528,0.0,3132
1,     70637,20123,        4066200856,0.0,0.0
0,     70639,0,        4066224963,0.0,5538
0,     70641,0,        4066251032,0.0,4981
1,     70643,20124,        4066400856,0.0,0.0
1,     70645,20125,        4066600856,0.0,0.0
0,     70647,0,        4066728034,0.0,4977
1,     70649,20126,        4066800860,0.0,0.0
1,     70651,20127,        4067000860,0.0,0.0
0,     70653,0,        4067149879,0.0,1193
1,     70655,20128,        4067200860,0.0,0.0
1,     70657,20129,        4067400864,0.0,0.0
1,     70659,20130,        4067600864,0.0,0.0
0,     70661,0,        4067741270,0.0,3880
0,     70663,0,        4067774155,0.0,2402
1,     70665,20131,        4067800864,0.0,0.0
1,     70667,20132,        4068000868,0.0,0.0
1,     70669,20133,        4068200868,0.0,0.0
1,     70671,20134,        4068400868,0.0,0.0
0,     70673,0,        4068542184,0.0,6113
1,     70675,20135,        4068600868,0.0,0.0
1,     70677,20136,        4068800872,0.0,0.0
1,     70679,20137,        4069000872,0.0,0.0
1,     70681,20138,        4069200872,0.0,0.0
0,     70683,0,        4069365679,0.0,5650
1,     70685,20139,        4069400876,0.0,0.0
1,     70687,20140,        4069600876,0.0,0.0
0,     70689,0,        4069614539,0.0,5004
1,     70691,20141,        4069800876,0.0,0.0
0,     70693,0,        4069972536,0.0,992
1,     70695,20142,        4070000876,0.0,0.0
0,     70697,0,        4070031690,0.0,197
1,     70699,20143,        4070200880,0.0,0.0
0,     70701,0,        4070211135,0.0,3719
0,     70703,0,        4070327685,0.0,5908
1,     70705,20144,        4070400880,0.0,0.0
0,     70707,0,        4070480828,0.0,2264
0,     70708,0,        4070480843,0.0,270
0,     70710,0,        4070534354,0.0,3695
0,     70711,0,        4070534945,0.0,2474
1,     70713,20145,        4070600880,0.0,0.0
0,     70715,0,        4070631400,0.0,5542
0,     70717,0,        4070669000,0.0,5922
1,     70719,20146,        4070800884,0.0,0.0
0,     70721,0,        4070887413,0.0,2056
1,     70723,20147,        4071000884,0.0,0.0
0,     70725,0,        4071011683,0.0,3059
0,     70727,0,        4071173258,0.0,2140
1,     70729,20148,        4071200884,0.0,0.0
0,     70731,0,        4071375582,0.0,1121
1,     70733,20149,        4071400888,0.0,0.0
1,     70735,20150,        4071600888,0.0,0.0
0,     70737,0,        4071740637,0.0,3366
1,     70739,20151,        4071800888,0.0,0.0
1,     70741,20152,        4072000888,0.0,0.0
0,     70743,0,        4072177002,0.0,3939
1,     70745,20153,        4072200892,0.0,0.0
0,     70747,0,        4072241091,0.0,5812
0,     70749,0,        4072294821,0.0,1338
0,     70751,0,        4072355742,0.0,4323
1,     70753,20154,        4072400892,0.0,0.0
0,     70755,0,        4072566195,0.0,4094
1,     70757,20155,        4072600892,0.0,0.0
0,     70759,0,        4072624952,0.0,784
1,     70761,20156,        4072800896,0.0,0.0
1,     70763,20157,        4073000896,0.0,0.0
0,     70765,0,        4073138473,0.0,1794
1,     70767,20158,        4073200896,0.0,0.0
0,     70769,0,        4073222510,0.0,5231
0,     70771,0,        4073354824,0.0,3644
1,     70773,20159,        4073400900,0.0,0.0
0,     70774,0,        4073400932,0.0,720
0,     70776,0,        4073518464,0.0,4414
0,     70777,0,        4073518471,0.0,3251
1,     70779,20160,        4073600900,0.0,0.0
1,     70781,20161,        4073800900,0.0,0.0
0,     70783,0,        4073981526,0.0,602
0,     70784,0,        4073981710,0.0,3891
1,     70786,20162,        4074000900,0.0,0.0
1,     70788,20163,        4074200904,0.0,0.0
1,     70790,20164,        4074400904,0.0,0.0
1,     70792,20165,        4074600904,0.0,0.0
0,     70794,0,        4074652408,0.0,1328
1,     70796,20166,        4074800908,0.0,0.0
0,     70798,0,        4074950865,0.0,5805
1,     70800,20167,        4075000908,0.0,0.0
0,     70802,0,        4075135927,0.0,3033
1,     70804,20168,        4075200908,0.0,0.0
1,     70806,20169,        4075400912,0.0,0.0
1,     70808,20170,        4075600912,0.0,0.0
0,     70810,0,        4075668187,0.0,2689
0,     70811,0,        4075668322,0.0,2137
1,     70813,20171,        4075800912,0.0,0.0
1,     70815,20172,        4076000912,0.0,0.0
0,     70817,0,        4076113930,0.0,2054
0,     70819,0,        4076141076,0.0,6190
0,     70821,0,        4076177385,0.0,3741
1,     70823,20173,        4076200916,0.0,0.0
0,     70825,0,        4076204915,0.0,1440
1,     70827,20174,        4076400916,0.0,0.0
1,     70829,20175,        4076600916,0.0,0.0
1,     70831,20176,        4076800920,0.0,0.0
0,     70833,0,        4076847693,0.0,2400
1,     70835,20177,        4077000920,0.0,0.0
1,     70837,20178,        4077200920,0.0,0.0
1,     70839,20179,        4077400924,0.0,0.0
1,     70841,20180,        4077600924,0.0,0.0
1,     70843,20181,        4077800924,0.0,0.0
1,     70845,20182,        4078000924,0.0,0.0
0,     70847,0,        4078097806,0.0,2132
0,     70849,0,        4078130079,0.0,658
1,     70851,20183,        4078200928,0.0,0.0
0,     70853,0,        4078358717,0.0,3821
1,     70855,20184,        4078400928,0.0,0.0
1,     70857,20185,        4078600928,0.0,0.0
0,     70859,0,        4078604228,0.0,1807
0,     70861,0,        4078648379,0.0,1006
0,     70863,0,        4078651031,0.0,6237
1,     70865,20186,        4078800932,0.0,0.0
1,     70867,20187,        4079000932,0.0,0.0
0,     70869,0,        4079032456,0.0,1296
1,     70871,20188,        4079200932,0.0,0.0
0,     70873,0,        4079319114,0.0,2891
1,     70875,20189,        4079400932,0.0,0.0
1,     70877,20190,        4079600936,0.0,0.0
0,     70879,0,        4079618670,0.0,2542
1,     70881,20191,        4079800936,0.0,0.0
1,     70883,20192,        4080000936,0.0,0.0
1,     70885,20193,        4080200940,0.0,0.0
0,     70887,0,        4080243318,0.0,5088
0,     70889,0,        4080344575,0.0,5202
0,     70891,0,        4080380152,0.0,4025
1,     70893,20194,        4080400940,0.0,0.0
0,     70895,0,        4080417487,0.0,1194
0,     70897,0,        4080555538,0.0,3867
0,     70899,0,        4080598436,0.0,2695
1,     70901,20195,        4080600940,0.0,0.0
0,     70903,0,        4080652334,0.0,3739
0,     70905,0,        4080672404,0.0,2272
1,     70907,20196,        4080800944,0.0,0.0
0,     70909,0,        4080996228,0.0,4611
1,     70911,20197,        4081000944,0.0,0.0
0,     70913,0,        4081010192,0.0,4765
1,     70915,20198,        4081200944,0.0,0.0
0,     70917,0,        4081265937,0.0,5721
1,     70919,20199,        4081400944,0.0,0.0
1,     70921,20200,        4081600948,0.0,0.0
1,     70923,20201,        4081800948,0.0,0.0
1,     70925,20202,        4082000948,0.0,0.0
1,     70927,20203,        4082200952,0.0,0.0
1,     70929,20204,        4082400952,0.0,0.0
0,     70931,0,        4082416683,0.0,1945
0,     70933,0,        4082553551,0.0,5095
1,     70935,20205,        4082600952,0.0,0.0
1,     70937,20206,        4082800956,0.0,0.0
1,     70939,20207,        4083000956,0.0,0.0
0,     70941,0,        4083046376,0.0,3876
1,     70943,20208,        4083200956,0.0,0.0
0,     70945,0,        4083211798,0.0,2672
1,     70947,20209,        4083400956,0.0,0.0
0,     70949,0,        4083591515,0.0,2005
1,     70951,20210,        4083600960,0.0,0.0
0,     70953,0,        4083624224,0.0,5186
0,     70955,0,        4083688150,0.0,1169
1,     70957,20211,        4083800960,0.0,0.0
0,     70959,0,        4083873997,0.0,3522
1,     70961,20212,        4084000960,0.0,0.0
0,     70963,0,        4084115889,0.0,3617
1,     70965,20213,        4084200964,0.0,0.0
0,     70967,0,        4084319312,0.0,1631
1,     70969,20214,        4084400964,0.0,0.0
1,     70971,20215,        4084600964,0.0,0.0
0,     70973,0,        4084686966,0.0,3478
1,     70975,20216,        4084800968,0.0,0.0
0,     70977,0,        4084809507,0.0,1104
0,     70979,0,        4084833996,0.0,5282
1,     70981,20217,        4085000968,0.0,0.0
0,     70983,0,        4085122678,0.0,3521
0,     70985,0,        4085133281,0.0,2639
1,     70987,20218,        4085200968,0.0,0.0
1,     70989,20219,        4085400968,0.0,0.0
1,     70991,20220,        4085600972,0.0,0.0
1,     70993,20221,        4085800972,0.0,0.0
0,     70995,0,        4085887078,0.0,2741
0,     70997,0,        4085995665,0.0,5161
1,     70999,20222,        4086000972,0.0,0.0
0,     71001,0,        4086016790,0.0,192
1,     71003,20223,        4086200976,0.0,0.0
1,     71005,20224,        4086400976,0.0,0.0
0,     71007,0,        4086528999,0.0,4660
1,     71009,20225,        4086600976,0.0,0.0
1,     71011,20226,        4086800980,0.0,0.0
0,     71013,0,        4086939450,0.0,1713
1,     71015,20227,        4087000980,0.0,0.0
0,     71017,0,        4087136693,0.0,1522
1,     71019,20228,        4087200980,0.0,0.0
0,     71021,0,        4087205665,0.0,3581
1,     71023,20229,        4087400980,0.0,0.0
0,     71025,0,        4087421462,0.0,3621
1,     71027,20230,        4087600984,0.0,0.0
1,     71029,20231,        4087800984,0.0,0.0
1,     71031,20232,        4088000984,0.0,0.0
1,     71033,20233,        4088200988,0.0,0.0
1,     71035,20234,        4088400988,0.0,0.0
0,     71037,0,        4088419316,0.0,4587
0,     71039,0,        4088482072,0.0,1804
0,     71041,0,        4088587181,0.0,3746
1,     71043,20235,        4088600988,0.0,0.0
0,     71045,0,        4088658271,0.0,6078
1,     71047,20236,        4088800988,0.0,0.0
0,     71049,0,        4088946733,0.0,1093
1,     71051,20237,        4089000992,0.0,0.0
0,     71053,0,        4089118522,0.0,5140
0,     71055,0,        4089143108,0.0,717
1,     71057,20238,        4089200992,0.0,0.0
0,     71059,0,        4089391497,0.0,3344
1,     71061,20239,        4089400992,0.0,0.0
0,     71063,0,        4089428280,0.0,454
0,     71065,0,        4089548630,0.0,2480
0,     71067,0,        4089549423,0.0,5195
1,     71069,20240,        4089600996,0.0,0.0
1,     71071,20241,        4089800996,0.0,0.0
0,     71073,0,        4089848975,0.0,3047
0,     71075,0,        4089903571,0.0,3368
0,     71077,0,        4089975489,0.0,777
1,     71079,20242,        4090000996,0.0,0.0
0,     71081,0,        4090050327,0.0,29
1,     71083,20243,        4090201000,0.0,0.0
0,     71085,0,        4090368072,0.0,2989
0,     71086,0,        4090368442,0.0,3587
1,     71088,20244,        4090401000,0.0,0.0
1,     71090,20245,        4090601000,0.0,0.0
1,     71092,20246,        4090801000,0.0,0.0
0,     71094,0,        4090869162,0.0,5457
0,     71096,0,        4090893014,0.0,5854
1,     71098,20247,        4091001004,0.0,0.0
1,     71100,20248,        4091201004,0.0,0.0
1,     71102,20249,        4091401004,0.0,0.0
1,     71104,20250,        4091601008,0.0,0.0
1,     71106,20251,        4091801008,0.0,0.0
0,     71108,0,        4091965986,0.0,4126
1,     71110,20252,        4092001008,0.0,0.0
1,     71112,20253,        4092201012,0.0,0.0
1,     71114,20254,        4092401012,0.0,0.0
0,     71116,0,        4092435103,0.0,103
1,     71118,20255,        4092601012,0.0,0.0
1,     71120,20256,        4092801012,0.0,0.0
0,     71122,0,        4092924194,0.0,3929
1,     71124,20257,        4093001016,0.0,0.0
1,     71126,20258,        4093201016,0.0,0.0
0,     71128,0,        4093222330,0.0,3290
1,     71130,20259,        4093401016,0.0,0.0
1,     71132,20260,        4093601020,0.0,0.0
0,     71134,0,        4093801019,0.0,2477
1,     71135,20261,        4093801020,0.0,0.0
0,     71137,0,        4093900747,0.0,515
1,     71139,20262,        4094001020,0.0,0.0
0,     71141,0,        4094142996,0.0,4570
1,     71143,20263,        4094201020,0.0,0.0
0,     71145,0,        4094233590,0.0,380
1,     71147,20264,        4094401024,0.0,0.0
1,     71149,20265,        4094601024,0.0,0.0
1,     71151,20266,        4094801024,0.0,0.0
1,     71153,20267,        4095001028,0.0,0.0
1,     71155,20268,        4095201028,0.0,0.0
0,     71157,0,        4095356521,0.0,2137
0,     71159,0,        4095359931,0.0,5277
1,     71161,20269,        4095401028,0.0,0.0
1,     71163,20270,        4095601032,0.0,0.0
0,     71165,0,        4095736984,0.0,4195
1,     71167,20271,        4095801032,0.0,0.0
0,     71169,0,        4095816323,0.0,1277
0,     71171,0,        4095851561,0.0,2798
0,     71173,0,        4095878244,0.0,3777
1,     71175,20272,        4096001032,0.0,0.0
0,     71177,0,        4096108055,0.0,2436
0,     71179,0,        4096108581,0.0,479
0,     71181,0,        4096169856,0.0,4744
1,     71183,20273,        4096201032,0.0,0.0
0,     71185,0,        4096310601,0.0,617
1,     71187,20274,        4096401036,0.0,0.0
0,     71189,0,        4096482989,0.0,1276
0,     71191,0,        4096547075,0.0,1806
1,     71193,20275,        4096601036,0.0,0.0
0,     71195,0,        4096601432,0.0,5707
1,     71197,20276,        4096801036,0.0,0.0
1,     71199,20277,        4097001040,0.0,0.0
0,     71201,0,        4097144238,0.0,3657
1,     71203,20278,        4097201040,0.0,0.0
0,     71205,0,        4097346130,0.0,4860
1,     71207,20279,        4097401040,0.0,0.0
0,     71209,0,        4097512270,0.0,2440
1,     71211,20280,        4097601044,0.0,0.0
0,     71213,0,        4097610688,0.0,4080
1,     71215,20281,        4097801044,0.0,0.0
0,     71217,0,        4097914964,0.0,410
0,     71219,0,        4097969983,0.0,1502
1,     71221,20282,        4098001044,0.0,0.0
0,     71223,0,        4098161468,0.0,4066
1,     71225,20283,        4098201044,0.0,0.0
1,     71227,20284,        4098401048,0.0,0.0
0,     71229,0,        4098447501,0.0,6084
1,     71231,20285,        4098601048,0.0,0.0
1,     71233,20286,        4098801048,0.0,0.0
0,     71235,0,        4098956009,0.0,3540
1,     71237,20287,        4099001052,0.0,0.0
0,     71239,0,        4099020773,0.0,6083
0,     71241,0,        4099126768,0.0,2742
1,     71243,20288,        4099201052,0.0,0.0
1,     71245,20289,        4099401052,0.0,0.0
1,     71247,20290,        4099601056,0.0,0.0
1,     71249,20291,        4099801056,0.0,0.0
1,     71251,20292,        4100001056,0.0,0.0
1,     71253,20293,        4100201056,0.0,0.0
1,     71255,20294,        4100401060,0.0,0.0
0,     71257,0,        4100489701,0.0,3684
1,     71259,20295,        4100601060,0.0,0.0
0,     71261,0,        4100709140,0.0,3995
0,     71263,0,        4100784748,0.0,2311
1,     71265,20296,        4100801060,0.0,0.0
1,     71267,20297,        4101001064,0.0,0.0
1,     71269,20298,        4101201064,0.0,0.0
1,     71271,20299,        4101401064,0.0,0.0
1,     71273,20300,        4101601068,0.0,0.0
1,     71275,20301,        4101801068,0.0,0.0
1,     71277,20302,        4102001068,0.0,0.0
1,     71279,20303,        4102201068,0.0,0.0
1,     71281,20304,        4102401072,0.0,0.0
1,     71283,20305,        4102601072,0.0,0.0
1,     71285,20306,        4102801072,0.0,0.0
1,     71287,20307,        4103001076,0.0,0.0
0,     71289,0,        4103063904,0.0,3796
0,     71291,0,        4103185841,0.0,1115
1,     71293,20308,        4103201076,0.0,0.0
1,     71295,20309,        4103401076,0.0,0.0
1,     71297,20310,        4103601076,0.0,0.0
1,     71299,20311,        4103801080,0.0,0.0
0,     71301,0,        4103997906,0.0,6025
1,     71303,20312,        4104001080,0.0,0.0
1,     71305,20313,        4104201080,0.0,0.0
0,     71307,0,        4104301330,0.0,2836
0,     71309,0,        4104338240,0.0,733
1,     71311,20314,        4104401084,0.0,0.0
1,     71313,20315,        4104601084,0.0,0.0
0,     71315,0,        4104705625,0.0,2339
1,     71317,20316,        4104801084,0.0,0.0
1,     71319,20317,        4105001088,0.0,0.0
0,     71321,0,        4105007413,0.0,4155
1,     71323,20318,        4105201088,0.0,0.0
1,     71325,20319,        4105401088,0.0,0.0
0,     71327,0,        4105509073,0.0,1897
1,     71329,20320,        4105601088,0.0,0.0
0,     71331,0,        4105611012,0.0,1998
0,     71333,0,        4105797615,0.0,5872
1,     71335,20321,        4105801092,0.0,0.0
0,     71337,0,        4105877274,0.0,5771
1,     71339,20322,        4106001092,0.0,0.0
1,     71341,20323,        4106201092,0.0,0.0
1,     71343,20324,        4106401096,0.0,0.0
1,     71345,20325,        4106601096,0.0,0.0
1,     71347,20326,        4106801096,0.0,0.0
0,     71349,0,        4106859569,0.0,3389
0,     71351,0,        4106986708,0.0,4043
1,     71353,20327,        4107001100,0.0,0.0
0,     71355,0,        4107028973,0.0,4254
1,     71357,20328,        4107201100,0.0,0.0
1,     71359,20329,        4107401100,0.0,0.0
0,     71361,0,        4107515013,0.0,793
0,     71363,0,        4107575772,0.0,2320
1,     71365,20330,        4107601100,0.0,0.0
0,     71367,0,        4107715997,0.0,1457
1,     71369,20331,        4107801104,0.0,0.0
1,     71371,20332,        4108001104,0.0,0.0
0,     71373,0,        4108077989,0.0,3492
1,     71375,20333,        4108201104,0.0,0.0
0,     71377,0,        4108207478,0.0,5880
1,     71379,20334,        4108401108,0.0,0.0
0,     71381,0,        4108517263,0.0,6001
1,     71383,20335,        4108601108,0.0,0.0
1,     71385,20336,        4108801108,0.0,0.0
0,     71387,0,        4108938745,0.0,5564
0,     71388,0,        4108939092,0.0,1797
1,     71390,20337,        4109001112,0.0,0.0
1,     71392,20338,        4109201112,0.0,0.0
0,     71394,0,        4109313009,0.0,2162
1,     71396,20339,        4109401112,0.0,0.0
0,     71398,0,        4109468543,0.0,760
1,     71400,20340,        4109601112,0.0,0.0
1,     71402,20341,        4109801116,0.0,0.0
0,     71404,0,        4109899569,0.0,3908
1,     71406,20342,        4110001116,0.0,0.0
0,     71408,0,        4110164083,0.0,3169
1,     71410,20343,        4110201116,0.0,0.0
0,     71412,0,        4110253173,0.0,1082
0,     71414,0,        4110262524,0.0,2607
1,     71416,20344,        4110401120,0.0,0.0
1,     71418,20345,        4110601120,0.0,0.0
1,     71420,20346,        4110801120,0.0,0.0
0,     71422,0,        4110961391,0.0,3290
1,     71424,20347,        4111001124,0.0,0.0
1,     71426,20348,        4111201124,0.0,0.0
0,     71428,0,        4111375716,0.0,410
1,     71430,20349,        4111401124,0.0,0.0
0,     71432,0,        4111468557,0.0,3786
0,     71434,0,        4111509568,0.0,1509
0,     71435,0,        4111509631,0.0,1209
1,     71437,20350,        4111601124,0.0,0.0
1,     71439,20351,        4111801128,0.0,0.0
1,     71441,20352,        4112001128,0.0,0.0
1,     71443,20353,        4112201128,0.0,0.0
0,     71445,0,        4112376463,0.0,3293
0,     71447,0,        4112383073,0.0,5836
1,     71449,20354,        4112401132,0.0,0.0
1,     71451,20355,        4112601132,0.0,0.0
1,     71453,20356,        4112801132,0.0,0.0
0,     71455,0,        4112960827,0.0,6130
1,     71457,20357,        4113001132,0.0,0.0
1,     71459,20358,        4113201136,0.0,0.0
1,     71461,20359,        4113401136,0.0,0.0
1,     71463,20360,        4113601136,0.0,0.0
1,     71465,20361,        4113801140,0.0,0.0
0,     71467,0,        4113968560,0.0,5950
1,     71469,20362,        4114001140,0.0,0.0
0,     71471,0,        4114191580,0.0,4643
1,     71473,20363,        4114201140,0.0,0.0
0,     71475,0,        4114225553,0.0,6196
0,     71477,0,        4114297148,0.0,5012
1,     71479,20364,        4114401144,0.0,0.0
1,     71481,20365,        4114601144,0.0,0.0
1,     71483,20366,        4114801144,0.0,0.0
1,     71485,20367,        4115001144,0.0,0.0
0,     71487,0,        4115140492,0.0,1920
1,     71489,20368,        4115201148,0.0,0.0
0,     71491,0,        4115331260,0.0,3692
1,     71493,20369,        4115401148,0.0,0.0
1,     71495,20370,        4115601148,0.0,0.0
0,     71497,0,        4115656065,0.0,34
0,     71499,0,        4115743080,0.0,3733
1,     71501,20371,        4115801152,0.0,0.0
1,     71503,20372,        4116001152,0.0,0.0
0,     71505,0,        4116173107,0.0,4882
1,     71507,20373,        4116201152,0.0,0.0
1,     71509,20374,        4116401156,0.0,0.0
0,     71511,0,        4116465103,0.0,447
0,     71513,0,        4116539871,0.0,1086
1,     71515,20375,        4116601156,0.0,0.0
0,     71517,0,        4116611969,0.0,3920
1,     71519,20376,        4116801156,0.0,0.0
1,     71521,20377,        4117001156,0.0,0.0
1,     71523,20378,        4117201160,0.0,0.0
1,     71525,20379,        4117401160,0.0,0.0
0,     71527,0,        4117410548,0.0,50
1,     71529,20380,        4117601160,0.0,0.0
0,     71531,0,        4117639626,0.0,3711
0,     71533,0,        4117715892,0.0,5265
1,     71535,20381,        4117801164,0.0,0.0
0,     71537,0,        4117855616,0.0,1463
1,     71539,20382,        4118001164,0.0,0.0
0,     71541,0,        4118072877,0.0,4837
1,     71543,20383,        4118201164,0.0,0.0
1,     71545,20384,        4118401168,0.0,0.0
1,     71547,20385,        4118601168,0.0,0.0
1,     71549,20386,        4118801168,0.0,0.0
1,     71551,20387,        4119001168,0.0,0.0
0,     71553,0,        4119017177,0.0,2562
1,     71555,20388,        4119201172,0.0,0.0
0,     71557,0,        4119223929,0.0,806
1,     71559,20389,        4119401172,0.0,0.0
1,     71561,20390,        4119601172,0.0,0.0
0,     71563,0,        4119724616,0.0,86
1,     71565,20391,        4119801176,0.0,0.0
0,     71567,0,        4119954338,0.0,725
1,     71569,20392,        4120001176,0.0,0.0
1,     71571,20393,        4120201176,0.0,0.0
0,     71573,0,        4120268634,0.0,746
1,     71575,20394,        4120401180,0.0,0.0
0,     71577,0,        4120559241,0.0,5613
0,     71579,0,        4120567428,0.0,4569
1,     71581,20395,        4120601180,0.0,0.0
1,     71583,20396,        4120801180,0.0,0.0
1,     71585,20397,        4121001180,0.0,0.0
1,     71587,20398,        4121201184,0.0,0.0
1,     71589,20399,        4121401184,0.0,0.0
1,     71591,20400,        4121601184,0.0,0.0
0,     71593,0,        4121654625,0.0,1707
1,     71595,20401,        4121801188,0.0,0.0
1,     71597,20402,        4122001188,0.0,0.0
0,     71599,0,        4122102648,0.0,3163
1,     71601,20403,        4122201188,0.0,0.0
0,     71603,0,        4122373129,0.0,3882
1,     71605,20404,        4122401188,0.0,0.0
1,     71607,20405,        4122601192,0.0,0.0
1,     71609,20406,        4122801192,0.0,0.0
1,     71611,20407,        4123001192,0.0,0.0
1,     71613,20408,        4123201196,0.0,0.0
1,     71615,20409,        4123401196,0.0,0.0
1,     71617,20410,        4123601196,0.0,0.0
1,     71619,20411,        4123801200,0.0,0.0
0,     71621,0,        4123806583,0.0,5031
0,     71623,0,        4123824503,0.0,3526
1,     71625,20412,        4124001200,0.0,0.0
0,     71627,0,        4124006632,0.0,4793
1,     71629,20413,        4124201200,0.0,0.0
1,     71631,20414,        4124401200,0.0,0.0
1,     71633,20415,        4124601204,0.0,0.0
0,     71635,0,        4124786255,0.0,4075
1,     71637,20416,        4124801204,0.0,0.0
1,     71639,20417,        4125001204,0.0,0.0
1,     71641,20418,        4125201208,0.0,0.0
1,     71643,20419,        4125401208,0.0,0.0
0,     71645,0,        4125588192,0.0,2450
1,     71647,20420,        4125601208,0.0,0.0
0,     71649,0,        4125651731,0.0,1752
1,     71651,20421,        4125801212,0.0,0.0
0,     71653,0,        4125998204,0.0,511
1,     71655,20422,        4126001212,0.0,0.0
0,     71657,0,        4126050408,0.0,992
0,     71659,0,        4126100660,0.0,2530
1,     71661,20423,        4126201212,0.0,0.0
0,     71663,0,        4126214398,0.0,664
0,     71665,0,        4126390971,0.0,2939
0,     71666,0,        4126390992,0.0,2937
1,     71668,20424,        4126401212,0.0,0.0
1,     71670,20425,        4126601216,0.0,0.0
1,     71672,20426,        4126801216,0.0,0.0
1,     71674,20427,        4127001216,0.0,0.0
0,     71676,0,        4127135954,0.0,3415
1,     71678,20428,        4127201220,0.0,0.0
1,     71680,20429,        4127401220,0.0,0.0
0,     71682,0,        4127567434,0.0,3305
1,     71684,20430,        4127601220,0.0,0.0
1,     71686,20431,        4127801224,0.0,0.0
0,     71688,0,        4127874995,0.0,3458
1,     71690,20432,        4128001224,0.0,0.0
0,     71692,0,        4128094812,0.0,1474
0,     71694,0,        4128109860,0.0,4390
1,     71696,20433,        4128201224,0.0,0.0
1,     71698,20434,        4128401224,0.0,0.0
1,     71700,20435,        4128601228,0.0,0.0
1,     71702,20436,        4128801228,0.0,0.0
0,     71704,0,        4128826556,0.0,3643
0,     71706,0,        4128940670,0.0,5767
1,     71708,20437,        4129001228,0.0,0.0
1,     71710,20438,        4129201232,0.0,0.0
0,     71712,0,        4129255699,0.0,5551
1,     71714,20439,        4129401232,0.0,0.0
0,     71716,0,        4129514170,0.0,2113
1,     71718,20440,        4129601232,0.0,0.0
0,     71720,0,        4129687488,0.0,2207
1,     71722,20441,        4129801236,0.0,0.0
0,     71724,0,        4129834900,0.0,4377
0,     71726,0,        4129862488,0.0,5485
1,     71728,20442,        4130001236,0.0,0.0
1,     71730,20443,        4130201236,0.0,0.0
1,     71732,20444,        4130401236,0.0,0.0
1,     71734,20445,        4130601240,0.0,0.0
0,     71736,0,        4130606770,0.0,1281
0,     71738,0,        4130640900,0.0,4377
0,     71740,0,        4130717432,0.0,3854
1,     71742,20446,        4130801240,0.0,0.0
1,     71744,20447,        4131001240,0.0,0.0
1,     71746,20448,        4131201244,0.0,0.0
0,     71748,0,        4131232954,0.0,4129
1,     71750,20449,        4131401244,0.0,0.0
1,     71752,20450,        4131601244,0.0,0.0
1,     71754,20451,        4131801244,0.0,0.0
1,     71756,20452,        4132001248,0.0,0.0
0,     71758,0,        4132044525,0.0,2589
0,     71760,0,        4132166671,0.0,125
1,     71762,20453,        4132201248,0.0,0.0
0,     71764,0,        4132267137,0.0,5648
1,     71766,20454,        4132401248,0.0,0.0
0,     71768,0,        4132593181,0.0,4715
1,     71770,20455,        4132601252,0.0,0.0
0,     71772,0,        4132623264,0.0,4131
1,     71774,20456,        4132801252,0.0,0.0
1,     71776,20457,        4133001252,0.0,0.0
0,     71778,0,        4133039916,0.0,5323
0,     71780,0,        4133062276,0.0,4159
0,     71782,0,        4133158996,0.0,4709
1,     71784,20458,        4133201256,0.0,0.0
1,     71786,20459,        4133401256,0.0,0.0
1,     71788,20460,        4133601256,0.0,0.0
0,     71790,0,        4133704515,0.0,3406
0,     71792,0,        4133743246,0.0,6035
0,     71794,0,        4133743713,0.0,6109
1,     71796,20461,        4133801256,0.0,0.0
0,     71798,0,        4133981272,0.0,6080
1,     71800,20462,        4134001260,0.0,0.0
0,     71802,0,        4134181871,0.0,4803
1,     71804,20463,        4134201260,0.0,0.0
1,     71806,20464,        4134401260,0.0,0.0
1,     71808,20465,        4134601264,0.0,0.0
1,     71810,20466,        4134801264,0.0,0.0
1,     71812,20467,        4135001264,0.0,0.0
0,     71814,0,        4135020279,0.0,2482
1,     71816,20468,        4135201268,0.0,0.0
1,     71818,20469,        4135401268,0.0,0.0
0,     71820,0,        4135492391,0.0,3350
1,     71822,20470,        4135601268,0.0,0.0
0,     71824,0,        4135657873,0.0,5127
1,     71826,20471,        4135801268,0.0,0.0
0,     71828,0,        4135931115,0.0,3745
1,     71830,20472,        4136001272,0.0,0.0
1,     71832,20473,        4136201272,0.0,0.0
0,     71834,0,        4136355727,0.0,1732
0,     71836,0,        4136379965,0.0,782
1,     71838,20474,        4136401272,0.0,0.0
1,     71840,20475,        4136601276,0.0,0.0
1,     71842,20476,        4136801276,0.0,0.0
0,     71844,0,        4136937630,0.0,2381
1,     71846,20477,        4137001276,0.0,0.0
1,     71848,20478,        4137201276,0.0,0.0
0,     71850,0,        4137211729,0.0,3254
0,     71852,0,        4137317899,0.0,3741
1,     71854,20479,        4137401280,0.0,0.0
1,     71856,20480,        4137601280,0.0,0.0
1,     71858,20481,        4137801280,0.0,0.0
0,     71860,0,        4137825126,0.0,4028
0,     71862,0,        4137825345,0.0,4141
1,     71864,20482,        4138001284,0.0,0.0
0,     71866,0,        4138110161,0.0,3562
0,     71868,0,        4138171351,0.0,4292
1,     71870,20483,        4138201284,0.0,0.0
1,     71872,20484,        4138401284,0.0,0.0
0,     71874,0,        4138522418,0.0,5136
1,     71876,20485,        4138601288,0.0,0.0
1,     71878,20486,        4138801288,0.0,0.0
0,     71880,0,        4138884522,0.0,5940
1,     71882,20487,        4139001288,0.0,0.0
0,     71884,0,        4139168545,0.0,5293
1,     71886,20488,        4139201292,0.0,0.0
1,     71888,20489,        4139401292,0.0,0.0
1,     71890,20490,        4139601292,0.0,0.0
1,     71892,20491,        4139801292,0.0,0.0
0,     71894,0,        4139809270,0.0,4963
1,     71896,20492,        4140001296,0.0,0.0
0,     71898,0,        4140184203,0.0,4149
0,     71899,0,        4140184453,0.0,4611
1,     71901,20493,        4140201296,0.0,0.0
0,     71903,0,        4140333634,0.0,448
1,     71905,20494,        4140401296,0.0,0.0
1,     71907,20495,        4140601300,0.0,0.0
1,     71909,20496,        4140801300,0.0,0.0
1,     71911,20497,        4141001300,0.0,0.0
0,     71913,0,        4141179129,0.0,79
0,     71914,0,        4141179135,0.0,5623
1,     71916,20498,        4141201300,0.0,0.0
1,     71918,20499,        4141401304,0.0,0.0
0,     71920,0,        4141491767,0.0,204
1,     71922,20500,        4141601304,0.0,0.0
0,     71924,0,        4141610030,0.0,4348
0,     71926,0,        4141701964,0.0,4518
1,     71928,20501,        4141801304,0.0,0.0
1,     71930,20502,        4142001308,0.0,0.0
0,     71932,0,        4142030546,0.0,3103
1,     71934,20503,        4142201308,0.0,0.0
1,     71936,20504,        4142401308,0.0,0.0
1,     71938,20505,        4142601312,0.0,0.0
1,     71940,20506,        4142801312,0.0,0.0
0,     71942,0,        4142851597,0.0,1770
1,     71944,20507,        4143001312,0.0,0.0
0,     71946,0,        4143104451,0.0,3633
1,     71948,20508,        4143201312,0.0,0.0
1,     71950,20509,        4143401316,0.0,0.0
0,     71952,0,        4143443232,0.0,1742
1,     71954,20510,        4143601316,0.0,0.0
1,     71956,20511,        4143801316,0.0,0.0
0,     71958,0,        4143958576,0.0,650
1,     71960,20512,        4144001320,0.0,0.0
1,     71962,20513,        4144201320,0.0,0.0
0,     71964,0,        4144272169,0.0,3758
0,     71966,0,        4144302430,0.0,4795
0,     71968,0,        4144321490,0.0,4459
1,     71970,20514,        4144401320,0.0,0.0
1,     71972,20515,        4144601324,0.0,0.0
0,     71974,0,        4144692210,0.0,1505
0,     71976,0,        4144709756,0.0,1501
1,     71978,20516,        4144801324,0.0,0.0
1,     71980,20517,        4145001324,0.0,0.0
0,     71982,0,        4145054110,0.0,4278
0,     71984,0,        4145066364,0.0,3941
0,     71986,0,        4145184804,0.0,4935
1,     71988,20518,        4145201324,0.0,0.0
0,     71990,0,        4145296744,0.0,4486
1,     71992,20519,        4145401328,0.0,0.0
0,     71994,0,        4145431481,0.0,1239
1,     71996,20520,        4145601328,0.0,0.0
0,     71998,0,        4145771646,0.0,3465
1,     72000,20521,        4145801328,0.0,0.0
0,     72002,0,        4145874153,0.0,4948
1,     72004,20522,        4146001332,0.0,0.0
1,     72006,20523,        4146201332,0.0,0.0
1,     72008,20524,        4146401332,0.0,0.0
0,     72010,0,        4146411561,0.0,6075
1,     72012,20525,        4146601332,0.0,0.0
0,     72014,0,        4146681360,0.0,4997
1,     72016,20526,        4146801336,0.0,0.0
1,     72018,20527,        4147001336,0.0,0.0
0,     72020,0,        4147047819,0.0,2712
0,     72022,0,        4147199243,0.0,3996
1,     72024,20528,        4147201336,0.0,0.0
1,     72026,20529,        4147401340,0.0,0.0
1,     72028,20530,        4147601340,0.0,0.0
1,     72030,20531,        4147801340,0.0,0.0
1,     72032,20532,        4148001344,0.0,0.0
0,     72034,0,        4148122461,0.0,3346
0,     72036,0,        4148123368,0.0,5730
1,     72038,20533,        4148201344,0.0,0.0
0,     72040,0,        4148342315,0.0,5227
1,     72042,20534,        4148401344,0.0,0.0
0,     72044,0,        4148500906,0.0,3086
0,     72046,0,        4148512354,0.0,490
0,     72048,0,        4148565156,0.0,3717
1,     72050,20535,        4148601344,0.0,0.0
0,     72052,0,        4148709645,0.0,1244
1,     72054,20536,        4148801348,0.0,0.0
0,     72056,0,        4148814780,0.0,4781
0,     72058,0,        4148864682,0.0,5105
1,     72060,20537,        4149001348,0.0,0.0
1,     72062,20538,        4149201348,0.0,0.0
1,     72064,20539,        4149401352,0.0,0.0
0,     72066,0,        4149493026,0.0,1985
1,     72068,20540,        4149601352,0.0,0.0
1,     72070,20541,        4149801352,0.0,0.0
1,     72072,20542,        4150001356,0.0,0.0
0,     72074,0,        4150021735,0.0,5860
0,     72076,0,        4150026565,0.0,3169
0,     72078,0,        4150052985,0.0,3867
1,     72080,20543,        4150201356,0.0,0.0
1,     72082,20544,        4150401356,0.0,0.0
0,     72084,0,        4150578268,0.0,93
1,     72086,20545,        4150601356,0.0,0.0
1,     72088,20546,        4150801360,0.0,0.0
1,     72090,20547,        4151001360,0.0,0.0
1,     72092,20548,        4151201360,0.0,0.0
1,     72094,20549,        4151401364,0.0,0.0
1,     72096,20550,        4151601364,0.0,0.0
0,     72098,0,        4151714224,0.0,6076
1,     72100,20551,        4151801364,0.0,0.0
1,     72102,20552,        4152001368,0.0,0.0
1,     72104,20553,        4152201368,0.0,0.0
0,     72106,0,        4152291779,0.0,3092
0,     72108,0,        4152383983,0.0,1713
1,     72110,20554,        4152401368,0.0,0.0
0,     72112,0,        4152576237,0.0,3977
0,     72114,0,        4152590197,0.0,1907
1,     72116,20555,        4152601368,0.0,0.0
0,     72118,0,        4152767494,0.0,1306
1,     72120,20556,        4152801372,0.0,0.0
0,     72122,0,        4152930054,0.0,3019
1,     72124,20557,        4153001372,0.0,0.0
0,     72126,0,        4153049565,0.0,1207
0,     72128,0,        4153061045,0.0,3641
1,     72130,20558,        4153201372,0.0,0.0
1,     72132,20559,        4153401376,0.0,0.0
1,     72134,20560,        4153601376,0.0,0.0
0,     72136,0,        4153650875,0.0,1718
1,     72138,20561,        4153801376,0.0,0.0
0,     72140,0,        4153837543,0.0,461
0,     72142,0,        4153930358,0.0,3350
1,     72144,20562,        4154001380,0.0,0.0
0,     72146,0,        4154002327,0.0,1261
0,     72148,0,        4154190142,0.0,4156
1,     72150,20563,        4154201380,0.0,0.0
1,     72152,20564,        4154401380,0.0,0.0
0,     72154,0,        4154449351,0.0,4274
1,     72156,20565,        4154601380,0.0,0.0
0,     72158,0,        4154781398,0.0,2651
1,     72160,20566,        4154801384,0.0,0.0
1,     72162,20567,        4155001384,0.0,0.0
1,     72164,20568,        4155201384,0.0,0.0
0,     72166,0,        4155220690,0.0,3360
0,     72168,0,        4155329398,0.0,5128
0,     72170,0,        4155341424,0.0,1999
1,     72172,20569,        4155401388,0.0,0.0
0,     72174,0,        4155483519,0.0,5517
1,     72176,20570,        4155601388,0.0,0.0
1,     72178,20571,        4155801388,0.0,0.0
0,     72180,0,        4155917001,0.0,3619
0,     72182,0,        4155932823,0.0,4310
1,     72184,20572,        4156001388,0.0,0.0
0,     72186,0,        4156022363,0.0,4213
0,     72188,0,        4156132535,0.0,5999
1,     72190,20573,        4156201392,0.0,0.0
0,     72192,0,        4156236970,0.0,3391
1,     72194,20574,        4156401392,0.0,0.0
0,     72196,0,        4156410402,0.0,3405
1,     72198,20575,        4156601392,0.0,0.0
1,     72200,20576,        4156801396,0.0,0.0
0,     72202,0,        4156835988,0.0,3405
1,     72204,20577,        4157001396,0.0,0.0
1,     72206,20578,        4157201396,0.0,0.0
1,     72208,20579,        4157401400,0.0,0.0
1,     72210,20580,        4157601400,0.0,0.0
0,     72212,0,        4157693795,0.0,2151
0,     72214,0,        4157703341,0.0,930
1,     72216,20581,        4157801400,0.0,0.0
0,     72218,0,        4157979801,0.0,3552
1,     72220,20582,        4158001400,0.0,0.0
0,     72222,0,        4158042746,0.0,4969
0,     72224,0,        4158124205,0.0,965
1,     72226,20583,        4158201404,0.0,0.0
0,     72228,0,        4158245990,0.0,3762
1,     72230,20584,        4158401404,0.0,0.0
0,     72232,0,        4158492405,0.0,1544
1,     72234,20585,        4158601404,0.0,0.0
0,     72236,0,        4158664801,0.0,2894
1,     72238,20586,        4158801408,0.0,0.0
0,     72240,0,        4158911624,0.0,3653
0,     72242,0,        4158938082,0.0,3572
1,     72244,20587,        4159001408,0.0,0.0
0,     72246,0,        4159169288,0.0,3960
1,     72248,20588,        4159201408,0.0,0.0
1,     72250,20589,        4159401412,0.0,0.0
1,     72252,20590,        4159601412,0.0,0.0
0,     72254,0,        4159799260,0.0,5342
1,     72256,20591,        4159801412,0.0,0.0
0,     72258,0,        4159921582,0.0,1684
1,     72260,20592,        4160001412,0.0,0.0
1,     72262,20593,        4160201416,0.0,0.0
0,     72264,0,        4160203891,0.0,3371
1,     72266,20594,        4160401416,0.0,0.0
1,     72268,20595,        4160601416,0.0,0.0
0,     72270,0,        4160625183,0.0,204
0,     72271,0,        4160625184,0.0,4216
0,     72273,0,        4160667284,0.0,3492
0,     72275,0,        4160725481,0.0,3338
1,     72277,20596,        4160801420,0.0,0.0
1,     72279,20597,        4161001420,0.0,0.0
1,     72281,20598,        4161201420,0.0,0.0
0,     72283,0,        4161312552,0.0,6067
1,     72285,20599,        4161401424,0.0,0.0
0,     72287,0,        4161547726,0.0,3512
1,     72289,20600,        4161601424,0.0,0.0
1,     72291,20601,        4161801424,0.0,0.0
0,     72293,0,        4161912547,0.0,1752
1,     72295,20602,        4162001424,0.0,0.0
1,     72297,20603,        4162201428,0.0,0.0
0,     72299,0,        4162339015,0.0,1302
1,     72301,20604,        4162401428,0.0,0.0
1,     72303,20605,        4162601428,0.0,0.0
1,     72305,20606,        4162801432,0.0,0.0
0,     72307,0,        4162851499,0.0,4459
1,     72309,20607,        4163001432,0.0,0.0
1,     72311,20608,        4163201432,0.0,0.0
0,     72313,0,        4163262537,0.0,2017
0,     72315,0,        4163379635,0.0,3607
1,     72317,20609,        4163401436,0.0,0.0
1,     72319,20610,        4163601436,0.0,0.0
1,     72321,20611,        4163801436,0.0,0.0
0,     72323,0,        4163934695,0.0,2845
1,     72325,20612,        4164001436,0.0,0.0
0,     72327,0,        4164019016,0.0,1212
0,     72329,0,        4164040959,0.0,3633
1,     72331,20613,        4164201440,0.0,0.0
1,     72333,20614,        4164401440,0.0,0.0
0,     72335,0,        4164435921,0.0,2180
0,     72337,0,        4164457417,0.0,764
0,     72339,0,        4164495368,0.0,6072
1,     72341,20615,        4164601440,0.0,0.0
0,     72343,0,        4164605279,0.0,1670
1,     72345,20616,        4164801444,0.0,0.0
0,     72347,0,        4164849701,0.0,2701
1,     72349,20617,        4165001444,0.0,0.0
0,     72351,0,        4165081117,0.0,2558
1,     72353,20618,        4165201444,0.0,0.0
1,     72355,20619,        4165401444,0.0,0.0
1,     72357,20620,        4165601448,0.0,0.0
1,     72359,20621,        4165801448,0.0,0.0
1,     72361,20622,        4166001448,0.0,0.0
1,     72363,20623,        4166201452,0.0,0.0
0,     72365,0,        4166317100,0.0,5340
1,     72367,20624,        4166401452,0.0,0.0
1,     72369,20625,        4166601452,0.0,0.0
1,     72371,20626,        4166801456,0.0,0.0
0,     72373,0,        4166865179,0.0,560
1,     72375,20627,        4167001456,0.0,0.0
0,     72377,0,        4167138877,0.0,5233
1,     72379,20628,        4167201456,0.0,0.0
0,     72381,0,        4167358374,0.0,2494
1,     72383,20629,        4167401456,0.0,0.0
1,     72385,20630,        4167601460,0.0,0.0
0,     72387,0,        4167609608,0.0,2646
1,     72389,20631,        4167801460,0.0,0.0
1,     72391,20632,        4168001460,0.0,0.0
1,     72393,20633,        4168201464,0.0,0.0
0,     72395,0,        4168252152,0.0,3943
1,     72397,20634,        4168401464,0.0,0.0
1,     72399,20635,        4168601464,0.0,0.0
1,     72401,20636,        4168801468,0.0,0.0
0,     72403,0,        4168841203,0.0,4531
0,     72405,0,        4168917433,0.0,2995
0,     72407,0,        4168977004,0.0,3529
1,     72409,20637,        4169001468,0.0,0.0
0,     72411,0,        4169029842,0.0,5472
0,     72413,0,        4169089758,0.0,3033
1,     72415,20638,        4169201468,0.0,0.0
0,     72417,0,        4169310457,0.0,1524
1,     72419,20639,        4169401468,0.0,0.0
1,     72421,20640,        4169601472,0.0,0.0
1,     72423,20641,        4169801472,0.0,0.0
1,     72425,20642,        4170001472,0.0,0.0
1,     72427,20643,        4170201476,0.0,0.0
1,     72429,20644,        4170401476,0.0,0.0
1,     72431,20645,        4170601476,0.0,0.0
0,     72433,0,        4170780725,0.0,5566
1,     72435,20646,        4170801480,0.0,0.0
0,     72437,0,        4170888533,0.0,5325
1,     72439,20647,        4171001480,0.0,0.0
1,     72441,20648,        4171201480,0.0,0.0
0,     72443,0,        4171374640,0.0,5075
1,     72445,20649,        4171401480,0.0,0.0
0,     72447,0,        4171404908,0.0,620
0,     72449,0,        4171581460,0.0,5226
1,     72451,20650,        4171601484,0.0,0.0
0,     72453,0,        4171740202,0.0,4352
1,     72455,20651,        4171801484,0.0,0.0
1,     72457,20652,        4172001484,0.0,0.0
0,     72459,0,        4172110744,0.0,2308
1,     72461,20653,        4172201488,0.0,0.0
1,     72463,20654,        4172401488,0.0,0.0
0,     72465,0,        4172580560,0.0,3797
1,     72467,20655,        4172601488,0.0,0.0
1,     72469,20656,        4172801488,0.0,0.0
0,     72471,0,        4172963887,0.0,3030
1,     72473,20657,        4173001492,0.0,0.0
1,     72475,20658,        4173201492,0.0,0.0
1,     72477,20659,        4173401492,0.0,0.0
0,     72479,0,        4173436422,0.0,3955
1,     72481,20660,        4173601496,0.0,0.0
0,     72483,0,        4173744086,0.0,3748
1,     72485,20661,        4173801496,0.0,0.0
1,     72487,20662,        4174001496,0.0,0.0
1,     72489,20663,        4174201500,0.0,0.0
0,     72491,0,        4174335737,0.0,4907
0,     72493,0,        4174357372,0.0,5283
1,     72495,20664,        4174401500,0.0,0.0
1,     72497,20665,        4174601500,0.0,0.0
0,     72499,0,        4174629439,0.0,798
1,     72501,20666,        4174801500,0.0,0.0
1,     72503,20667,        4175001504,0.0,0.0
1,     72505,20668,        4175201504,0.0,0.0
0,     72507,0,        4175265598,0.0,2941
1,     72509,20669,        4175401504,0.0,0.0
1,     72511,20670,        4175601508,0.0,0.0
0,     72513,0,        4175677846,0.0,1933
0,     72515,0,        4175716705,0.0,4246
1,     72517,20671,        4175801508,0.0,0.0
1,     72519,20672,        4176001508,0.0,0.0
1,     72521,20673,        4176201512,0.0,0.0
0,     72523,0,        4176275977,0.0,3091
0,     72525,0,        4176308538,0.0,5055
1,     72527,20674,        4176401512,0.0,0.0
1,     72529,20675,        4176601512,0.0,0.0
1,     72531,20676,        4176801512,0.0,0.0
0,     72533,0,        4176814555,0.0,2138
0,     72534,0,        4176814694,0.0,1768
1,     72536,20677,        4177001516,0.0,0.0
0,     72538,0,        4177095677,0.0,5851
1,     72540,20678,        4177201516,0.0,0.0
0,     72542,0,        4177278984,0.0,2455
1,     72544,20679,        4177401516,0.0,0.0
0,     72546,0,        4177563576,0.0,4050
1,     72548,20680,        4177601520,0.0,0.0
1,     72550,20681,        4177801520,0.0,0.0
1,     72552,20682,        4178001520,0.0,0.0
1,     72554,20683,        4178201524,0.0,0.0
1,     72556,20684,        4178401524,0.0,0.0
0,     72558,0,        4178449827,0.0,6100
1,     72560,20685,        4178601524,0.0,0.0
0,     72562,0,        4178611909,0.0,4994
1,     72564,20686,        4178801524,0.0,0.0
1,     72566,20687,        4179001528,0.0,0.0
1,     72568,20688,        4179201528,0.0,0.0
1,     72570,20689,        4179401528,0.0,0.0
0,     72572,0,        4179507909,0.0,2892
1,     72574,20690,        4179601532,0.0,0.0
0,     72576,0,        4179676779,0.0,4552
1,     72578,20691,        4179801532,0.0,0.0
1,     72580,20692,        4180001532,0.0,0.0
0,     72582,0,        4180197515,0.0,2082
1,     72584,20693,        4180201536,0.0,0.0
0,     72586,0,        4180219693,0.0,4987
0,     72588,0,        4180281750,0.0,3739
1,     72590,20694,        4180401536,0.0,0.0
0,     72592,0,        4180429364,0.0,5317
0,     72594,0,        4180539369,0.0,69
1,     72596,20695,        4180601536,0.0,0.0
1,     72598,20696,        4180801536,0.0,0.0
1,     72600,20697,        4181001540,0.0,0.0
0,     72602,0,        4181010522,0.0,5696
1,     72604,20698,        4181201540,0.0,0.0
1,     72606,20699,        4181401540,0.0,0.0
0,     72608,0,        4181423933,0.0,3008
0,     72610,0,        4181478042,0.0,1509
0,     72612,0,        4181542561,0.0,3391
0,     72614,0,        4181589502,0.0,1484
1,     72616,20700,        4181601544,0.0,0.0
0,     72618,0,        4181617698,0.0,3813
0,     72620,0,        4181645915,0.0,3163
0,     72622,0,        4181679861,0.0,3860
1,     72624,20701,        4181801544,0.0,0.0
0,     72626,0,        4181970040,0.0,1392
1,     72628,20702,        4182001544,0.0,0.0
0,     72630,0,        4182153436,0.0,5299
1,     72632,20703,        4182201544,0.0,0.0
1,     72634,20704,        4182401548,0.0,0.0
0,     72636,0,        4182575888,0.0,5867
0,     72637,0,        4182576074,0.0,142
1,     72639,20705,        4182601548,0.0,0.0
0,     72641,0,        4182735703,0.0,878
0,     72643,0,        4182774579,0.0,6059
1,     72645,20706,        4182801548,0.0,0.0
1,     72647,20707,        4183001552,0.0,0.0
0,     72649,0,        4183021389,0.0,1429
0,     72651,0,        4183021926,0.0,1748
0,     72653,0,        4183052184,0.0,3755
0,     72655,0,        4183052371,0.0,3381
0,     72657,0,        4183141623,0.0,1767
1,     72659,20708,        4183201552,0.0,0.0
1,     72661,20709,        4183401552,0.0,0.0
0,     72663,0,        4183409577,0.0,2284
0,     72665,0,        4183409734,0.0,366
0,     72667,0,        4183582472,0.0,3830
1,     72669,20710,        4183601556,0.0,0.0
1,     72671,20711,        4183801556,0.0,0.0
1,     72673,20712,        4184001556,0.0,0.0
0,     72675,0,        4184055458,0.0,4522
1,     72677,20713,        4184201556,0.0,0.0
0,     72679,0,        4184222041,0.0,292
1,     72681,20714,        4184401560,0.0,0.0
1,     72683,20715,        4184601560,0.0,0.0
1,     72685,20716,        4184801560,0.0,0.0
1,     72687,20717,        4185001564,0.0,0.0
0,     72689,0,        4185179658,0.0,2361
1,     72691,20718,        4185201564,0.0,0.0
1,     72693,20719,        4185401564,0.0,0.0
1,     72695,20720,        4185601568,0.0,0.0
1,     72697,20721,        4185801568,0.0,0.0
0,     72699,0,        4185812994,0.0,5155
0,     72701,0,        4185815018,0.0,4996
0,     72703,0,        4185939515,0.0,1177
1,     72705,20722,        4186001568,0.0,0.0
0,     72707,0,        4186094465,0.0,6074
0,     72709,0,        4186157060,0.0,1013
1,     72711,20723,        4186201568,0.0,0.0
0,     72713,0,        4186327281,0.0,5624
1,     72715,20724,        4186401572,0.0,0.0
1,     72717,20725,        4186601572,0.0,0.0
1,     72719,20726,        4186801572,0.0,0.0
1,     72721,20727,        4187001576,0.0,0.0
1,     72723,20728,        4187201576,0.0,0.0
1,     72725,20729,        4187401576,0.0,0.0
1,     72727,20730,        4187601580,0.0,0.0
1,     72729,20731,        4187801580,0.0,0.0
1,     72731,20732,        4188001580,0.0,0.0
1,     72733,20733,        4188201580,0.0,0.0
0,     72735,0,        4188222593,0.0,2477
0,     72737,0,        4188355144,0.0,1278
1,     72739,20734,        4188401584,0.0,0.0
1,     72741,20735,        4188601584,0.0,0.0
1,     72743,20736,        4188801584,0.0,0.0
1,     72745,20737,        4189001588,0.0,0.0
0,     72747,0,        4189201178,0.0,3571
1,     72749,20738,        4189201588,0.0,0.0
1,     72751,20739,        4189401588,0.0,0.0
1,     72753,20740,        4189601592,0.0,0.0
0,     72755,0,        4189648341,0.0,62
1,     72757,20741,        4189801592,0.0,0.0
1,     72759,20742,        4190001592,0.0,0.0
1,     72761,20743,        4190201592,0.0,0.0
1,     72763,20744,        4190401596,0.0,0.0
0,     72765,0,        4190468692,0.0,641
0,     72767,0,        4190489442,0.0,4668
0,     72769,0,        4190532518,0.0,5706
0,     72771,0,        4190551467,0.0,5803
1,     72773,20745,        4190601596,0.0,0.0
1,     72775,20746,        4190801596,0.0,0.0
0,     72777,0,        4190823463,0.0,3876
1,     72779,20747,        4191001600,0.0,0.0
1,     72781,20748,        4191201600,0.0,0.0
0,     72783,0,        4191302576,0.0,1631
1,     72785,20749,        4191401600,0.0,0.0
1,     72787,20750,        4191601600,0.0,0.0
1,     72789,20751,        4191801604,0.0,0.0
1,     72791,20752,        4192001604,0.0,0.0
1,     72793,20753,        4192201604,0.0,0.0
1,     72795,20754,        4192401608,0.0,0.0
1,     72797,20755,        4192601608,0.0,0.0
1,     72799,20756,        4192801608,0.0,0.0
1,     72801,20757,        4193001612,0.0,0.0
1,     72803,20758,        4193201612,0.0,0.0
0,     72805,0,        4193252119,0.0,2886
1,     72807,20759,        4193401612,0.0,0.0
0,     72809,0,        4193420994,0.0,5265
1,     72811,20760,        4193601612,0.0,0.0
1,     72813,20761,        4193801616,0.0,0.0
1,     72815,20762,        4194001616,0.0,0.0
1,     72817,20763,        4194201616,0.0,0.0
0,     72819,0,        4194229800,0.0,4664
1,     72821,20764,        4194401620,0.0,0.0
0,     72823,0,        4194553611,0.0,5307
0,     72824,0,        4194553613,0.0,3957
1,     72826,20765,        4194601620,0.0,0.0
1,     72828,20766,        4194801620,0.0,0.0
1,     72830,20767,        4195001624,0.0,0.0
1,     72832,20768,        4195201624,0.0,0.0
0,     72834,0,        4195382134,0.0,1827
1,     72836,20769,        4195401624,0.0,0.0
0,     72838,0,        4195442563,0.0,686
0,     72840,0,        4195508571,0.0,5400
1,     72842,20770,        4195601624,0.0,0.0
1,     72844,20771,        4195801628,0.0,0.0
0,     72846,0,        4195943944,0.0,1982
1,     72848,20772,        4196001628,0.0,0.0
1,     72850,20773,        4196201628,0.0,0.0
1,     72852,20774,        4196401632,0.0,0.0
1,     72854,20775,        4196601632,0.0,0.0
1,     72856,20776,        4196801632,0.0,0.0
0,     72858,0,        4196934946,0.0,5559
1,     72860,20777,        4197001636,0.0,0.0
1,     72862,20778,        4197201636,0.0,0.0
1,     72864,20779,        4197401636,0.0,0.0
1,     72866,20780,        4197601636,0.0,0.0
1,     72868,20781,        4197801640,0.0,0.0
0,     72870,0,        4197813833,0.0,3328
0,     72872,0,        4197889616,0.0,763
0,     72874,0,        4197998664,0.0,4195
1,     72876,20782,        4198001640,0.0,0.0
1,     72878,20783,        4198201640,0.0,0.0
0,     72880,0,        4198293737,0.0,4007
1,     72882,20784,        4198401644,0.0,0.0
1,     72884,20785,        4198601644,0.0,0.0
1,     72886,20786,        4198801644,0.0,0.0
1,     72888,20787,        4199001648,0.0,0.0
1,     72890,20788,        4199201648,0.0,0.0
0,     72892,0,        4199230264,0.0,1219
0,     72894,0,        4199319724,0.0,5602
1,     72896,20789,        4199401648,0.0,0.0
0,     72898,0,        4199450924,0.0,3135
1,     72900,20790,        4199601648,0.0,0.0
0,     72902,0,        4199603569,0.0,4785
0,     72904,0,        4199641537,0.0,3965
0,     72906,0,        4199761593,0.0,5660
0,     72908,0,        4199783921,0.0,3551
1,     72910,20791,        4199801652,0.0,0.0
1,     72912,20792,        4200001652,0.0,0.0
0,     72914,0,        4200170422,0.0,3665
1,     72916,20793,        4200201652,0.0,0.0
0,     72918,0,        4200371846,0.0,5126
1,     72920,20794,        4200401656,0.0,0.0
0,     72922,0,        4200451498,0.0,4096
1,     72924,20795,        4200601656,0.0,0.0
1,     72926,20796,        4200801656,0.0,0.0
1,     72928,20797,        4201001656,0.0,0.0
1,     72930,20798,        4201201660,0.0,0.0
1,     72932,20799,        4201401660,0.0,0.0
1,     72934,20800,        4201601660,0.0,0.0
1,     72936,20801,        4201801664,0.0,0.0
0,     72938,0,        4201915348,0.0,3585
0,     72940,0,        4201992525,0.0,241
1,     72942,20802,        4202001664,0.0,0.0
0,     72944,0,        4202189304,0.0,3895
1,     72946,20803,        4202201664,0.0,0.0
1,     72948,20804,        4202401668,0.0,0.0
0,     72950,0,        4202597186,0.0,1606
1,     72952,20805,        4202601668,0.0,0.0
0,     72954,0,        4202607042,0.0,3035
1,     72956,20806,        4202801668,0.0,0.0
1,     72958,20807,        4203001668,0.0,0.0
1,     72960,20808,        4203201672,0.0,0.0
0,     72962,0,        4203204087,0.0,3956
1,     72964,20809,        4203401672,0.0,0.0
0,     72966,0,        4203452532,0.0,5035
1,     72968,20810,        4203601672,0.0,0.0
0,     72970,0,        4203624664,0.0,6229
1,     72972,20811,        4203801676,0.0,0.0
1,     72974,20812,        4204001676,0.0,0.0
0,     72976,0,        4204024539,0.0,3628
0,     72978,0,        4204177474,0.0,23
1,     72980,20813,        4204201676,0.0,0.0
0,     72982,0,        4204357754,0.0,1657
1,     72984,20814,        4204401680,0.0,0.0
1,     72986,20815,        4204601680,0.0,0.0
0,     72988,0,        4204793052,0.0,3776
0,     72990,0,        4204795392,0.0,5995
1,     72992,20816,        4204801680,0.0,0.0
0,     72994,0,        4204884935,0.0,3418
1,     72996,20817,        4205001680,0.0,0.0
0,     72998,0,        4205194706,0.0,4116
1,     73000,20818,        4205201684,0.0,0.0
1,     73002,20819,        4205401684,0.0,0.0
1,     73004,20820,        4205601684,0.0,0.0
1,     73006,20821,        4205801688,0.0,0.0
1,     73008,20822,        4206001688,0.0,0.0
1,     73010,20823,        4206201688,0.0,0.0
1,     73012,20824,        4206401692,0.0,0.0
0,     73014,0,        4206463005,0.0,3594
0,     73016,0,        4206468801,0.0,5011
1,     73018,20825,        4206601692,0.0,0.0
0,     73020,0,        4206720796,0.0,3621
1,     73022,20826,        4206801692,0.0,0.0
0,     73024,0,        4206935560,0.0,303
1,     73026,20827,        4207001692,0.0,0.0
1,     73028,20828,        4207201696,0.0,0.0
1,     73030,20829,        4207401696,0.0,0.0
0,     73032,0,        4207429619,0.0,3909
0,     73034,0,        4207441869,0.0,1976
1,     73036,20830,        4207601696,0.0,0.0
0,     73038,0,        4207747874,0.0,863
1,     73040,20831,        4207801700,0.0,0.0
1,     73042,20832,        4208001700,0.0,0.0
0,     73044,0,        4208026841,0.0,1935
1,     73046,20833,        4208201700,0.0,0.0
0,     73048,0,        4208371289,0.0,547
1,     73050,20834,        4208401700,0.0,0.0
1,     73052,20835,        4208601704,0.0,0.0
0,     73054,0,        4208775015,0.0,3711
1,     73056,20836,        4208801704,0.0,0.0
0,     73058,0,        4208919772,0.0,466
0,     73059,0,        4208920006,0.0,1374
1,     73061,20837,        4209001704,0.0,0.0
1,     73063,20838,        4209201708,0.0,0.0
0,     73065,0,        4209353539,0.0,4164
1,     73067,20839,        4209401708,0.0,0.0
0,     73069,0,        4209530838,0.0,3481
1,     73071,20840,        4209601708,0.0,0.0
1,     73073,20841,        4209801712,0.0,0.0
0,     73075,0,        4209835883,0.0,4287
1,     73077,20842,        4210001712,0.0,0.0
1,     73079,20843,        4210201712,0.0,0.0
1,     73081,20844,        4210401712,0.0,0.0
1,     73083,20845,        4210601716,0.0,0.0
0,     73085,0,        4210649080,0.0,3679
0,     73087,0,        4210748877,0.0,4506
1,     73089,20846,        4210801716,0.0,0.0
0,     73091,0,        4210846807,0.0,5680
1,     73093,20847,        4211001716,0.0,0.0
1,     73095,20848,        4211201720,0.0,0.0
0,     73097,0,        4211238072,0.0,2108
0,     73099,0,        4211350834,0.0,5241
1,     73101,20849,        4211401720,0.0,0.0
1,     73103,20850,        4211601720,0.0,0.0
0,     73105,0,        4211796557,0.0,616
1,     73107,20851,        4211801724,0.0,0.0
1,     73109,20852,        4212001724,0.0,0.0
1,     73111,20853,        4212201724,0.0,0.0
1,     73113,20854,        4212401724,0.0,0.0
0,     73115,0,        4212574699,0.0,841
1,     73117,20855,        4212601728,0.0,0.0
1,     73119,20856,        4212801728,0.0,0.0
0,     73121,0,        4212931222,0.0,1820
1,     73123,20857,        4213001728,0.0,0.0
0,     73125,0,        4213073627,0.0,1799
0,     73127,0,        4213075742,0.0,4193
1,     73129,20858,        4213201732,0.0,0.0
1,     73131,20859,        4213401732,0.0,0.0
1,     73133,20860,        4213601732,0.0,0.0
1,     73135,20861,        4213801736,0.0,0.0
0,     73137,0,        4213907153,0.0,1613
0,     73139,0,        4213907619,0.0,2675
1,     73141,20862,        4214001736,0.0,0.0
1,     73143,20863,        4214201736,0.0,0.0
0,     73145,0,        4214218786,0.0,4563
0,     73147,0,        4214220379,0.0,5611
0,     73149,0,        4214220936,0.0,5512
0,     73151,0,        4214268031,0.0,1926
1,     73153,20864,        4214401736,0.0,0.0
1,     73155,20865,        4214601740,0.0,0.0
0,     73157,0,        4214775900,0.0,5394
1,     73159,20866,        4214801740,0.0,0.0
0,     73161,0,        4214825739,0.0,2935
1,     73163,20867,        4215001740,0.0,0.0
0,     73165,0,        4215017428,0.0,2735
1,     73167,20868,        4215201744,0.0,0.0
1,     73169,20869,        4215401744,0.0,0.0
0,     73171,0,        4215475541,0.0,3181
0,     73173,0,        4215522570,0.0,2562
1,     73175,20870,        4215601744,0.0,0.0
1,     73177,20871,        4215801748,0.0,0.0
1,     73179,20872,        4216001748,0.0,0.0
1,     73181,20873,        4216201748,0.0,0.0
1,     73183,20874,        4216401748,0.0,0.0
1,     73185,20875,        4216601752,0.0,0.0
1,     73187,20876,        4216801752,0.0,0.0
0,     73189,0,        4216882061,0.0,5034
0,     73191,0,        4216945005,0.0,2556
1,     73193,20877,        4217001752,0.0,0.0
1,     73195,20878,        4217201756,0.0,0.0
0,     73197,0,        4217264038,0.0,2370
1,     73199,20879,        4217401756,0.0,0.0
1,     73201,20880,        4217601756,0.0,0.0
0,     73203,0,        4217781221,0.0,5503
1,     73205,20881,        4217801756,0.0,0.0
1,     73207,20882,        4218001760,0.0,0.0
1,     73209,20883,        4218201760,0.0,0.0
1,     73211,20884,        4218401760,0.0,0.0
0,     73213,0,        4218489899,0.0,346
0,     73214,0,        4218490489,0.0,4626
1,     73216,20885,        4218601764,0.0,0.0
0,     73218,0,        4218630940,0.0,370
1,     73220,20886,        4218801764,0.0,0.0
0,     73222,0,        4218964901,0.0,6139
1,     73224,20887,        4219001764,0.0,0.0
0,     73226,0,        4219100754,0.0,426
0,     73227,0,        4219100842,0.0,6
1,     73229,20888,        4219201768,0.0,0.0
1,     73231,20889,        4219401768,0.0,0.0
1,     73233,20890,        4219601768,0.0,0.0
1,     73235,20891,        4219801768,0.0,0.0
1,     73237,20892,        4220001772,0.0,0.0
1,     73239,20893,        4220201772,0.0,0.0
1,     73241,20894,        4220401772,0.0,0.0
1,     73243,20895,        4220601776,0.0,0.0
1,     73245,20896,        4220801776,0.0,0.0
0,     73247,0,        4220862032,0.0,2337
1,     73249,20897,        4221001776,0.0,0.0
1,     73251,20898,        4221201780,0.0,0.0
0,     73253,0,        4221375944,0.0,1737
1,     73255,20899,        4221401780,0.0,0.0
1,     73257,20900,        4221601780,0.0,0.0
1,     73259,20901,        4221801780,0.0,0.0
1,     73261,20902,        4222001784,0.0,0.0
0,     73263,0,        4222075047,0.0,3653
1,     73265,20903,        4222201784,0.0,0.0
1,     73267,20904,        4222401784,0.0,0.0
0,     73269,0,        4222576796,0.0,4927
1,     73271,20905,        4222601788,0.0,0.0
1,     73273,20906,        4222801788,0.0,0.0
0,     73275,0,        4222950476,0.0,795
1,     73277,20907,        4223001788,0.0,0.0
1,     73279,20908,        4223201792,0.0,0.0
0,     73281,0,        4223273015,0.0,1167
0,     73283,0,        4223335908,0.0,3432
0,     73285,0,        4223369171,0.0,4672
1,     73287,20909,        4223401792,0.0,0.0
1,     73289,20910,        4223601792,0.0,0.0
0,     73291,0,        4223788390,0.0,3957
1,     73293,20911,        4223801792,0.0,0.0
0,     73294,0,        4223802223,0.0,2330
1,     73296,20912,        4224001796,0.0,0.0
1,     73298,20913,        4224201796,0.0,0.0
1,     73300,20914,        4224401796,0.0,0.0
1,     73302,20915,        4224601800,0.0,0.0
1,     73304,20916,        4224801800,0.0,0.0
1,     73306,20917,        4225001800,0.0,0.0
0,     73308,0,        4225079919,0.0,4854
1,     73310,20918,        4225201804,0.0,0.0
0,     73312,0,        4225260383,0.0,3265
1,     73314,20919,        4225401804,0.0,0.0
1,     73316,20920,        4225601804,0.0,0.0
0,     73318,0,        4225700367,0.0,1316
1,     73320,20921,        4225801804,0.0,0.0
0,     73322,0,        4225832894,0.0,3333
0,     73324,0,        4225833220,0.0,5169
1,     73326,20922,        4226001808,0.0,0.0
1,     73328,20923,        4226201808,0.0,0.0
1,     73330,20924,        4226401808,0.0,0.0
1,     73332,20925,        4226601812,0.0,0.0
0,     73334,0,        4226658329,0.0,5000
1,     73336,20926,        4226801812,0.0,0.0
1,     73338,20927,        4227001812,0.0,0.0
1,     73340,20928,        4227201812,0.0,0.0
1,     73342,20929,        4227401816,0.0,0.0
0,     73344,0,        4227405339,0.0,6064
1,     73346,20930,        4227601816,0.0,0.0
0,     73348,0,        4227727428,0.0,1636
0,     73350,0,        4227742253,0.0,874
0,     73352,0,        4227770391,0.0,4610
1,     73354,20931,        4227801816,0.0,0.0
0,     73356,0,        4227812488,0.0,4653
1,     73358,20932,        4228001820,0.0,0.0
1,     73360,20933,        4228201820,0.0,0.0
0,     73362,0,        4228235356,0.0,2996
1,     73364,20934,        4228401820,0.0,0.0
0,     73366,0,        4228592615,0.0,2888
1,     73368,20935,        4228601824,0.0,0.0
0,     73370,0,        4228645691,0.0,1450
0,     73372,0,        4228761047,0.0,2884
1,     73374,20936,        4228801824,0.0,0.0
0,     73376,0,        4228996739,0.0,2218
1,     73378,20937,        4229001824,0.0,0.0
1,     73380,20938,        4229201824,0.0,0.0
0,     73382,0,        4229360990,0.0,2121
1,     73384,20939,        4229401828,0.0,0.0
0,     73386,0,        4229404118,0.0,4191
0,     73388,0,        4229537325,0.0,2008
0,     73390,0,        4229587929,0.0,3383
1,     73392,20940,        4229601828,0.0,0.0
1,     73394,20941,        4229801828,0.0,0.0
0,     73396,0,        4229829272,0.0,1383
1,     73398,20942,        4230001832,0.0,0.0
0,     73400,0,        4230116331,0.0,2292
1,     73402,20943,        4230201832,0.0,0.0
0,     73404,0,        4230308689,0.0,5262
1,     73406,20944,        4230401832,0.0,0.0
0,     73408,0,        4230559790,0.0,5088
0,     73410,0,        4230561593,0.0,2555
1,     73412,20945,        4230601836,0.0,0.0
0,     73414,0,        4230642675,0.0,1600
1,     73416,20946,        4230801836,0.0,0.0
0,     73418,0,        4230895493,0.0,2409
1,     73420,20947,        4231001836,0.0,0.0
1,     73422,20948,        4231201836,0.0,0.0
0,     73424,0,        4231221038,0.0,5500
1,     73426,20949,        4231401840,0.0,0.0
1,     73428,20950,        4231601840,0.0,0.0
1,     73430,20951,        4231801840,0.0,0.0
1,     73432,20952,        4232001844,0.0,0.0
0,     73434,0,        4232086025,0.0,5066
1,     73436,20953,        4232201844,0.0,0.0
0,     73438,0,        4232259624,0.0,4503
1,     73440,20954,        4232401844,0.0,0.0
1,     73442,20955,        4232601848,0.0,0.0
0,     73444,0,        4232629237,0.0,5841
1,     73446,20956,        4232801848,0.0,0.0
0,     73448,0,        4232855948,0.0,2255
1,     73450,20957,        4233001848,0.0,0.0
1,     73452,20958,        4233201848,0.0,0.0
1,     73454,20959,        4233401852,0.0,0.0
0,     73456,0,        4233436247,0.0,2454
0,     73458,0,        4233527800,0.0,224
1,     73460,20960,        4233601852,0.0,0.0
0,     73462,0,        4233738215,0.0,3443
1,     73464,20961,        4233801852,0.0,0.0
1,     73466,20962,        4234001856,0.0,0.0
0,     73468,0,        4234076326,0.0,4730
0,     73470,0,        4234174379,0.0,4638
0,     73472,0,        4234175743,0.0,700
1,     73474,20963,        4234201856,0.0,0.0
1,     73476,20964,        4234401856,0.0,0.0
1,     73478,20965,        4234601856,0.0,0.0
1,     73480,20966,        4234801860,0.0,0.0
0,     73482,0,        4234930616,0.0,4999
1,     73484,20967,        4235001860,0.0,0.0
1,     73486,20968,        4235201860,0.0,0.0
1,     73488,20969,        4235401864,0.0,0.0
1,     73490,20970,        4235601864,0.0,0.0
1,     73492,20971,        4235801864,0.0,0.0
1,     73494,20972,        4236001868,0.0,0.0
0,     73496,0,        4236190038,0.0,3572
1,     73498,20973,        4236201868,0.0,0.0
1,     73500,20974,        4236401868,0.0,0.0
0,     73502,0,        4236450276,0.0,2072
0,     73504,0,        4236534381,0.0,1748
0,     73506,0,        4236540771,0.0,2366
1,     73508,20975,        4236601868,0.0,0.0
0,     73510,0,        4236622760,0.0,3996
0,     73512,0,        4236661842,0.0,4038
0,     73514,0,        4236793352,0.0,2053
1,     73516,20976,        4236801872,0.0,0.0
1,     73518,20977,        4237001872,0.0,0.0
0,     73520,0,        4237040660,0.0,4120
1,     73522,20978,        4237201872,0.0,0.0
1,     73524,20979,        4237401876,0.0,0.0
1,     73526,20980,        4237601876,0.0,0.0
0,     73528,0,        4237647867,0.0,1803
0,     73530,0,        4237728702,0.0,4364
1,     73532,20981,        4237801876,0.0,0.0
1,     73534,20982,        4238001880,0.0,0.0
1,     73536,20983,        4238201880,0.0,0.0
1,     73538,20984,        4238401880,0.0,0.0
0,     73540,0,        4238473413,0.0,2712
0,     73542,0,        4238538172,0.0,2881
0,     73544,0,        4238580763,0.0,3594
1,     73546,20985,        4238601880,0.0,0.0
1,     73548,20986,        4238801884,0.0,0.0
0,     73550,0,        4238873851,0.0,3591
1,     73552,20987,        4239001884,0.0,0.0
0,     73554,0,        4239106149,0.0,3649
0,     73556,0,        4239133638,0.0,4915
1,     73558,20988,        4239201884,0.0,0.0
1,     73560,20989,        4239401888,0.0,0.0
0,     73562,0,        4239431881,0.0,1757
1,     73564,20990,        4239601888,0.0,0.0
1,     73566,20991,        4239801888,0.0,0.0
1,     73568,20992,        4240001892,0.0,0.0
0,     73570,0,        4240028181,0.0,41
0,     73572,0,        4240121113,0.0,3803
1,     73574,20993,        4240201892,0.0,0.0
1,     73576,20994,        4240401892,0.0,0.0
0,     73578,0,        4240549208,0.0,1998
1,     73580,20995,        4240601892,0.0,0.0
1,     73582,20996,        4240801896,0.0,0.0
1,     73584,20997,        4241001896,0.0,0.0
0,     73586,0,        4241153940,0.0,1900
1,     73588,20998,        4241201896,0.0,0.0
1,     73590,20999,        4241401900,0.0,0.0
0,     73592,0,        4241480037,0.0,3158
1,     73594,21000,        4241601900,0.0,0.0
1,     73596,21001,        4241801900,0.0,0.0
0,     73598,0,        4241914022,0.0,2623
0,     73599,0,        4241914283,0.0,5467
1,     73601,21002,        4242001904,0.0,0.0
1,     73603,21003,        4242201904,0.0,0.0
0,     73605,0,        4242356970,0.0,5347
1,     73607,21004,        4242401904,0.0,0.0
0,     73609,0,        4242554154,0.0,482
1,     73611,21005,        4242601904,0.0,0.0
0,     73613,0,        4242738886,0.0,4145
1,     73615,21006,        4242801908,0.0,0.0
1,     73617,21007,        4243001908,0.0,0.0
0,     73619,0,        4243074445,0.0,2395
1,     73621,21008,        4243201908,0.0,0.0
0,     73623,0,        4243320966,0.0,1820
1,     73625,21009,        4243401912,0.0,0.0
1,     73627,21010,        4243601912,0.0,0.0
0,     73629,0,        4243738215,0.0,4777
0,     73631,0,        4243795915,0.0,505
1,     73633,21011,        4243801912,0.0,0.0
1,     73635,21012,        4244001912,0.0,0.0
0,     73637,0,        4244173805,0.0,2529
1,     73639,21013,        4244201916,0.0,0.0
1,     73641,21014,        4244401916,0.0,0.0
1,     73643,21015,        4244601916,0.0,0.0
0,     73645,0,        4244639577,0.0,5
0,     73647,0,        4244648798,0.0,5869
1,     73649,21016,        4244801920,0.0,0.0
1,     73651,21017,        4245001920,0.0,0.0
0,     73653,0,        4245128397,0.0,4165
1,     73655,21018,        4245201920,0.0,0.0
0,     73657,0,        4245218148,0.0,610
1,     73659,21019,        4245401924,0.0,0.0
0,     73660,0,        4245401984,0.0,2191
1,     73662,21020,        4245601924,0.0,0.0
0,     73664,0,        4245656202,0.0,1443
1,     73666,21021,        4245801924,0.0,0.0
1,     73668,21022,        4246001924,0.0,0.0
0,     73670,0,        4246130035,0.0,5373
1,     73672,21023,        4246201928,0.0,0.0
1,     73674,21024,        4246401928,0.0,0.0
1,     73676,21025,        4246601928,0.0,0.0
1,     73678,21026,        4246801932,0.0,0.0
1,     73680,21027,        4247001932,0.0,0.0
1,     73682,21028,        4247201932,0.0,0.0
1,     73684,21029,        4247401936,0.0,0.0
0,     73686,0,        4247446800,0.0,1127
0,     73688,0,        4247540020,0.0,6165
1,     73690,21030,        4247601936,0.0,0.0
0,     73692,0,        4247715617,0.0,221
1,     73694,21031,        4247801936,0.0,0.0
0,     73696,0,        4247951573,0.0,2703
0,     73698,0,        4247988984,0.0,539
1,     73700,21032,        4248001936,0.0,0.0
0,     73702,0,        4248121360,0.0,5403
1,     73704,21033,        4248201940,0.0,0.0
0,     73706,0,        4248307725,0.0,5796
1,     73708,21034,        4248401940,0.0,0.0
0,     73710,0,        4248416873,0.0,4127
1,     73712,21035,        4248601940,0.0,0.0
0,     73714,0,        4248691346,0.0,3519
1,     73716,21036,        4248801944,0.0,0.0
0,     73718,0,        4248946339,0.0,831
1,     73720,21037,        4249001944,0.0,0.0
0,     73722,0,        4249073224,0.0,927
0,     73724,0,        4249158687,0.0,1637
1,     73726,21038,        4249201944,0.0,0.0
0,     73728,0,        4249324444,0.0,3621
1,     73730,21039,        4249401948,0.0,0.0
0,     73732,0,        4249523367,0.0,3951
1,     73734,21040,        4249601948,0.0,0.0
1,     73736,21041,        4249801948,0.0,0.0
1,     73738,21042,        4250001948,0.0,0.0
0,     73740,0,        4250008234,0.0,94
0,     73742,0,        4250009326,0.0,5470
1,     73744,21043,        4250201952,0.0,0.0
0,     73746,0,        4250302160,0.0,1244
0,     73748,0,        4250338206,0.0,1968
0,     73750,0,        4250399307,0.0,5733
1,     73752,21044,        4250401952,0.0,0.0
0,     73754,0,        4250566992,0.0,2057
1,     73756,21045,        4250601952,0.0,0.0
0,     73758,0,        4250736859,0.0,822
1,     73760,21046,        4250801956,0.0,0.0
0,     73762,0,        4250808533,0.0,5764
0,     73764,0,        4250852326,0.0,3582
1,     73766,21047,        4251001956,0.0,0.0
0,     73768,0,        4251005655,0.0,2564
0,     73770,0,        4251029255,0.0,1841
0,     73772,0,        4251089154,0.0,4342
0,     73774,0,        4251092795,0.0,3119
1,     73776,21048,        4251201956,0.0,0.0
0,     73778,0,        4251315263,0.0,2753
1,     73780,21049,        4251401956,0.0,0.0
0,     73782,0,        4251525339,0.0,4810
1,     73784,21050,        4251601960,0.0,0.0
0,     73786,0,        4251769444,0.0,3918
1,     73788,21051,        4251801960,0.0,0.0
0,     73790,0,        4251861438,0.0,617
1,     73792,21052,        4252001960,0.0,0.0
1,     73794,21053,        4252201964,0.0,0.0
1,     73796,21054,        4252401964,0.0,0.0
1,     73798,21055,        4252601964,0.0,0.0
0,     73800,0,        4252641307,0.0,1559
0,     73802,0,        4252800623,0.0,2327
1,     73804,21056,        4252801968,0.0,0.0
1,     73806,21057,        4253001968,0.0,0.0
0,     73808,0,        4253156834,0.0,2359
1,     73810,21058,        4253201968,0.0,0.0
0,     73812,0,        4253312999,0.0,713
1,     73814,21059,        4253401968,0.0,0.0
0,     73816,0,        4253429609,0.0,6109
0,     73818,0,        4253525102,0.0,2701
0,     73820,0,        4253552641,0.0,1907
0,     73822,0,        4253556651,0.0,2398
1,     73824,21060,        4253601972,0.0,0.0
1,     73826,21061,        4253801972,0.0,0.0
1,     73828,21062,        4254001972,0.0,0.0
1,     73830,21063,        4254201976,0.0,0.0
0,     73832,0,        4254350938,0.0,784
1,     73834,21064,        4254401976,0.0,0.0
0,     73836,0,        4254562573,0.0,638
1,     73838,21065,        4254601976,0.0,0.0
1,     73840,21066,        4254801980,0.0,0.0
0,     73842,0,        4254850494,0.0,5646
0,     73843,0,        4254850731,0.0,5764
0,     73844,0,        4254850734,0.0,2718
0,     73846,0,        4254912604,0.0,4498
0,     73848,0,        4254980658,0.0,2016
1,     73850,21067,        4255001980,0.0,0.0
0,     73852,0,        4255102230,0.0,630
0,     73854,0,        4255105390,0.0,1781
1,     73856,21068,        4255201980,0.0,0.0
1,     73858,21069,        4255401980,0.0,0.0
1,     73860,21070,        4255601984,0.0,0.0
1,     73862,21071,        4255801984,0.0,0.0
1,     73864,21072,        4256001984,0.0,0.0
0,     73866,0,        4256183711,0.0,4540
1,     73868,21073,        4256201988,0.0,0.0
1,     73870,21074,        4256401988,0.0,0.0
1,     73872,21075,        4256601988,0.0,0.0
1,     73874,21076,        4256801992,0.0,0.0
0,     73876,0,        4256840104,0.0,4283
0,     73878,0,        4256856260,0.0,3663
1,     73880,21077,        4257001992,0.0,0.0
1,     73882,21078,        4257201992,0.0,0.0
1,     73884,21079,        4257401992,0.0,0.0
1,     73886,21080,        4257601996,0.0,0.0
1,     73888,21081,        4257801996,0.0,0.0
1,     73890,21082,        4258001996,0.0,0.0
1,     73892,21083,        4258202000,0.0,0.0
1,     73894,21084,        4258402000,0.0,0.0
1,     73896,21085,        4258602000,0.0,0.0
1,     73898,21086,        4258802004,0.0,0.0
0,     73900,0,        4258910280,0.0,5311
1,     73902,21087,        4259002004,0.0,0.0
0,     73904,0,        4259006017,0.0,3627
0,     73906,0,        4259096495,0.0,2628
1,     73908,21088,        4259202004,0.0,0.0
1,     73910,21089,        4259402004,0.0,0.0
1,     73912,21090,        4259602008,0.0,0.0
0,     73914,0,        4259777655,0.0,2972
1,     73916,21091,        4259802008,0.0,0.0
0,     73918,0,        4259973083,0.0,747
0,     73920,0,        4259986039,0.0,785
1,     73922,21092,        4260002008,0.0,0.0
1,     73924,21093,        4260202012,0.0,0.0
0,     73926,0,        4260396230,0.0,2409
1,     73928,21094,        4260402012,0.0,0.0
0,     73930,0,        4260408137,0.0,1688
0,     73932,0,        4260430283,0.0,4809
0,     73934,0,        4260530678,0.0,3177
1,     73936,21095,        4260602012,0.0,0.0
1,     73938,21096,        4260802012,0.0,0.0
0,     73940,0,        4260889177,0.0,5846
0,     73942,0,        4260932029,0.0,4139
1,     73944,21097,        4261002016,0.0,0.0
0,     73946,0,        4261168295,0.0,5831
1,     73948,21098,        4261202016,0.0,0.0
0,     73950,0,        4261338747,0.0,3267
0,     73951,0,        4261338934,0.0,411
0,     73953,0,        4261365816,0.0,3133
1,     73955,21099,        4261402016,0.0,0.0
0,     73957,0,        4261460033,0.0,2026
1,     73959,21100,        4261602020,0.0,0.0
0,     73961,0,        4261767120,0.0,1224
1,     73963,21101,        4261802020,0.0,0.0
1,     73965,21102,        4262002020,0.0,0.0
0,     73967,0,        4262067100,0.0,6125
0,     73969,0,        4262088638,0.0,4415
1,     73971,21103,        4262202024,0.0,0.0
0,     73973,0,        4262345713,0.0,2199
1,     73975,21104,        4262402024,0.0,0.0
1,     73977,21105,        4262602024,0.0,0.0
0,     73979,0,        4262713661,0.0,3658
1,     73981,21106,        4262802024,0.0,0.0
1,     73983,21107,        4263002028,0.0,0.0
1,     73985,21108,        4263202028,0.0,0.0
0,     73987,0,        4263237220,0.0,486
1,     73989,21109,        4263402028,0.0,0.0
0,     73991,0,        4263456086,0.0,865
1,     73993,21110,        4263602032,0.0,0.0
1,     73995,21111,        4263802032,0.0,0.0
1,     73997,21112,        4264002032,0.0,0.0
1,     73999,21113,        4264202036,0.0,0.0
0,     74001,0,        4264310248,0.0,1740
1,     74003,21114,        4264402036,0.0,0.0
0,     74005,0,        4264495106,0.0,925
1,     74007,21115,        4264602036,0.0,0.0
1,     74009,21116,        4264802036,0.0,0.0
1,     74011,21117,        4265002040,0.0,0.0
1,     74013,21118,        4265202040,0.0,0.0
1,     74015,21119,        4265402040,0.0,0.0
0,     74017,0,        4265495106,0.0,993
1,     74019,21120,        4265602044,0.0,0.0
1,     74021,21121,        4265802044,0.0,0.0
1,     74023,21122,        4266002044,0.0,0.0
0,     74025,0,        4266042872,0.0,2478
0,     74027,0,        4266082650,0.0,3468
1,     74029,21123,        4266202048,0.0,0.0
1,     74031,21124,        4266402048,0.0,0.0
0,     74033,0,        4266548636,0.0,1661
0,     74034,0,        4266548639,0.0,5590
1,     74036,21125,        4266602048,0.0,0.0
1,     74038,21126,        4266802048,0.0,0.0
1,     74040,21127,        4267002052,0.0,0.0
1,     74042,21128,        4267202052,0.0,0.0
1,     74044,21129,        4267402052,0.0,0.0
1,     74046,21130,        4267602056,0.0,0.0
1,     74048,21131,        4267802056,0.0,0.0
0,     74050,0,        4267921720,0.0,3311
1,     74052,21132,        4268002056,0.0,0.0
1,     74054,21133,        4268202056,0.0,0.0
0,     74056,0,        4268258209,0.0,514
1,     74058,21134,        4268402060,0.0,0.0
0,     74060,0,        4268411284,0.0,3754
1,     74062,21135,        4268602060,0.0,0.0
0,     74064,0,        4268635716,0.0,5479
1,     74066,21136,        4268802060,0.0,0.0
1,     74068,21137,        4269002064,0.0,0.0
0,     74070,0,        4269050155,0.0,4741
1,     74072,21138,        4269202064,0.0,0.0
0,     74074,0,        4269227000,0.0,4743
0,     74076,0,        4269397444,0.0,4924
1,     74078,21139,        4269402064,0.0,0.0
1,     74080,21140,        4269602068,0.0,0.0
1,     74082,21141,        4269802068,0.0,0.0
0,     74084,0,        4269945745,0.0,2823
1,     74086,21142,        4270002068,0.0,0.0
0,     74088,0,        4270155115,0.0,2425
1,     74090,21143,        4270202068,0.0,0.0
0,     74092,0,        4270311180,0.0,778
0,     74094,0,        4270401686,0.0,2473
1,     74095,21144,        4270402072,0.0,0.0
1,     74097,21145,        4270602072,0.0,0.0
1,     74099,21146,        4270802072,0.0,0.0
0,     74101,0,        4270815455,0.0,4050
1,     74103,21147,        4271002076,0.0,0.0
0,     74105,0,        4271068156,0.0,855
0,     74107,0,        4271190093,0.0,4068
1,     74109,21148,        4271202076,0.0,0.0
1,     74111,21149,        4271402076,0.0,0.0
1,     74113,21150,        4271602080,0.0,0.0
0,     74115,0,        4271743454,0.0,1964
1,     74117,21151,        4271802080,0.0,0.0
0,     74119,0,        4271878263,0.0,3821
0,     74121,0,        4271907903,0.0,2256
1,     74123,21152,        4272002080,0.0,0.0
1,     74125,21153,        4272202080,0.0,0.0
0,     74127,0,        4272293253,0.0,3238
1,     74129,21154,        4272402084,0.0,0.0
0,     74131,0,        4272453891,0.0,998
1,     74133,21155,        4272602084,0.0,0.0
1,     74135,21156,        4272802084,0.0,0.0
1,     74137,21157,        4273002088,0.0,0.0
1,     74139,21158,        4273202088,0.0,0.0
0,     74141,0,        4273301397,0.0,3335
1,     74143,21159,        4273402088,0.0,0.0
0,     74145,0,        4273445117,0.0,2532
0,     74146,0,        4273445121,0.0,4019
1,     74148,21160,        4273602092,0.0,0.0
1,     74150,21161,        4273802092,0.0,0.0
0,     74152,0,        4273805691,0.0,5907
0,     74154,0,        4273868737,0.0,3527
0,     74156,0,        4273969186,0.0,5569
1,     74158,21162,        4274002092,0.0,0.0
0,     74160,0,        4274033878,0.0,5792
0,     74162,0,        4274052191,0.0,2640
0,     74164,0,        4274166042,0.0,2069
1,     74166,21163,        4274202092,0.0,0.0
1,     74168,21164,        4274402096,0.0,0.0
1,     74170,21165,        4274602096,0.0,0.0
0,     74172,0,        4274673175,0.0,3927
0,     74174,0,        4274783802,0.0,4784
1,     74176,21166,        4274802096,0.0,0.0
1,     74178,21167,        4275002100,0.0,0.0
1,     74180,21168,        4275202100,0.0,0.0
0,     74182,0,        4275208203,0.0,2453
1,     74184,21169,        4275402100,0.0,0.0
1,     74186,21170,        4275602104,0.0,0.0
1,     74188,21171,        4275802104,0.0,0.0
1,     74190,21172,        4276002104,0.0,0.0
1,     74192,21173,        4276202104,0.0,0.0
1,     74194,21174,        4276402108,0.0,0.0
1,     74196,21175,        4276602108,0.0,0.0
0,     74198,0,        4276714577,0.0,1575
1,     74200,21176,        4276802108,0.0,0.0
0,     74202,0,        4276808233,0.0,6166
0,     74204,0,        4276843934,0.0,1363
1,     74206,21177,        4277002112,0.0,0.0
1,     74208,21178,        4277202112,0.0,0.0
0,     74210,0,        4277355505,0.0,690
1,     74212,21179,        4277402112,0.0,0.0
0,     74214,0,        4277472416,0.0,2932
1,     74216,21180,        4277602116,0.0,0.0
0,     74218,0,        4277775655,0.0,5547
1,     74220,21181,        4277802116,0.0,0.0
1,     74222,21182,        4278002116,0.0,0.0
1,     74224,21183,        4278202116,0.0,0.0
1,     74226,21184,        4278402120,0.0,0.0
0,     74228,0,        4278520217,0.0,2713
1,     74230,21185,        4278602120,0.0,0.0
0,     74232,0,        4278764948,0.0,2153
1,     74234,21186,        4278802120,0.0,0.0
1,     74236,21187,        4279002124,0.0,0.0
1,     74238,21188,        4279202124,0.0,0.0
0,     74240,0,        4279211571,0.0,3490
0,     74242,0,        4279294236,0.0,5838
1,     74244,21189,        4279402124,0.0,0.0
0,     74246,0,        4279572290,0.0,905
1,     74248,21190,        4279602124,0.0,0.0
1,     74250,21191,        4279802128,0.0,0.0
0,     74252,0,        4279863024,0.0,3256
1,     74254,21192,        4280002128,0.0,0.0
1,     74256,21193,        4280202128,0.0,0.0
0,     74258,0,        4280237104,0.0,5441
0,     74260,0,        4280364170,0.0,4406
1,     74262,21194,        4280402132,0.0,0.0
0,     74264,0,        4280448480,0.0,907
1,     74266,21195,        4280602132,0.0,0.0
1,     74268,21196,        4280802132,0.0,0.0
1,     74270,21197,        4281002136,0.0,0.0
0,     74272,0,        4281047506,0.0,6054
0,     74274,0,        4281143363,0.0,3630
1,     74276,21198,        4281202136,0.0,0.0
0,     74278,0,        4281242843,0.0,3709
0,     74280,0,        4281398240,0.0,2064
1,     74282,21199,        4281402136,0.0,0.0
1,     74284,21200,        4281602136,0.0,0.0
1,     74286,21201,        4281802140,0.0,0.0
1,     74288,21202,        4282002140,0.0,0.0
0,     74290,0,        4282130638,0.0,4956
1,     74292,21203,        4282202140,0.0,0.0
1,     74294,21204,        4282402144,0.0,0.0
0,     74296,0,        4282467968,0.0,4645
1,     74298,21205,        4282602144,0.0,0.0
1,     74300,21206,        4282802144,0.0,0.0
1,     74302,21207,        4283002148,0.0,0.0
1,     74304,21208,        4283202148,0.0,0.0
0,     74306,0,        4283277536,0.0,4931
1,     74308,21209,        4283402148,0.0,0.0
0,     74310,0,        4283573935,0.0,627
1,     74312,21210,        4283602148,0.0,0.0
0,     74314,0,        4283707606,0.0,2768
1,     74316,21211,        4283802152,0.0,0.0
1,     74318,21212,        4284002152,0.0,0.0
0,     74320,0,        4284133188,0.0,313
1,     74322,21213,        4284202152,0.0,0.0
0,     74324,0,        4284371318,0.0,5650
0,     74326,0,        4284389382,0.0,5230
1,     74328,21214,        4284402156,0.0,0.0
0,     74330,0,        4284410275,0.0,2930
0,     74332,0,        4284492379,0.0,3628
1,     74334,21215,        4284602156,0.0,0.0
1,     74336,21216,        4284802156,0.0,0.0
0,     74338,0,        4284805888,0.0,492
0,     74340,0,        4284880729,0.0,2939
0,     74342,0,        4284929559,0.0,5023
0,     74344,0,        4284970805,0.0,1274
1,     74346,21217,        4285002160,0.0,0.0
0,     74348,0,        4285131408,0.0,845
0,     74350,0,        4285143173,0.0,6250
0,     74352,0,        4285153657,0.0,1164
1,     74354,21218,        4285202160,0.0,0.0
0,     74356,0,        4285381215,0.0,2934
1,     74358,21219,        4285402160,0.0,0.0
0,     74360,0,        4285453465,0.0,1980
1,     74362,21220,        4285602160,0.0,0.0
1,     74364,21221,        4285802164,0.0,0.0
0,     74366,0,        4285872728,0.0,3434
1,     74368,21222,        4286002164,0.0,0.0
0,     74370,0,        4286059359,0.0,3038
0,     74372,0,        4286059599,0.0,3374
0,     74374,0,        4286159333,0.0,912
1,     74376,21223,        4286202164,0.0,0.0
0,     74378,0,        4286312984,0.0,5380
1,     74380,21224,        4286402168,0.0,0.0
0,     74382,0,        4286587952,0.0,3739
1,     74384,21225,        4286602168,0.0,0.0
0,     74386,0,        4286606581,0.0,6001
0,     74388,0,        4286673771,0.0,2415
0,     74390,0,        4286765848,0.0,2172
0,     74392,0,        4286778028,0.0,166
1,     74394,21226,        4286802168,0.0,0.0
0,     74396,0,        4286950012,0.0,2139
0,     74398,0,        4286997810,0.0,6043
1,     74400,21227,        4287002172,0.0,0.0
1,     74402,21228,        4287202172,0.0,0.0
1,     74404,21229,        4287402172,0.0,0.0
1,     74406,21230,        4287602172,0.0,0.0
1,     74408,21231,        4287802176,0.0,0.0
0,     74410,0,        4287894846,0.0,1998
1,     74412,21232,        4288002176,0.0,0.0
0,     74414,0,        4288029137,0.0,2957
1,     74416,21233,        4288202176,0.0,0.0
1,     74418,21234,        4288402180,0.0,0.0
0,     74420,0,        4288500136,0.0,5074
1,     74422,21235,        4288602180,0.0,0.0
0,     74424,0,        4288702467,0.0,3382
1,     74426,21236,        4288802180,0.0,0.0
0,     74428,0,        4288928066,0.0,3387
1,     74430,21237,        4289002180,0.0,0.0
0,     74432,0,        4289201298,0.0,5556
1,     74434,21238,        4289202184,0.0,0.0
1,     74436,21239,        4289402184,0.0,0.0
0,     74438,0,        4289442194,0.0,3950
0,     74440,0,        4289462371,0.0,4460
0,     74442,0,        4289580176,0.0,3351
1,     74444,21240,        4289602184,0.0,0.0
0,     74446,0,        4289628697,0.0,3546
1,     74448,21241,        4289802188,0.0,0.0
1,     74450,21242,        4290002188,0.0,0.0
0,     74452,0,        4290200055,0.0,1903
1,     74454,21243,        4290202188,0.0,0.0
1,     74456,21244,        4290402192,0.0,0.0
1,     74458,21245,        4290602192,0.0,0.0
0,     74460,0,        4290653227,0.0,1150
1,     74462,21246,        4290802192,0.0,0.0
0,     74464,0,        4290841114,0.0,6192
0,     74466,0,        4290915037,0.0,293
1,     74468,21247,        4291002192,0.0,0.0
0,     74470,0,        4291044733,0.0,5242
1,     74472,21248,        4291202196,0.0,0.0
0,     74474,0,        4291298585,0.0,3354
1,     74476,21249,        4291402196,0.0,0.0
0,     74478,0,        4291459053,0.0,4173
1,     74480,21250,        4291602196,0.0,0.0
1,     74482,21251,        4291802200,0.0,0.0
1,     74484,21252,        4292002200,0.0,0.0
1,     74486,21253,        4292202200,0.0,0.0
0,     74488,0,        4292260575,0.0,5511
1,     74490,21254,        4292402204,0.0,0.0
1,     74492,21255,        4292602204,0.0,0.0
1,     74494,21256,        4292802204,0.0,0.0
1,     74496,21257,        4293002204,0.0,0.0
0,     74498,0,        4293048786,0.0,4062
1,     74500,21258,        4293202208,0.0,0.0
1,     74502,21259,        4293402208,0.0,0.0
1,     74504,21260,        4293602208,0.0,0.0
1,     74506,21261,        4293802212,0.0,0.0
1,     74508,21262,        4294002212,0.0,0.0
0,     74510,0,        4294131314,0.0,3510
1,     74512,21263,        4294202212,0.0,0.0
0,     74514,0,        4294384247,0.0,5310
0,     74515,0,        4294384407,0.0,275
1,     74517,21264,        4294402212,0.0,0.0
0,     74519,0,        4294447105,0.0,4860
1,     74521,21265,        4294602216,0.0,0.0
0,     74523,0,        4294623097,0.0,1864
0,     74525,0,        4294721184,0.0,5621
1,     74527,21266,        4294802216,0.0,0.0
1,     74529,21267,        4295002216,0.0,0.0
1,     74531,21268,        4295202220,0.0,0.0
0,     74533,0,        4295363816,0.0,16
1,     74535,21269,        4295402220,0.0,0.0
0,     74537,0,        4295545775,0.0,920
1,     74539,21270,        4295602220,0.0,0.0
1,     74541,21271,        4295802224,0.0,0.0
1,     74543,21272,        4296002224,0.0,0.0
1,     74545,21273,        4296202224,0.0,0.0
1,     74547,21274,        4296402224,0.0,0.0
1,     74549,21275,        4296602228,0.0,0.0
0,     74551,0,        4296603367,0.0,1099
1,     74553,21276,        4296802228,0.0,0.0
0,     74555,0,        4296981951,0.0,1830
1,     74557,21277,        4297002228,0.0,0.0
0,     74559,0,        4297020755,0.0,1610
1,     74561,21278,        4297202232,0.0,0.0
1,     74563,21279,        4297402232,0.0,0.0
1,     74565,21280,        4297602232,0.0,0.0
0,     74567,0,        4297748829,0.0,1680
1,     74569,21281,        4297802236,0.0,0.0
0,     74571,0,        4297977466,0.0,4399
1,     74573,21282,        4298002236,0.0,0.0
1,     74575,21283,        4298202236,0.0,0.0
1,     74577,21284,        4298402236,0.0,0.0
0,     74579,0,        4298406348,0.0,2613
1,     74581,21285,        4298602240,0.0,0.0
1,     74583,21286,        4298802240,0.0,0.0
1,     74585,21287,        4299002240,0.0,0.0
1,     74587,21288,        4299202244,0.0,0.0
1,     74589,21289,        4299402244,0.0,0.0
0,     74591,0,        4299460469,0.0,5699
1,     74593,21290,        4299602244,0.0,0.0
1,     74595,21291,        4299802248,0.0,0.0
1,     74597,21292,        4300002248,0.0,0.0
0,     74599,0,        4300091377,0.0,3207
1,     74601,21293,        4300202248,0.0,0.0
1,     74603,21294,        4300402248,0.0,0.0
1,     74605,21295,        4300602252,0.0,0.0
1,     74607,21296,        4300802252,0.0,0.0
1,     74609,21297,        4301002252,0.0,0.0
0,     74611,0,        4301035634,0.0,6133
1,     74613,21298,        4301202256,0.0,0.0
1,     74615,21299,        4301402256,0.0,0.0
0,     74617,0,        4301461958,0.0,3069
1,     74619,21300,        4301602256,0.0,0.0
1,     74621,21301,        4301802260,0.0,0.0
0,     74623,0,        4301940103,0.0,1895
1,     74625,21302,        4302002260,0.0,0.0
1,     74627,21303,        4302202260,0.0,0.0
1,     74629,21304,        4302402260,0.0,0.0
1,     74631,21305,        4302602264,0.0,0.0
1,     74633,21306,        4302802264,0.0,0.0
1,     74635,21307,        4303002264,0.0,0.0
0,     74637,0,        4303036644,0.0,4427
1,     74639,21308,        4303202268,0.0,0.0
0,     74641,0,        4303239973,0.0,1599
1,     74643,21309,        4303402268,0.0,0.0
1,     74645,21310,        4303602268,0.0,0.0
1,     74647,21311,        4303802272,0.0,0.0
1,     74649,21312,        4304002272,0.0,0.0
0,     74651,0,        4304069213,0.0,3429
1,     74653,21313,        4304202272,0.0,0.0
1,     74655,21314,        4304402272,0.0,0.0
0,     74657,0,        4304463836,0.0,4239
1,     74659,21315,        4304602276,0.0,0.0
0,     74661,0,        4304739759,0.0,5320
0,     74663,0,        4304780673,0.0,5838
1,     74665,21316,        4304802276,0.0,0.0
0,     74667,0,        4304824463,0.0,2590
0,     74669,0,        4304858432,0.0,5607
1,     74671,21317,        4305002276,0.0,0.0
1,     74673,21318,        4305202280,0.0,0.0
1,     74675,21319,        4305402280,0.0,0.0
0,     74676,0,        4305402662,0.0,370
0,     74678,0,        4305467081,0.0,1611
1,     74680,21320,        4305602280,0.0,0.0
1,     74682,21321,        4305802280,0.0,0.0
0,     74684,0,        4305852392,0.0,6210
1,     74686,21322,        4306002284,0.0,0.0
0,     74688,0,        4306172294,0.0,4087
1,     74690,21323,        4306202284,0.0,0.0
1,     74692,21324,        4306402284,0.0,0.0
0,     74694,0,        4306407236,0.0,5167
1,     74696,21325,        4306602288,0.0,0.0
0,     74698,0,        4306715253,0.0,3360
1,     74700,21326,        4306802288,0.0,0.0
1,     74702,21327,        4307002288,0.0,0.0
1,     74704,21328,        4307202292,0.0,0.0
0,     74706,0,        4307241965,0.0,4882
1,     74708,21329,        4307402292,0.0,0.0
1,     74710,21330,        4307602292,0.0,0.0
0,     74712,0,        4307662374,0.0,4710
1,     74714,21331,        4307802292,0.0,0.0
0,     74716,0,        4307911949,0.0,2893
1,     74718,21332,        4308002296,0.0,0.0
1,     74720,21333,        4308202296,0.0,0.0
0,     74722,0,        4308292410,0.0,5665
1,     74724,21334,        4308402296,0.0,0.0
0,     74726,0,        4308463684,0.0,2337
0,     74727,0,        4308463895,0.0,4327
0,     74729,0,        4308522944,0.0,5642
0,     74731,0,        4308554701,0.0,168
1,     74733,21335,        4308602300,0.0,0.0
0,     74735,0,        4308633326,0.0,5806
0,     74737,0,        4308769961,0.0,4198
1,     74739,21336,        4308802300,0.0,0.0
0,     74741,0,        4308941590,0.0,1019
1,     74743,21337,        4309002300,0.0,0.0
1,     74745,21338,        4309202304,0.0,0.0
0,     74747,0,        4309206975,0.0,1542
0,     74749,0,        4309332357,0.0,325
1,     74751,21339,        4309402304,0.0,0.0
0,     74753,0,        4309554857,0.0,820
1,     74755,21340,        4309602304,0.0,0.0
0,     74757,0,        4309615118,0.0,2969
1,     74759,21341,        4309802304,0.0,0.0
1,     74761,21342,        4310002308,0.0,0.0
0,     74763,0,        4310043590,0.0,1710
1,     74765,21343,        4310202308,0.0,0.0
1,     74767,21344,        4310402308,0.0,0.0
1,     74769,21345,        4310602312,0.0,0.0
1,     74771,21346,        4310802312,0.0,0.0
1,     74773,21347,        4311002312,0.0,0.0
0,     74775,0,        4311038823,0.0,4831
0,     74777,0,        4311072501,0.0,4124
1,     74779,21348,        4311202316,0.0,0.0
1,     74781,21349,        4311402316,0.0,0.0
0,     74783,0,        4311409639,0.0,1138
0,     74785,0,        4311467096,0.0,3335
1,     74787,21350,        4311602316,0.0,0.0
1,     74789,21351,        4311802316,0.0,0.0
1,     74791,21352,        4312002320,0.0,0.0
1,     74793,21353,        4312202320,0.0,0.0
0,     74794,0,        4312202501,0.0,609
0,     74796,0,        4312215051,0.0,2001
0,     74798,0,        4312353026,0.0,5959
1,     74800,21354,        4312402320,0.0,0.0
1,     74802,21355,        4312602324,0.0,0.0
1,     74804,21356,        4312802324,0.0,0.0
0,     74806,0,        4312868904,0.0,1335
0,     74808,0,        4312917527,0.0,984
0,     74810,0,        4312935211,0.0,960
1,     74812,21357,        4313002324,0.0,0.0
0,     74814,0,        4313005074,0.0,2895
0,     74816,0,        4313058702,0.0,3352
0,     74818,0,        4313060733,0.0,136
1,     74820,21358,        4313202328,0.0,0.0
1,     74822,21359,        4313402328,0.0,0.0
1,     74824,21360,        4313602328,0.0,0.0
1,     74826,21361,        4313802328,0.0,0.0
0,     74828,0,        4313807827,0.0,2734
0,     74830,0,        4313949125,0.0,3685
1,     74832,21362,        4314002332,0.0,0.0
1,     74834,21363,        4314202332,0.0,0.0
0,     74836,0,        4314350330,0.0,5165
0,     74838,0,        4314353203,0.0,4644
1,     74840,21364,        4314402332,0.0,0.0
1,     74842,21365,        4314602336,0.0,0.0
1,     74844,21366,        4314802336,0.0,0.0
1,     74846,21367,        4315002336,0.0,0.0
1,     74848,21368,        4315202336,0.0,0.0
1,     74850,21369,        4315402340,0.0,0.0
0,     74852,0,        4315427999,0.0,3030
0,     74854,0,        4315507295,0.0,657
1,     74856,21370,        4315602340,0.0,0.0
0,     74858,0,        4315619173,0.0,569
0,     74860,0,        4315777355,0.0,1190
1,     74862,21371,        4315802340,0.0,0.0
1,     74864,21372,        4316002344,0.0,0.0
1,     74866,21373,        4316202344,0.0,0.0
0,     74868,0,        4316372605,0.0,1283
1,     74870,21374,        4316402344,0.0,0.0
0,     74872,0,        4316568563,0.0,3900
1,     74874,21375,        4316602348,0.0,0.0
0,     74876,0,        4316719302,0.0,1655
1,     74878,21376,        4316802348,0.0,0.0
1,     74880,21377,        4317002348,0.0,0.0
1,     74882,21378,        4317202348,0.0,0.0
0,     74884,0,        4317300392,0.0,2628
0,     74886,0,        4317363846,0.0,763
1,     74888,21379,        4317402352,0.0,0.0
1,     74890,21380,        4317602352,0.0,0.0
1,     74892,21381,        4317802352,0.0,0.0
1,     74894,21382,        4318002356,0.0,0.0
1,     74896,21383,        4318202356,0.0,0.0
1,     74898,21384,        4318402356,0.0,0.0
0,     74900,0,        4318577825,0.0,4830
1,     74902,21385,        4318602360,0.0,0.0
1,     74904,21386,        4318802360,0.0,0.0
1,     74906,21387,        4319002360,0.0,0.0
0,     74908,0,        4319021104,0.0,1670
0,     74910,0,        4319125730,0.0,2775
1,     74912,21388,        4319202360,0.0,0.0
0,     74914,0,        4319348090,0.0,3769
1,     74916,21389,        4319402364,0.0,0.0
0,     74918,0,        4319480452,0.0,619
1,     74920,21390,        4319602364,0.0,0.0
1,     74922,21391,        4319802364,0.0,0.0
1,     74924,21392,        4320002368,0.0,0.0
1,     74926,21393,        4320202368,0.0,0.0
1,     74928,21394,        4320402368,0.0,0.0
0,     74930,0,        4320449437,0.0,2215
1,     74932,21395,        4320602372,0.0,0.0
1,     74934,21396,        4320802372,0.0,0.0
1,     74936,21397,        4321002372,0.0,0.0
0,     74938,0,        4321089209,0.0,3631
1,     74940,21398,        4321202372,0.0,0.0
0,     74942,0,        4321332199,0.0,878
1,     74944,21399,        4321402376,0.0,0.0
1,     74946,21400,        4321602376,0.0,0.0
1,     74948,21401,        4321802376,0.0,0.0
1,     74950,21402,        4322002380,0.0,0.0
0,     74952,0,        4322189736,0.0,911
1,     74954,21403,        4322202380,0.0,0.0
0,     74956,0,        4322275577,0.0,2128
1,     74958,21404,        4322402380,0.0,0.0
0,     74960,0,        4322528948,0.0,3852
1,     74962,21405,        4322602384,0.0,0.0
0,     74964,0,        4322745699,0.0,2883
1,     74966,21406,        4322802384,0.0,0.0
0,     74968,0,        4322992788,0.0,320
1,     74970,21407,        4323002384,0.0,0.0
0,     74972,0,        4323108836,0.0,180
0,     74973,0,        4323108843,0.0,3203
1,     74975,21408,        4323202384,0.0,0.0
1,     74977,21409,        4323402388,0.0,0.0
0,     74979,0,        4323502303,0.0,1539
1,     74981,21410,        4323602388,0.0,0.0
0,     74983,0,        4323626177,0.0,2335
1,     74985,21411,        4323802388,0.0,0.0
1,     74987,21412,        4324002392,0.0,0.0
1,     74989,21413,        4324202392,0.0,0.0
0,     74991,0,        4324392477,0.0,989
1,     74993,21414,        4324402392,0.0,0.0
1,     74995,21415,        4324602392,0.0,0.0
0,     74997,0,        4324795166,0.0,1067
1,     74999,21416,        4324802396,0.0,0.0
0,     75001,0,        4324829811,0.0,981
1,     75003,21417,        4325002396,0.0,0.0
1,     75005,21418,        4325202396,0.0,0.0
1,     75007,21419,        4325402400,0.0,0.0
0,     75009,0,        4325593142,0.0,3778
1,     75011,21420,        4325602400,0.0,0.0
0,     75013,0,        4325604687,0.0,1262
0,     75015,0,        4325608534,0.0,4179
1,     75017,21421,        4325802400,0.0,0.0
1,     75019,21422,        4326002404,0.0,0.0
1,     75021,21423,        4326202404,0.0,0.0
0,     75023,0,        4326399783,0.0,3714
1,     75025,21424,        4326402404,0.0,0.0
0,     75027,0,        4326498774,0.0,1981
1,     75029,21425,        4326602404,0.0,0.0
0,     75031,0,        4326629877,0.0,3874
0,     75033,0,        4326694064,0.0,268
1,     75035,21426,        4326802408,0.0,0.0
0,     75037,0,        4326975083,0.0,3132
1,     75039,21427,        4327002408,0.0,0.0
1,     75041,21428,        4327202408,0.0,0.0
0,     75043,0,        4327399354,0.0,3361
0,     75045,0,        4327399949,0.0,705
1,     75047,21429,        4327402412,0.0,0.0
1,     75049,21430,        4327602412,0.0,0.0
0,     75051,0,        4327711037,0.0,4938
0,     75053,0,        4327769743,0.0,2508
1,     75055,21431,        4327802412,0.0,0.0
1,     75057,21432,        4328002416,0.0,0.0
0,     75059,0,        4328021779,0.0,6223
0,     75061,0,        4328030103,0.0,3739
0,     75063,0,        4328080732,0.0,508
0,     75065,0,        4328175184,0.0,4062
0,     75067,0,        4328201059,0.0,2828
1,     75069,21433,        4328202416,0.0,0.0
0,     75071,0,        4328349343,0.0,1571
1,     75073,21434,        4328402416,0.0,0.0
1,     75075,21435,        4328602416,0.0,0.0
0,     75077,0,        4328721712,0.0,3720
1,     75079,21436,        4328802420,0.0,0.0
1,     75081,21437,        4329002420,0.0,0.0
1,     75083,21438,        4329202420,0.0,0.0
0,     75085,0,        4329289876,0.0,1691
0,     75086,0,        4329290215,0.0,2125
1,     75088,21439,        4329402424,0.0,0.0
1,     75090,21440,        4329602424,0.0,0.0
1,     75092,21441,        4329802424,0.0,0.0
1,     75094,21442,        4330002428,0.0,0.0
1,     75096,21443,        4330202428,0.0,0.0
1,     75098,21444,        4330402428,0.0,0.0
1,     75100,21445,        4330602428,0.0,0.0
1,     75102,21446,        4330802432,0.0,0.0
0,     75104,0,        4330825202,0.0,3246
0,     75106,0,        4330874564,0.0,2216
1,     75108,21447,        4331002432,0.0,0.0
1,     75110,21448,        4331202432,0.0,0.0
0,     75112,0,        4331277824,0.0,110
0,     75114,0,        4331371559,0.0,3593
1,     75116,21449,        4331402436,0.0,0.0
1,     75118,21450,        4331602436,0.0,0.0
0,     75120,0,        4331761161,0.0,3523
1,     75122,21451,        4331802436,0.0,0.0
1,     75124,21452,        4332002436,0.0,0.0
1,     75126,21453,        4332202440,0.0,0.0
0,     75128,0,        4332319561,0.0,4597
1,     75130,21454,        4332402440,0.0,0.0
1,     75132,21455,        4332602440,0.0,0.0
0,     75134,0,        4332662939,0.0,577
0,     75136,0,        4332797865,0.0,5022
1,     75138,21456,        4332802444,0.0,0.0
0,     75140,0,        4332945716,0.0,3758
1,     75142,21457,        4333002444,0.0,0.0
0,     75144,0,        4333106490,0.0,5808
1,     75146,21458,        4333202444,0.0,0.0
1,     75148,21459,        4333402448,0.0,0.0
0,     75150,0,        4333537029,0.0,6208
0,     75152,0,        4333592149,0.0,2908
1,     75154,21460,        4333602448,0.0,0.0
0,     75156,0,        4333801373,0.0,3324
1,     75158,21461,        4333802448,0.0,0.0
1,     75160,21462,        4334002448,0.0,0.0
1,     75162,21463,        4334202452,0.0,0.0
1,     75164,21464,        4334402452,0.0,0.0
1,     75166,21465,        4334602452,0.0,0.0
0,     75168,0,        4334619110,0.0,2527
1,     75170,21466,        4334802456,0.0,0.0
1,     75172,21467,        4335002456,0.0,0.0
1,     75174,21468,        4335202456,0.0,0.0
1,     75176,21469,        4335402460,0.0,0.0
1,     75178,21470,        4335602460,0.0,0.0
1,     75180,21471,        4335802460,0.0,0.0
0,     75182,0,        4335833815,0.0,5924
0,     75184,0,        4335914270,0.0,226
1,     75186,21472,        4336002460,0.0,0.0
1,     75188,21473,        4336202464,0.0,0.0
1,     75190,21474,        4336402464,0.0,0.0
1,     75192,21475,        4336602464,0.0,0.0
0,     75194,0,        4336761815,0.0,3752
1,     75196,21476,        4336802468,0.0,0.0
1,     75198,21477,        4337002468,0.0,0.0
0,     75200,0,        4337031141,0.0,1721
0,     75202,0,        4337091180,0.0,4390
0,     75203,0,        4337091374,0.0,3697
1,     75205,21478,        4337202468,0.0,0.0
0,     75206,0,        4337203193,0.0,501
1,     75208,21479,        4337402472,0.0,0.0
1,     75210,21480,        4337602472,0.0,0.0
1,     75212,21481,        4337802472,0.0,0.0
0,     75214,0,        4337936791,0.0,647
1,     75216,21482,        4338002472,0.0,0.0
0,     75218,0,        4338128608,0.0,1033
1,     75220,21483,        4338202476,0.0,0.0
0,     75222,0,        4338206028,0.0,4624
1,     75224,21484,        4338402476,0.0,0.0
0,     75226,0,        4338412884,0.0,361
1,     75228,21485,        4338602476,0.0,0.0
1,     75230,21486,        4338802480,0.0,0.0
1,     75232,21487,        4339002480,0.0,0.0
0,     75234,0,        4339072164,0.0,5659
1,     75236,21488,        4339202480,0.0,0.0
1,     75238,21489,        4339402484,0.0,0.0
0,     75240,0,        4339565171,0.0,240
1,     75242,21490,        4339602484,0.0,0.0
1,     75244,21491,        4339802484,0.0,0.0
0,     75246,0,        4339803367,0.0,4759
1,     75248,21492,        4340002484,0.0,0.0
0,     75250,0,        4340135535,0.0,5050
1,     75252,21493,        4340202488,0.0,0.0
0,     75254,0,        4340288815,0.0,6227
1,     75256,21494,        4340402488,0.0,0.0
1,     75258,21495,        4340602488,0.0,0.0
0,     75260,0,        4340604451,0.0,720
0,     75262,0,        4340690633,0.0,5596
1,     75264,21496,        4340802492,0.0,0.0
1,     75266,21497,        4341002492,0.0,0.0
1,     75268,21498,        4341202492,0.0,0.0
1,     75270,21499,        4341402492,0.0,0.0
1,     75272,21500,        4341602496,0.0,0.0
1,     75274,21501,        4341802496,0.0,0.0
1,     75276,21502,        4342002496,0.0,0.0
1,     75278,21503,        4342202500,0.0,0.0
1,     75280,21504,        4342402500,0.0,0.0
0,     75282,0,        4342433889,0.0,5766
0,     75284,0,        4342597479,0.0,4381
1,     75286,21505,        4342602500,0.0,0.0
0,     75288,0,        4342631410,0.0,1711
1,     75290,21506,        4342802504,0.0,0.0
1,     75292,21507,        4343002504,0.0,0.0
1,     75294,21508,        4343202504,0.0,0.0
1,     75296,21509,        4343402504,0.0,0.0
1,     75298,21510,        4343602508,0.0,0.0
0,     75300,0,        4343714952,0.0,3604
0,     75301,0,        4343715266,0.0,5729
1,     75303,21511,        4343802508,0.0,0.0
1,     75305,21512,        4344002508,0.0,0.0
1,     75307,21513,        4344202512,0.0,0.0
0,     75309,0,        4344231895,0.0,5041
1,     75311,21514,        4344402512,0.0,0.0
1,     75313,21515,        4344602512,0.0,0.0
1,     75315,21516,        4344802516,0.0,0.0
1,     75317,21517,        4345002516,0.0,0.0
0,     75319,0,        4345019500,0.0,3050
1,     75321,21518,        4345202516,0.0,0.0
0,     75323,0,        4345305593,0.0,5941
1,     75325,21519,        4345402516,0.0,0.0
1,     75327,21520,        4345602520,0.0,0.0
0,     75329,0,        4345713046,0.0,3747
1,     75331,21521,        4345802520,0.0,0.0
1,     75333,21522,        4346002520,0.0,0.0
1,     75335,21523,        4346202524,0.0,0.0
1,     75337,21524,        4346402524,0.0,0.0
1,     75339,21525,        4346602524,0.0,0.0
1,     75341,21526,        4346802528,0.0,0.0
1,     75343,21527,        4347002528,0.0,0.0
1,     75345,21528,        4347202528,0.0,0.0
0,     75347,0,        4347396229,0.0,3763
1,     75349,21529,        4347402528,0.0,0.0
1,     75351,21530,        4347602532,0.0,0.0
1,     75353,21531,        4347802532,0.0,0.0
0,     75355,0,        4347924709,0.0,5569
1,     75357,21532,        4348002532,0.0,0.0
1,     75359,21533,        4348202536,0.0,0.0
0,     75361,0,        4348371711,0.0,2711
1,     75363,21534,        4348402536,0.0,0.0
0,     75365,0,        4348500462,0.0,3767
0,     75367,0,        4348558899,0.0,6144
0,     75369,0,        4348559379,0.0,1704
1,     75371,21535,        4348602536,0.0,0.0
1,     75373,21536,        4348802540,0.0,0.0
1,     75375,21537,        4349002540,0.0,0.0
0,     75377,0,        4349104383,0.0,5989
0,     75378,0,        4349104401,0.0,3008
0,     75380,0,        4349200128,0.0,3012
1,     75382,21538,        4349202540,0.0,0.0
0,     75384,0,        4349250946,0.0,4453
1,     75386,21539,        4349402540,0.0,0.0
1,     75388,21540,        4349602544,0.0,0.0
0,     75390,0,        4349738834,0.0,1536
1,     75392,21541,        4349802544,0.0,0.0
0,     75394,0,        4349843799,0.0,1299
1,     75396,21542,        4350002544,0.0,0.0
0,     75398,0,        4350194537,0.0,3079
1,     75400,21543,        4350202548,0.0,0.0
1,     75402,21544,        4350402548,0.0,0.0
0,     75404,0,        4350462538,0.0,2951
1,     75406,21545,        4350602548,0.0,0.0
1,     75408,21546,        4350802548,0.0,0.0
0,     75410,0,        4350875416,0.0,3123
0,     75412,0,        4350918927,0.0,5171
1,     75414,21547,        4351002552,0.0,0.0
0,     75416,0,        4351028275,0.0,1791
1,     75418,21548,        4351202552,0.0,0.0
0,     75420,0,        4351228860,0.0,4888
0,     75422,0,        4351273375,0.0,650
0,     75424,0,        4351299091,0.0,1768
0,     75426,0,        4351384222,0.0,1993
1,     75428,21549,        4351402552,0.0,0.0
0,     75430,0,        4351418488,0.0,623
0,     75432,0,        4351544067,0.0,5144
1,     75434,21550,        4351602556,0.0,0.0
1,     75436,21551,        4351802556,0.0,0.0
1,     75438,21552,        4352002556,0.0,0.0
0,     75440,0,        4352035055,0.0,5099
0,     75442,0,        4352086050,0.0,1903
1,     75444,21553,        4352202560,0.0,0.0
0,     75446,0,        4352235800,0.0,6198
1,     75448,21554,        4352402560,0.0,0.0
1,     75450,21555,        4352602560,0.0,0.0
0,     75452,0,        4352651599,0.0,6144
1,     75454,21556,        4352802560,0.0,0.0
0,     75456,0,        4352930635,0.0,2962
1,     75458,21557,        4353002564,0.0,0.0
1,     75460,21558,        4353202564,0.0,0.0
0,     75462,0,        4353386020,0.0,3075
1,     75464,21559,        4353402564,0.0,0.0
1,     75466,21560,        4353602568,0.0,0.0
0,     75468,0,        4353609397,0.0,975
0,     75470,0,        4353687771,0.0,3737
0,     75472,0,        4353798864,0.0,564
1,     75474,21561,        4353802568,0.0,0.0
1,     75476,21562,        4354002568,0.0,0.0
0,     75478,0,        4354031301,0.0,5157
1,     75480,21563,        4354202572,0.0,0.0
0,     75482,0,        4354262003,0.0,1947
1,     75484,21564,        4354402572,0.0,0.0
1,     75486,21565,        4354602572,0.0,0.0
1,     75488,21566,        4354802572,0.0,0.0
1,     75490,21567,        4355002576,0.0,0.0
1,     75492,21568,        4355202576,0.0,0.0
0,     75494,0,        4355272465,0.0,5709
1,     75496,21569,        4355402576,0.0,0.0
1,     75498,21570,        4355602580,0.0,0.0
1,     75500,21571,        4355802580,0.0,0.0
1,     75502,21572,        4356002580,0.0,0.0
1,     75504,21573,        4356202584,0.0,0.0
0,     75506,0,        4356294427,0.0,1794
0,     75508,0,        4356304360,0.0,3152
1,     75510,21574,        4356402584,0.0,0.0
1,     75512,21575,        4356602584,0.0,0.0
0,     75514,0,        4356645669,0.0,91
1,     75516,21576,        4356802584,0.0,0.0
0,     75518,0,        4356943495,0.0,847
0,     75520,0,        4356956806,0.0,786
1,     75522,21577,        4357002588,0.0,0.0
0,     75524,0,        4357115684,0.0,4610
0,     75526,0,        4357157656,0.0,4965
1,     75528,21578,        4357202588,0.0,0.0
0,     75530,0,        4357381033,0.0,2726
1,     75532,21579,        4357402588,0.0,0.0
1,     75534,21580,        4357602592,0.0,0.0
0,     75536,0,        4357702471,0.0,2182
1,     75538,21581,        4357802592,0.0,0.0
1,     75540,21582,        4358002592,0.0,0.0
1,     75542,21583,        4358202592,0.0,0.0
1,     75544,21584,        4358402596,0.0,0.0
0,     75546,0,        4358441441,0.0,848
1,     75548,21585,        4358602596,0.0,0.0
0,     75550,0,        4358738895,0.0,3626
1,     75552,21586,        4358802596,0.0,0.0
1,     75554,21587,        4359002600,0.0,0.0
1,     75556,21588,        4359202600,0.0,0.0
0,     75558,0,        4359232783,0.0,357
0,     75560,0,        4359274674,0.0,3504
0,     75562,0,        4359313849,0.0,3812
0,     75564,0,        4359325896,0.0,4182
1,     75566,21589,        4359402600,0.0,0.0
1,     75568,21590,        4359602604,0.0,0.0
0,     75570,0,        4359624885,0.0,6176
1,     75572,21591,        4359802604,0.0,0.0
1,     75574,21592,        4360002604,0.0,0.0
0,     75576,0,        4360140696,0.0,3498
1,     75578,21593,        4360202604,0.0,0.0
0,     75580,0,        4360397853,0.0,734
1,     75582,21594,        4360402608,0.0,0.0
1,     75584,21595,        4360602608,0.0,0.0
0,     75586,0,        4360785093,0.0,639
1,     75588,21596,        4360802608,0.0,0.0
0,     75590,0,        4360823192,0.0,2515
0,     75592,0,        4360833725,0.0,3498
1,     75594,21597,        4361002612,0.0,0.0
0,     75596,0,        4361112539,0.0,1391
0,     75598,0,        4361126549,0.0,1829
1,     75600,21598,        4361202612,0.0,0.0
0,     75602,0,        4361251555,0.0,3900
0,     75604,0,        4361395250,0.0,5210
1,     75606,21599,        4361402612,0.0,0.0
1,     75608,21600,        4361602616,0.0,0.0
1,     75610,21601,        4361802616,0.0,0.0
0,     75612,0,        4361874702,0.0,5377
0,     75614,0,        4361964956,0.0,3405
0,     75615,0,        4361965292,0.0,1442
1,     75617,21602,        4362002616,0.0,0.0
0,     75619,0,        4362099174,0.0,3469
0,     75621,0,        4362187986,0.0,2455
1,     75623,21603,        4362202616,0.0,0.0
1,     75625,21604,        4362402620,0.0,0.0
1,     75627,21605,        4362602620,0.0,0.0
0,     75629,0,        4362625788,0.0,2007
0,     75631,0,        4362702882,0.0,4701
1,     75633,21606,        4362802620,0.0,0.0
0,     75635,0,        4362987445,0.0,4007
1,     75637,21607,        4363002624,0.0,0.0
1,     75639,21608,        4363202624,0.0,0.0
0,     75641,0,        4363224219,0.0,2892
0,     75643,0,        4363338003,0.0,4587
1,     75645,21609,        4363402624,0.0,0.0
0,     75647,0,        4363508526,0.0,3408
1,     75649,21610,        4363602628,0.0,0.0
0,     75651,0,        4363669426,0.0,2203
0,     75653,0,        4363688316,0.0,3393
0,     75655,0,        4363691366,0.0,3238
1,     75657,21611,        4363802628,0.0,0.0
0,     75659,0,        4363851478,0.0,2684
0,     75661,0,        4363934414,0.0,5192
0,     75663,0,        4363984324,0.0,3825
0,     75665,0,        4363989385,0.0,6216
1,     75667,21612,        4364002628,0.0,0.0
0,     75669,0,        4364159675,0.0,3168
1,     75671,21613,        4364202628,0.0,0.0
0,     75673,0,        4364286855,0.0,5140
1,     75675,21614,        4364402632,0.0,0.0
0,     75677,0,        4364445972,0.0,4248
0,     75679,0,        4364476978,0.0,3611
1,     75681,21615,        4364602632,0.0,0.0
1,     75683,21616,        4364802632,0.0,0.0
0,     75685,0,        4364900552,0.0,3093
1,     75687,21617,        4365002636,0.0,0.0
1,     75689,21618,        4365202636,0.0,0.0
0,     75691,0,        4365280477,0.0,962
1,     75693,21619,        4365402636,0.0,0.0
1,     75695,21620,        4365602640,0.0,0.0
0,     75697,0,        4365684348,0.0,4788
0,     75699,0,        4365692748,0.0,3041
1,     75701,21621,        4365802640,0.0,0.0
0,     75703,0,        4365899735,0.0,3346
0,     75705,0,        4365936971,0.0,1207
1,     75707,21622,        4366002640,0.0,0.0
1,     75709,21623,        4366202640,0.0,0.0
0,     75711,0,        4366311783,0.0,349
0,     75713,0,        4366380089,0.0,4636
0,     75714,0,        4366380425,0.0,3312
1,     75716,21624,        4366402644,0.0,0.0
1,     75718,21625,        4366602644,0.0,0.0
1,     75720,21626,        4366802644,0.0,0.0
0,     75722,0,        4366971851,0.0,3122
1,     75724,21627,        4367002648,0.0,0.0
0,     75726,0,        4367108105,0.0,1131
1,     75728,21628,        4367202648,0.0,0.0
0,     75730,0,        4367275185,0.0,2348
1,     75732,21629,        4367402648,0.0,0.0
0,     75734,0,        4367433469,0.0,3931
1,     75736,21630,        4367602648,0.0,0.0
1,     75738,21631,        4367802652,0.0,0.0
1,     75740,21632,        4368002652,0.0,0.0
1,     75742,21633,        4368202652,0.0,0.0
0,     75744,0,        4368219981,0.0,1356
0,     75746,0,        4368280137,0.0,1627
0,     75747,0,        4368280188,0.0,2509
0,     75749,0,        4368371582,0.0,4805
1,     75751,21634,        4368402656,0.0,0.0
1,     75753,21635,        4368602656,0.0,0.0
0,     75755,0,        4368657578,0.0,4307
1,     75757,21636,        4368802656,0.0,0.0
1,     75759,21637,        4369002660,0.0,0.0
0,     75761,0,        4369009825,0.0,1202
0,     75762,0,        4369009928,0.0,1406
0,     75764,0,        4369125919,0.0,5631
1,     75766,21638,        4369202660,0.0,0.0
1,     75768,21639,        4369402660,0.0,0.0
1,     75770,21640,        4369602660,0.0,0.0
1,     75772,21641,        4369802664,0.0,0.0
0,     75774,0,        4369851522,0.0,4658
1,     75776,21642,        4370002664,0.0,0.0
1,     75778,21643,        4370202664,0.0,0.0
1,     75780,21644,        4370402668,0.0,0.0
0,     75782,0,        4370502266,0.0,6017
1,     75784,21645,        4370602668,0.0,0.0
1,     75786,21646,        4370802668,0.0,0.0
0,     75788,0,        4370813786,0.0,4599
0,     75789,0,        4370813798,0.0,2211
0,     75791,0,        4370827544,0.0,4967
1,     75793,21647,        4371002672,0.0,0.0
0,     75795,0,        4371201098,0.0,4650
1,     75797,21648,        4371202672,0.0,0.0
0,     75799,0,        4371336956,0.0,302
1,     75801,21649,        4371402672,0.0,0.0
0,     75803,0,        4371404067,0.0,6108
0,     75804,0,        4371404069,0.0,6083
1,     75806,21650,        4371602672,0.0,0.0
1,     75808,21651,        4371802676,0.0,0.0
0,     75810,0,        4371937797,0.0,1038
0,     75812,0,        4371957849,0.0,2267
1,     75814,21652,        4372002676,0.0,0.0
0,     75816,0,        4372177028,0.0,5651
1,     75818,21653,        4372202676,0.0,0.0
1,     75820,21654,        4372402680,0.0,0.0
0,     75822,0,        4372473091,0.0,103
0,     75824,0,        4372513158,0.0,1082
1,     75826,21655,        4372602680,0.0,0.0
1,     75828,21656,        4372802680,0.0,0.0
1,     75830,21657,        4373002684,0.0,0.0
0,     75832,0,        4373048073,0.0,4449
0,     75834,0,        4373202282,0.0,3878
0,     75835,0,        4373202342,0.0,4499
1,     75836,21658,        4373202684,0.0,0.0
1,     75838,21659,        4373402684,0.0,0.0
1,     75840,21660,        4373602684,0.0,0.0
1,     75842,21661,        4373802688,0.0,0.0
1,     75844,21662,        4374002688,0.0,0.0
1,     75846,21663,        4374202688,0.0,0.0
0,     75848,0,        4374266880,0.0,3433
1,     75850,21664,        4374402692,0.0,0.0
0,     75852,0,        4374465551,0.0,4018
0,     75854,0,        4374513003,0.0,3266
1,     75856,21665,        4374602692,0.0,0.0
1,     75858,21666,        4374802692,0.0,0.0
1,     75860,21667,        4375002696,0.0,0.0
0,     75862,0,        4375014221,0.0,3130
1,     75864,21668,        4375202696,0.0,0.0
0,     75866,0,        4375253280,0.0,6201
0,     75868,0,        4375346030,0.0,3095
1,     75870,21669,        4375402696,0.0,0.0
0,     75872,0,        4375542022,0.0,4473
1,     75874,21670,        4375602696,0.0,0.0
0,     75876,0,        4375633450,0.0,3550
1,     75878,21671,        4375802700,0.0,0.0
1,     75880,21672,        4376002700,0.0,0.0
1,     75882,21673,        4376202700,0.0,0.0
0,     75884,0,        4376255096,0.0,3948
1,     75886,21674,        4376402704,0.0,0.0
1,     75888,21675,        4376602704,0.0,0.0
1,     75890,21676,        4376802704,0.0,0.0
0,     75892,0,        4376915431,0.0,3383
1,     75894,21677,        4377002704,0.0,0.0
0,     75896,0,        4377132190,0.0,967
1,     75898,21678,        4377202708,0.0,0.0
1,     75900,21679,        4377402708,0.0,0.0
0,     75902,0,        4377449924,0.0,1494
0,     75904,0,        4377460835,0.0,3887
1,     75906,21680,        4377602708,0.0,0.0
0,     75908,0,        4377766013,0.0,5347
1,     75910,21681,        4377802712,0.0,0.0
0,     75912,0,        4377994110,0.0,5857
1,     75914,21682,        4378002712,0.0,0.0
0,     75916,0,        4378090036,0.0,2948
1,     75918,21683,        4378202712,0.0,0.0
1,     75920,21684,        4378402716,0.0,0.0
1,     75922,21685,        4378602716,0.0,0.0
1,     75924,21686,        4378802716,0.0,0.0
1,     75926,21687,        4379002716,0.0,0.0
1,     75928,21688,        4379202720,0.0,0.0
0,     75930,0,        4379316677,0.0,1796
1,     75932,21689,        4379402720,0.0,0.0
1,     75934,21690,        4379602720,0.0,0.0
0,     75936,0,        4379668201,0.0,5943
0,     75938,0,        4379668564,0.0,313
0,     75940,0,        4379755756,0.0,4855
1,     75942,21691,        4379802724,0.0,0.0
1,     75944,21692,        4380002724,0.0,0.0
1,     75946,21693,        4380202724,0.0,0.0
1,     75948,21694,        4380402728,0.0,0.0
0,     75950,0,        4380513359,0.0,3328
1,     75952,21695,        4380602728,0.0,0.0
1,     75954,21696,        4380802728,0.0,0.0
0,     75956,0,        4380980945,0.0,6022
1,     75958,21697,        4381002728,0.0,0.0
1,     75960,21698,        4381202732,0.0,0.0
1,     75962,21699,        4381402732,0.0,0.0
1,     75964,21700,        4381602732,0.0,0.0
0,     75966,0,        4381693672,0.0,5930
0,     75968,0,        4381785466,0.0,3414
1,     75970,21701,        4381802736,0.0,0.0
0,     75972,0,        4381992595,0.0,4972
1,     75974,21702,        4382002736,0.0,0.0
0,     75976,0,        4382022344,0.0,2518
0,     75978,0,        4382054564,0.0,3303
0,     75980,0,        4382102584,0.0,3292
0,     75982,0,        4382145435,0.0,1023
0,     75984,0,        4382183238,0.0,6088
1,     75986,21703,        4382202736,0.0,0.0
0,     75988,0,        4382266855,0.0,1526
1,     75990,21704,        4382402740,0.0,0.0
0,     75992,0,        4382473969,0.0,406
0,     75994,0,        4382484761,0.0,3391
0,     75996,0,        4382489989,0.0,2332
1,     75998,21705,        4382602740,0.0,0.0
0,     76000,0,        4382652377,0.0,3339
1,     76002,21706,        4382802740,0.0,0.0
0,     76004,0,        4382841397,0.0,4052
1,     76006,21707,        4383002740,0.0,0.0
0,     76008,0,        4383027918,0.0,4473
1,     76010,21708,        4383202744,0.0,0.0
0,     76012,0,        4383212238,0.0,1021
1,     76014,21709,        4383402744,0.0,0.0
0,     76016,0,        4383435409,0.0,885
1,     76018,21710,        4383602744,0.0,0.0
1,     76020,21711,        4383802748,0.0,0.0
1,     76022,21712,        4384002748,0.0,0.0
0,     76024,0,        4384042810,0.0,5510
0,     76026,0,        4384169680,0.0,2917
0,     76027,0,        4384169742,0.0,2219
1,     76029,21713,        4384202748,0.0,0.0
1,     76031,21714,        4384402752,0.0,0.0
1,     76033,21715,        4384602752,0.0,0.0
1,     76035,21716,        4384802752,0.0,0.0
0,     76037,0,        4384810372,0.0,2822
0,     76039,0,        4384979069,0.0,803
1,     76041,21717,        4385002752,0.0,0.0
0,     76043,0,        4385016081,0.0,596
1,     76045,21718,        4385202756,0.0,0.0
0,     76047,0,        4385367754,0.0,1848
1,     76049,21719,        4385402756,0.0,0.0
0,     76051,0,        4385415598,0.0,4599
1,     76053,21720,        4385602756,0.0,0.0
0,     76055,0,        4385695854,0.0,1320
1,     76057,21721,        4385802760,0.0,0.0
1,     76059,21722,        4386002760,0.0,0.0
0,     76061,0,        4386035704,0.0,876
0,     76063,0,        4386060974,0.0,5893
1,     76065,21723,        4386202760,0.0,0.0
0,     76067,0,        4386314854,0.0,3443
1,     76069,21724,        4386402760,0.0,0.0
0,     76071,0,        4386556835,0.0,3299
1,     76073,21725,        4386602764,0.0,0.0
1,     76075,21726,        4386802764,0.0,0.0
0,     76077,0,        4386915920,0.0,4752
1,     76079,21727,        4387002764,0.0,0.0
1,     76081,21728,        4387202768,0.0,0.0
0,     76083,0,        4387333170,0.0,3315
1,     76085,21729,        4387402768,0.0,0.0
1,     76087,21730,        4387602768,0.0,0.0
0,     76089,0,        4387677214,0.0,1800
0,     76091,0,        4387779100,0.0,3472
1,     76093,21731,        4387802772,0.0,0.0
1,     76095,21732,        4388002772,0.0,0.0
0,     76097,0,        4388023971,0.0,3106
0,     76099,0,        4388046681,0.0,814
1,     76101,21733,        4388202772,0.0,0.0
0,     76103,0,        4388309286,0.0,2034
0,     76105,0,        4388380242,0.0,4057
1,     76107,21734,        4388402772,0.0,0.0
0,     76109,0,        4388407934,0.0,2942
0,     76111,0,        4388432054,0.0,3221
0,     76113,0,        4388500872,0.0,1875
0,     76115,0,        4388551218,0.0,3019
0,     76117,0,        4388575641,0.0,703
0,     76119,0,        4388577033,0.0,1081
0,     76121,0,        4388581136,0.0,3531
0,     76123,0,        4388596087,0.0,932
1,     76125,21735,        4388602776,0.0,0.0
1,     76127,21736,        4388802776,0.0,0.0
0,     76129,0,        4388877486,0.0,4597
1,     76131,21737,        4389002776,0.0,0.0
1,     76133,21738,        4389202780,0.0,0.0
0,     76135,0,        4389269018,0.0,2870
0,     76137,0,        4389275153,0.0,5210
1,     76139,21739,        4389402780,0.0,0.0
1,     76141,21740,        4389602780,0.0,0.0
1,     76143,21741,        4389802784,0.0,0.0
0,     76145,0,        4389847318,0.0,4672
0,     76147,0,        4389987739,0.0,5884
1,     76149,21742,        4390002784,0.0,0.0
0,     76151,0,        4390021786,0.0,6239
0,     76153,0,        4390187217,0.0,2572
1,     76155,21743,        4390202784,0.0,0.0
0,     76157,0,        4390203870,0.0,3261
0,     76159,0,        4390279790,0.0,4607
1,     76161,21744,        4390402784,0.0,0.0
1,     76163,21745,        4390602788,0.0,0.0
0,     76165,0,        4390792088,0.0,3598
1,     76167,21746,        4390802788,0.0,0.0
0,     76169,0,        4390951163,0.0,4671
1,     76171,21747,        4391002788,0.0,0.0
1,     76173,21748,        4391202792,0.0,0.0
1,     76175,21749,        4391402792,0.0,0.0
0,     76177,0,        4391404685,0.0,5346
1,     76179,21750,        4391602792,0.0,0.0
0,     76181,0,        4391707872,0.0,4614
1,     76183,21751,        4391802792,0.0,0.0
0,     76185,0,        4391821452,0.0,2904
0,     76187,0,        4391883404,0.0,5651
1,     76189,21752,        4392002796,0.0,0.0
0,     76191,0,        4392047151,0.0,4500
1,     76193,21753,        4392202796,0.0,0.0
0,     76195,0,        4392221501,0.0,1841
1,     76197,21754,        4392402796,0.0,0.0
0,     76199,0,        4392411884,0.0,216
1,     76201,21755,        4392602800,0.0,0.0
1,     76203,21756,        4392802800,0.0,0.0
0,     76205,0,        4392861074,0.0,5104
1,     76207,21757,        4393002800,0.0,0.0
1,     76209,21758,        4393202804,0.0,0.0
1,     76211,21759,        4393402804,0.0,0.0
0,     76213,0,        4393556033,0.0,665
0,     76214,0,        4393556492,0.0,2211
0,     76216,0,        4393582665,0.0,4333
1,     76218,21760,        4393602804,0.0,0.0
0,     76220,0,        4393660527,0.0,6052
1,     76222,21761,        4393802808,0.0,0.0
0,     76224,0,        4393820062,0.0,230
1,     76226,21762,        4394002808,0.0,0.0
0,     76228,0,        4394024642,0.0,3690
1,     76230,21763,        4394202808,0.0,0.0
1,     76232,21764,        4394402808,0.0,0.0
0,     76234,0,        4394570328,0.0,1395
1,     76236,21765,        4394602812,0.0,0.0
1,     76238,21766,        4394802812,0.0,0.0
0,     76240,0,        4394928015,0.0,3872
1,     76242,21767,        4395002812,0.0,0.0
0,     76244,0,        4395188430,0.0,5300
1,     76246,21768,        4395202816,0.0,0.0
0,     76248,0,        4395249382,0.0,4055
1,     76250,21769,        4395402816,0.0,0.0
1,     76252,21770,        4395602816,0.0,0.0
1,     76254,21771,        4395802816,0.0,0.0
0,     76256,0,        4395835158,0.0,629
0,     76258,0,        4395916044,0.0,1754
1,     76260,21772,        4396002820,0.0,0.0
1,     76262,21773,        4396202820,0.0,0.0
1,     76264,21774,        4396402820,0.0,0.0
0,     76266,0,        4396522470,0.0,3764
1,     76268,21775,        4396602824,0.0,0.0
0,     76270,0,        4396782438,0.0,2552
1,     76272,21776,        4396802824,0.0,0.0
1,     76274,21777,        4397002824,0.0,0.0
0,     76276,0,        4397040568,0.0,6079
1,     76278,21778,        4397202828,0.0,0.0
0,     76280,0,        4397233905,0.0,790
0,     76282,0,        4397315026,0.0,4937
1,     76284,21779,        4397402828,0.0,0.0
0,     76286,0,        4397455516,0.0,3897
0,     76288,0,        4397477808,0.0,4435
0,     76290,0,        4397548296,0.0,4645
1,     76292,21780,        4397602828,0.0,0.0
0,     76294,0,        4397640121,0.0,3681
0,     76296,0,        4397780106,0.0,737
1,     76298,21781,        4397802828,0.0,0.0
1,     76300,21782,        4398002832,0.0,0.0
0,     76302,0,        4398091573,0.0,5774
1,     76304,21783,        4398202832,0.0,0.0
0,     76306,0,        4398330021,0.0,950
1,     76308,21784,        4398402832,0.0,0.0
0,     76310,0,        4398529137,0.0,2007
1,     76312,21785,        4398602836,0.0,0.0
1,     76314,21786,        4398802836,0.0,0.0
0,     76316,0,        4398934078,0.0,3820
1,     76318,21787,        4399002836,0.0,0.0
0,     76320,0,        4399081803,0.0,5801
1,     76322,21788,        4399202840,0.0,0.0
1,     76324,21789,        4399402840,0.0,0.0
0,     76326,0,        4399403271,0.0,4039
1,     76328,21790,        4399602840,0.0,0.0
1,     76330,21791,        4399802840,0.0,0.0
1,     76332,21792,        4400002844,0.0,0.0
1,     76334,21793,        4400202844,0.0,0.0
1,     76336,21794,        4400402844,0.0,0.0
1,     76338,21795,        4400602848,0.0,0.0
0,     76340,0,        4400742882,0.0,5515
1,     76342,21796,        4400802848,0.0,0.0
1,     76344,21797,        4401002848,0.0,0.0
1,     76346,21798,        4401202852,0.0,0.0
0,     76348,0,        4401307852,0.0,2380
1,     76350,21799,        4401402852,0.0,0.0
1,     76352,21800,        4401602852,0.0,0.0
0,     76354,0,        4401632409,0.0,505
0,     76356,0,        4401723640,0.0,3496
1,     76358,21801,        4401802852,0.0,0.0
0,     76360,0,        4401873632,0.0,5092
1,     76362,21802,        4402002856,0.0,0.0
1,     76364,21803,        4402202856,0.0,0.0
0,     76366,0,        4402293982,0.0,3660
1,     76368,21804,        4402402856,0.0,0.0
0,     76370,0,        4402458807,0.0,538
1,     76372,21805,        4402602860,0.0,0.0
1,     76374,21806,        4402802860,0.0,0.0
1,     76376,21807,        4403002860,0.0,0.0
1,     76378,21808,        4403202860,0.0,0.0
0,     76380,0,        4403231662,0.0,967
0,     76382,0,        4403307965,0.0,1387
1,     76384,21809,        4403402864,0.0,0.0
0,     76386,0,        4403484568,0.0,434
1,     76388,21810,        4403602864,0.0,0.0
0,     76390,0,        4403660298,0.0,5259
0,     76392,0,        4403666458,0.0,3689
1,     76394,21811,        4403802864,0.0,0.0
0,     76396,0,        4403852667,0.0,1922
1,     76398,21812,        4404002868,0.0,0.0
1,     76400,21813,        4404202868,0.0,0.0
1,     76402,21814,        4404402868,0.0,0.0
1,     76404,21815,        4404602872,0.0,0.0
0,     76406,0,        4404640551,0.0,1013
1,     76408,21816,        4404802872,0.0,0.0
1,     76410,21817,        4405002872,0.0,0.0
1,     76412,21818,        4405202872,0.0,0.0
1,     76414,21819,        4405402876,0.0,0.0
0,     76416,0,        4405418250,0.0,4707
1,     76418,21820,        4405602876,0.0,0.0
0,     76420,0,        4405730106,0.0,5669
1,     76422,21821,        4405802876,0.0,0.0
0,     76424,0,        4405848197,0.0,4445
1,     76426,21822,        4406002880,0.0,0.0
1,     76428,21823,        4406202880,0.0,0.0
1,     76430,21824,        4406402880,0.0,0.0
1,     76432,21825,        4406602884,0.0,0.0
1,     76434,21826,        4406802884,0.0,0.0
0,     76436,0,        4406873784,0.0,1676
1,     76438,21827,        4407002884,0.0,0.0
0,     76440,0,        4407011063,0.0,5249
0,     76442,0,        4407034026,0.0,6018
1,     76444,21828,        4407202884,0.0,0.0
1,     76446,21829,        4407402888,0.0,0.0
0,     76448,0,        4407431954,0.0,4399
0,     76450,0,        4407449389,0.0,2575
1,     76452,21830,        4407602888,0.0,0.0
0,     76454,0,        4407645281,0.0,771
1,     76456,21831,        4407802888,0.0,0.0
1,     76458,21832,        4408002892,0.0,0.0
0,     76460,0,        4408026182,0.0,4583
0,     76462,0,        4408161500,0.0,1739
1,     76464,21833,        4408202892,0.0,0.0
0,     76466,0,        4408323876,0.0,5108
1,     76468,21834,        4408402892,0.0,0.0
1,     76470,21835,        4408602896,0.0,0.0
1,     76472,21836,        4408802896,0.0,0.0
0,     76474,0,        4408873079,0.0,5660
1,     76476,21837,        4409002896,0.0,0.0
0,     76478,0,        4409100593,0.0,1419
0,     76480,0,        4409166391,0.0,3706
1,     76482,21838,        4409202896,0.0,0.0
1,     76484,21839,        4409402900,0.0,0.0
1,     76486,21840,        4409602900,0.0,0.0
0,     76488,0,        4409784388,0.0,1646
1,     76490,21841,        4409802900,0.0,0.0
0,     76492,0,        4409845365,0.0,4340
1,     76494,21842,        4410002904,0.0,0.0
1,     76496,21843,        4410202904,0.0,0.0
0,     76498,0,        4410314784,0.0,2532
1,     76500,21844,        4410402904,0.0,0.0
0,     76502,0,        4410481117,0.0,4330
0,     76503,0,        4410481148,0.0,2050
1,     76505,21845,        4410602908,0.0,0.0
1,     76507,21846,        4410802908,0.0,0.0
0,     76509,0,        4410822988,0.0,684
0,     76511,0,        4410970319,0.0,1150
1,     76513,21847,        4411002908,0.0,0.0
0,     76515,0,        4411122976,0.0,3444
0,     76517,0,        4411131493,0.0,4144
1,     76519,21848,        4411202908,0.0,0.0
0,     76521,0,        4411307249,0.0,4664
1,     76523,21849,        4411402912,0.0,0.0
0,     76525,0,        4411421126,0.0,2964
1,     76527,21850,        4411602912,0.0,0.0
0,     76529,0,        4411775141,0.0,4185
1,     76531,21851,        4411802912,0.0,0.0
0,     76533,0,        4411846483,0.0,3447
0,     76534,0,        4411846610,0.0,577
1,     76536,21852,        4412002916,0.0,0.0
0,     76538,0,        4412111038,0.0,3872
1,     76540,21853,        4412202916,0.0,0.0
0,     76542,0,        4412346753,0.0,442
1,     76544,21854,        4412402916,0.0,0.0
0,     76546,0,        4412421259,0.0,2661
1,     76548,21855,        4412602916,0.0,0.0
0,     76550,0,        4412779373,0.0,4126
1,     76552,21856,        4412802920,0.0,0.0
0,     76554,0,        4412813825,0.0,6151
1,     76556,21857,        4413002920,0.0,0.0
0,     76558,0,        4413015649,0.0,2590
1,     76560,21858,        4413202920,0.0,0.0
1,     76562,21859,        4413402924,0.0,0.0
1,     76564,21860,        4413602924,0.0,0.0
1,     76566,21861,        4413802924,0.0,0.0
1,     76568,21862,        4414002928,0.0,0.0
0,     76570,0,        4414156719,0.0,2175
1,     76572,21863,        4414202928,0.0,0.0
1,     76574,21864,        4414402928,0.0,0.0
1,     76576,21865,        4414602928,0.0,0.0
0,     76578,0,        4414679472,0.0,3638
1,     76580,21866,        4414802932,0.0,0.0
0,     76582,0,        4414877951,0.0,1706
0,     76584,0,        4414886093,0.0,113
1,     76586,21867,        4415002932,0.0,0.0
1,     76588,21868,        4415202932,0.0,0.0
0,     76590,0,        4415318318,0.0,915
1,     76592,21869,        4415402936,0.0,0.0
1,     76594,21870,        4415602936,0.0,0.0
0,     76596,0,        4415736389,0.0,2861
1,     76598,21871,        4415802936,0.0,0.0
1,     76600,21872,        4416002940,0.0,0.0
1,     76602,21873,        4416202940,0.0,0.0
0,     76604,0,        4416314660,0.0,2922
0,     76606,0,        4416358391,0.0,4125
1,     76608,21874,        4416402940,0.0,0.0
0,     76610,0,        4416540503,0.0,5959
1,     76612,21875,        4416602940,0.0,0.0
1,     76614,21876,        4416802944,0.0,0.0
0,     76616,0,        4416858774,0.0,4023
1,     76618,21877,        4417002944,0.0,0.0
0,     76620,0,        4417157383,0.0,522
1,     76622,21878,        4417202944,0.0,0.0
1,     76624,21879,        4417402948,0.0,0.0
0,     76626,0,        4417464934,0.0,4424
1,     76628,21880,        4417602948,0.0,0.0
0,     76630,0,        4417800175,0.0,778
1,     76632,21881,        4417802948,0.0,0.0
1,     76634,21882,        4418002952,0.0,0.0
1,     76636,21883,        4418202952,0.0,0.0
1,     76638,21884,        4418402952,0.0,0.0
1,     76640,21885,        4418602952,0.0,0.0
0,     76642,0,        4418648691,0.0,1335
1,     76644,21886,        4418802956,0.0,0.0
0,     76646,0,        4418842686,0.0,2225
0,     76648,0,        4418843942,0.0,4317
1,     76650,21887,        4419002956,0.0,0.0
0,     76652,0,        4419067008,0.0,4695
0,     76654,0,        4419183528,0.0,5022
0,     76656,0,        4419198312,0.0,4833
1,     76658,21888,        4419202956,0.0,0.0
1,     76660,21889,        4419402960,0.0,0.0
0,     76662,0,        4419500149,0.0,3508
1,     76664,21890,        4419602960,0.0,0.0
0,     76666,0,        4419700564,0.0,1287
0,     76667,0,        4419700565,0.0,5505
1,     76669,21891,        4419802960,0.0,0.0
1,     76671,21892,        4420002964,0.0,0.0
0,     76673,0,        4420043748,0.0,4742
1,     76675,21893,        4420202964,0.0,0.0
1,     76677,21894,        4420402964,0.0,0.0
1,     76679,21895,        4420602964,0.0,0.0
1,     76681,21896,        4420802968,0.0,0.0
1,     76683,21897,        4421002968,0.0,0.0
1,     76685,21898,        4421202968,0.0,0.0
0,     76687,0,        4421264735,0.0,5560
1,     76689,21899,        4421402972,0.0,0.0
0,     76691,0,        4421502440,0.0,6131
1,     76693,21900,        4421602972,0.0,0.0
1,     76695,21901,        4421802972,0.0,0.0
1,     76697,21902,        4422002972,0.0,0.0
1,     76699,21903,        4422202976,0.0,0.0
0,     76701,0,        4422248471,0.0,3197
1,     76703,21904,        4422402976,0.0,0.0
1,     76705,21905,        4422602976,0.0,0.0
1,     76707,21906,        4422802980,0.0,0.0
0,     76709,0,        4422892856,0.0,3488
1,     76711,21907,        4423002980,0.0,0.0
0,     76713,0,        4423147824,0.0,4322
0,     76715,0,        4423202869,0.0,1679
1,     76716,21908,        4423202980,0.0,0.0
1,     76718,21909,        4423402984,0.0,0.0
0,     76720,0,        4423541425,0.0,2618
1,     76722,21910,        4423602984,0.0,0.0
1,     76724,21911,        4423802984,0.0,0.0
1,     76726,21912,        4424002984,0.0,0.0
1,     76728,21913,        4424202988,0.0,0.0
1,     76730,21914,        4424402988,0.0,0.0
0,     76732,0,        4424439527,0.0,6086
1,     76734,21915,        4424602988,0.0,0.0
1,     76736,21916,        4424802992,0.0,0.0
0,     76738,0,        4424912319,0.0,4363
1,     76740,21917,        4425002992,0.0,0.0
0,     76742,0,        4425038228,0.0,6205
1,     76744,21918,        4425202992,0.0,0.0
0,     76746,0,        4425317184,0.0,4264
0,     76748,0,        4425339663,0.0,4191
0,     76750,0,        4425398780,0.0,613
1,     76752,21919,        4425402996,0.0,0.0
1,     76754,21920,        4425602996,0.0,0.0
0,     76756,0,        4425649934,0.0,1976
1,     76758,21921,        4425802996,0.0,0.0
0,     76760,0,        4425938113,0.0,1993
1,     76762,21922,        4426002996,0.0,0.0
1,     76764,21923,        4426203000,0.0,0.0
0,     76766,0,        4426269774,0.0,197
0,     76768,0,        4426317306,0.0,731
1,     76770,21924,        4426403000,0.0,0.0
1,     76772,21925,        4426603000,0.0,0.0
0,     76774,0,        4426771221,0.0,5587
1,     76776,21926,        4426803004,0.0,0.0
1,     76778,21927,        4427003004,0.0,0.0
1,     76780,21928,        4427203004,0.0,0.0
1,     76782,21929,        4427403004,0.0,0.0
1,     76784,21930,        4427603008,0.0,0.0
0,     76786,0,        4427678253,0.0,1432
1,     76788,21931,        4427803008,0.0,0.0
1,     76790,21932,        4428003008,0.0,0.0
0,     76792,0,        4428049564,0.0,1807
1,     76794,21933,        4428203012,0.0,0.0
0,     76796,0,        4428354950,0.0,1906
1,     76798,21934,        4428403012,0.0,0.0
1,     76800,21935,        4428603012,0.0,0.0
1,     76802,21936,        4428803016,0.0,0.0
0,     76804,0,        4428814118,0.0,267
1,     76806,21937,        4429003016,0.0,0.0
1,     76808,21938,        4429203016,0.0,0.0
1,     76810,21939,        4429403020,0.0,0.0
0,     76812,0,        4429521919,0.0,3186
0,     76814,0,        4429585000,0.0,2539
1,     76816,21940,        4429603020,0.0,0.0
0,     76818,0,        4429662897,0.0,4629
1,     76820,21941,        4429803020,0.0,0.0
0,     76822,0,        4429824148,0.0,3974
1,     76824,21942,        4430003020,0.0,0.0
1,     76826,21943,        4430203024,0.0,0.0
1,     76828,21944,        4430403024,0.0,0.0
0,     76830,0,        4430527895,0.0,5231
1,     76832,21945,        4430603024,0.0,0.0
1,     76834,21946,        4430803028,0.0,0.0
1,     76836,21947,        4431003028,0.0,0.0
0,     76838,0,        4431099073,0.0,2280
1,     76840,21948,        4431203028,0.0,0.0
0,     76842,0,        4431320206,0.0,6076
1,     76844,21949,        4431403028,0.0,0.0
1,     76846,21950,        4431603032,0.0,0.0
1,     76848,21951,        4431803032,0.0,0.0
1,     76850,21952,        4432003032,0.0,0.0
0,     76852,0,        4432189254,0.0,6034
0,     76854,0,        4432189854,0.0,2343
1,     76856,21953,        4432203036,0.0,0.0
0,     76858,0,        4432269699,0.0,3631
0,     76860,0,        4432368795,0.0,3415
0,     76862,0,        4432378193,0.0,4464
1,     76864,21954,        4432403036,0.0,0.0
1,     76866,21955,        4432603036,0.0,0.0
0,     76868,0,        4432696536,0.0,1842
1,     76870,21956,        4432803040,0.0,0.0
1,     76872,21957,        4433003040,0.0,0.0
0,     76874,0,        4433013678,0.0,3757
0,     76876,0,        4433181808,0.0,2514
1,     76878,21958,        4433203040,0.0,0.0
0,     76880,0,        4433362266,0.0,5904
1,     76882,21959,        4433403040,0.0,0.0
1,     76884,21960,        4433603044,0.0,0.0
1,     76886,21961,        4433803044,0.0,0.0
1,     76888,21962,        4434003044,0.0,0.0
0,     76890,0,        4434075625,0.0,3545
0,     76892,0,        4434202058,0.0,3341
1,     76894,21963,        4434203048,0.0,0.0
0,     76896,0,        4434361155,0.0,4165
0,     76898,0,        4434375580,0.0,4666
0,     76900,0,        4434389551,0.0,444
1,     76902,21964,        4434403048,0.0,0.0
1,     76904,21965,        4434603048,0.0,0.0
0,     76906,0,        4434786695,0.0,3540
1,     76908,21966,        4434803052,0.0,0.0
1,     76910,21967,        4435003052,0.0,0.0
0,     76912,0,        4435074644,0.0,2729
1,     76914,21968,        4435203052,0.0,0.0
0,     76916,0,        4435229625,0.0,806
1,     76918,21969,        4435403052,0.0,0.0
1,     76920,21970,        4435603056,0.0,0.0
0,     76922,0,        4435751152,0.0,5132
1,     76924,21971,        4435803056,0.0,0.0
1,     76926,21972,        4436003056,0.0,0.0
0,     76928,0,        4436091807,0.0,5005
1,     76930,21973,        4436203060,0.0,0.0
1,     76932,21974,        4436403060,0.0,0.0
0,     76934,0,        4436420142,0.0,4787
0,     76935,0,        4436420153,0.0,3697
0,     76937,0,        4436550599,0.0,1936
1,     76939,21975,        4436603060,0.0,0.0
1,     76941,21976,        4436803064,0.0,0.0
1,     76943,21977,        4437003064,0.0,0.0
0,     76945,0,        4437143756,0.0,5124
1,     76947,21978,        4437203064,0.0,0.0
0,     76949,0,        4437241405,0.0,4480
1,     76951,21979,        4437403064,0.0,0.0
1,     76953,21980,        4437603068,0.0,0.0
1,     76955,21981,        4437803068,0.0,0.0
1,     76957,21982,        4438003068,0.0,0.0
1,     76959,21983,        4438203072,0.0,0.0
1,     76961,21984,        4438403072,0.0,0.0
1,     76963,21985,        4438603072,0.0,0.0
0,     76965,0,        4438626847,0.0,4091
1,     76967,21986,        4438803072,0.0,0.0
1,     76969,21987,        4439003076,0.0,0.0
1,     76971,21988,        4439203076,0.0,0.0
1,     76973,21989,        4439403076,0.0,0.0
0,     76975,0,        4439492263,0.0,3636
1,     76977,21990,        4439603080,0.0,0.0
0,     76979,0,        4439612682,0.0,4437
1,     76981,21991,        4439803080,0.0,0.0
1,     76983,21992,        4440003080,0.0,0.0
1,     76985,21993,        4440203084,0.0,0.0
1,     76987,21994,        4440403084,0.0,0.0
1,     76989,21995,        4440603084,0.0,0.0
0,     76991,0,        4440762408,0.0,4532
1,     76993,21996,        4440803084,0.0,0.0
0,     76995,0,        4440860563,0.0,1713
1,     76997,21997,        4441003088,0.0,0.0
1,     76999,21998,        4441203088,0.0,0.0
1,     77001,21999,        4441403088,0.0,0.0
0,     77003,0,        4441456636,0.0,4410
0,     77005,0,        4441531900,0.0,262
0,     77007,0,        4441578772,0.0,5466
1,     77009,22000,        4441603092,0.0,0.0
0,     77011,0,        4441643393,0.0,2450
0,     77013,0,        4441655182,0.0,663
1,     77015,22001,        4441803092,0.0,0.0
1,     77017,22002,        4442003092,0.0,0.0
1,     77019,22003,        4442203096,0.0,0.0
1,     77021,22004,        4442403096,0.0,0.0
0,     77023,0,        4442507023,0.0,3927
0,     77025,0,        4442541193,0.0,1570
1,     77027,22005,        4442603096,0.0,0.0
0,     77029,0,        4442639310,0.0,4262
0,     77031,0,        4442699761,0.0,5313
1,     77033,22006,        4442803096,0.0,0.0
1,     77035,22007,        4443003100,0.0,0.0
0,     77037,0,        4443037277,0.0,1670
1,     77039,22008,        4443203100,0.0,0.0
0,     77041,0,        4443390419,0.0,1121
1,     77043,22009,        4443403100,0.0,0.0
0,     77045,0,        4443563366,0.0,5847
1,     77047,22010,        4443603104,0.0,0.0
1,     77049,22011,        4443803104,0.0,0.0
0,     77051,0,        4443805589,0.0,2017
0,     77053,0,        4443997086,0.0,4910
1,     77055,22012,        4444003104,0.0,0.0
1,     77057,22013,        4444203108,0.0,0.0
1,     77059,22014,        4444403108,0.0,0.0
1,     77061,22015,        4444603108,0.0,0.0
0,     77063,0,        4444760331,0.0,690
0,     77065,0,        4444766808,0.0,1867
1,     77067,22016,        4444803108,0.0,0.0
0,     77069,0,        4444963989,0.0,576
1,     77071,22017,        4445003112,0.0,0.0
1,     77073,22018,        4445203112,0.0,0.0
0,     77075,0,        4445226104,0.0,5705
1,     77077,22019,        4445403112,0.0,0.0
0,     77079,0,        4445492444,0.0,1152
1,     77081,22020,        4445603116,0.0,0.0
1,     77083,22021,        4445803116,0.0,0.0
0,     77085,0,        4445839467,0.0,4945
1,     77087,22022,        4446003116,0.0,0.0
1,     77089,22023,        4446203120,0.0,0.0
0,     77091,0,        4446284234,0.0,3720
1,     77093,22024,        4446403120,0.0,0.0
0,     77095,0,        4446443468,0.0,5874
1,     77097,22025,        4446603120,0.0,0.0
1,     77099,22026,        4446803120,0.0,0.0
0,     77101,0,        4446834023,0.0,3410
1,     77103,22027,        4447003124,0.0,0.0
1,     77105,22028,        4447203124,0.0,0.0
1,     77107,22029,        4447403124,0.0,0.0
1,     77109,22030,        4447603128,0.0,0.0
1,     77111,22031,        4447803128,0.0,0.0
0,     77113,0,        4447961054,0.0,205
1,     77115,22032,        4448003128,0.0,0.0
0,     77117,0,        4448071127,0.0,4880
0,     77119,0,        4448090110,0.0,5052
1,     77121,22033,        4448203128,0.0,0.0
1,     77123,22034,        4448403132,0.0,0.0
1,     77125,22035,        4448603132,0.0,0.0
0,     77127,0,        4448678391,0.0,3899
0,     77129,0,        4448679085,0.0,4919
0,     77131,0,        4448697057,0.0,2988
1,     77133,22036,        4448803132,0.0,0.0
1,     77135,22037,        4449003136,0.0,0.0
1,     77137,22038,        4449203136,0.0,0.0
1,     77139,22039,        4449403136,0.0,0.0
0,     77141,0,        4449531106,0.0,550
1,     77143,22040,        4449603140,0.0,0.0
0,     77145,0,        4449728119,0.0,4620
0,     77147,0,        4449780189,0.0,1393
1,     77149,22041,        4449803140,0.0,0.0
1,     77151,22042,        4450003140,0.0,0.0
0,     77153,0,        4450041117,0.0,4405
0,     77155,0,        4450149202,0.0,5922
1,     77157,22043,        4450203140,0.0,0.0
1,     77159,22044,        4450403144,0.0,0.0
0,     77161,0,        4450451330,0.0,41
1,     77163,22045,        4450603144,0.0,0.0
1,     77165,22046,        4450803144,0.0,0.0
0,     77167,0,        4450927135,0.0,676
1,     77169,22047,        4451003148,0.0,0.0
0,     77171,0,        4451112795,0.0,4982
1,     77173,22048,        4451203148,0.0,0.0
1,     77175,22049,        4451403148,0.0,0.0
1,     77177,22050,        4451603152,0.0,0.0
0,     77179,0,        4451745841,0.0,1149
1,     77181,22051,        4451803152,0.0,0.0
1,     77183,22052,        4452003152,0.0,0.0
0,     77185,0,        4452142647,0.0,5099
0,     77186,0,        4452142720,0.0,2088
1,     77188,22053,        4452203152,0.0,0.0
0,     77190,0,        4452222815,0.0,188
0,     77192,0,        4452277643,0.0,1103
0,     77194,0,        4452326539,0.0,6245
0,     77196,0,        4452398297,0.0,3352
1,     77198,22054,        4452403156,0.0,0.0
1,     77200,22055,        4452603156,0.0,0.0
1,     77202,22056,        4452803156,0.0,0.0
1,     77204,22057,        4453003160,0.0,0.0
0,     77206,0,        4453014062,0.0,2340
0,     77208,0,        4453142501,0.0,6025
1,     77210,22058,        4453203160,0.0,0.0
1,     77212,22059,        4453403160,0.0,0.0
0,     77214,0,        4453446230,0.0,1042
0,     77216,0,        4453451959,0.0,3712
0,     77218,0,        4453539899,0.0,4441
1,     77220,22060,        4453603164,0.0,0.0
0,     77222,0,        4453665527,0.0,1495
1,     77224,22061,        4453803164,0.0,0.0
1,     77226,22062,        4454003164,0.0,0.0
0,     77228,0,        4454172633,0.0,2032
0,     77230,0,        4454181810,0.0,3200
1,     77232,22063,        4454203164,0.0,0.0
0,     77234,0,        4454349746,0.0,5547
1,     77236,22064,        4454403168,0.0,0.0
0,     77238,0,        4454566380,0.0,3573
1,     77240,22065,        4454603168,0.0,0.0
1,     77242,22066,        4454803168,0.0,0.0
0,     77244,0,        4454815104,0.0,6030
1,     77246,22067,        4455003172,0.0,0.0
0,     77248,0,        4455192032,0.0,2125
1,     77250,22068,        4455203172,0.0,0.0
1,     77252,22069,        4455403172,0.0,0.0
0,     77254,0,        4455435333,0.0,552
1,     77256,22070,        4455603176,0.0,0.0
0,     77258,0,        4455764615,0.0,3384
1,     77260,22071,        4455803176,0.0,0.0
0,     77262,0,        4455956520,0.0,1450
0,     77263,0,        4455956522,0.0,5240
1,     77265,22072,        4456003176,0.0,0.0
1,     77267,22073,        4456203176,0.0,0.0
0,     77269,0,        4456283305,0.0,1663
0,     77271,0,        4456335110,0.0,2637
1,     77273,22074,        4456403180,0.0,0.0
0,     77275,0,        4456485599,0.0,3781
0,     77277,0,        4456561596,0.0,1043
1,     77279,22075,        4456603180,0.0,0.0
0,     77281,0,        4456616820,0.0,53
1,     77283,22076,        4456803180,0.0,0.0
1,     77285,22077,        4457003184,0.0,0.0
1,     77287,22078,        4457203184,0.0,0.0
0,     77289,0,        4457285881,0.0,5676
1,     77291,22079,        4457403184,0.0,0.0
0,     77293,0,        4457501988,0.0,1662
1,     77295,22080,        4457603184,0.0,0.0
0,     77297,0,        4457622337,0.0,6204
0,     77299,0,        4457681390,0.0,5900
0,     77301,0,        4457793014,0.0,3439
1,     77303,22081,        4457803188,0.0,0.0
1,     77305,22082,        4458003188,0.0,0.0
1,     77307,22083,        4458203188,0.0,0.0
0,     77309,0,        4458321361,0.0,891
1,     77311,22084,        4458403192,0.0,0.0
0,     77313,0,        4458512332,0.0,3975
1,     77315,22085,        4458603192,0.0,0.0
0,     77317,0,        4458645334,0.0,713
1,     77319,22086,        4458803192,0.0,0.0
1,     77321,22087,        4459003196,0.0,0.0
1,     77323,22088,        4459203196,0.0,0.0
1,     77325,22089,        4459403196,0.0,0.0
0,     77327,0,        4459460280,0.0,3577
0,     77328,0,        4459460569,0.0,2242
0,     77330,0,        4459538313,0.0,3796
0,     77332,0,        4459592684,0.0,3533
1,     77334,22090,        4459603196,0.0,0.0
1,     77336,22091,        4459803200,0.0,0.0
1,     77338,22092,        4460003200,0.0,0.0
0,     77340,0,        4460152439,0.0,2290
1,     77342,22093,        4460203200,0.0,0.0
1,     77344,22094,        4460403204,0.0,0.0
1,     77346,22095,        4460603204,0.0,0.0
1,     77348,22096,        4460803204,0.0,0.0
0,     77350,0,        4460900351,0.0,629
1,     77352,22097,        4461003208,0.0,0.0
0,     77354,0,        4461041267,0.0,3486
0,     77356,0,        4461085794,0.0,816
0,     77358,0,        4461091907,0.0,930
0,     77359,0,        4461092416,0.0,4811
0,     77361,0,        4461165152,0.0,66
1,     77363,22098,        4461203208,0.0,0.0
1,     77365,22099,        4461403208,0.0,0.0
0,     77367,0,        4461467689,0.0,1716
1,     77369,22100,        4461603208,0.0,0.0
0,     77371,0,        4461653614,0.0,3391
0,     77373,0,        4461702925,0.0,4403
1,     77375,22101,        4461803212,0.0,0.0
0,     77377,0,        4461867340,0.0,4590
1,     77379,22102,        4462003212,0.0,0.0
0,     77381,0,        4462018401,0.0,4166
1,     77383,22103,        4462203212,0.0,0.0
1,     77385,22104,        4462403216,0.0,0.0
0,     77387,0,        4462504589,0.0,1143
1,     77389,22105,        4462603216,0.0,0.0
1,     77391,22106,        4462803216,0.0,0.0
0,     77392,0,        4462803686,0.0,3471
1,     77394,22107,        4463003220,0.0,0.0
0,     77396,0,        4463146631,0.0,3477
1,     77398,22108,        4463203220,0.0,0.0
0,     77400,0,        4463326903,0.0,138
1,     77402,22109,        4463403220,0.0,0.0
1,     77404,22110,        4463603220,0.0,0.0
0,     77406,0,        4463627796,0.0,3569
0,     77408,0,        4463642970,0.0,4647
1,     77410,22111,        4463803224,0.0,0.0
1,     77412,22112,        4464003224,0.0,0.0
1,     77414,22113,        4464203224,0.0,0.0
0,     77416,0,        4464218423,0.0,4578
1,     77418,22114,        4464403228,0.0,0.0
1,     77420,22115,        4464603228,0.0,0.0
1,     77422,22116,        4464803228,0.0,0.0
1,     77424,22117,        4465003228,0.0,0.0
0,     77426,0,        4465016073,0.0,3543
1,     77428,22118,        4465203232,0.0,0.0
0,     77430,0,        4465336773,0.0,106
1,     77432,22119,        4465403232,0.0,0.0
0,     77434,0,        4465480744,0.0,2745
0,     77436,0,        4465567396,0.0,5396
0,     77437,0,        4465567409,0.0,3842
1,     77439,22120,        4465603232,0.0,0.0
0,     77441,0,        4465647108,0.0,2178
1,     77443,22121,        4465803236,0.0,0.0
0,     77445,0,        4465896782,0.0,4634
1,     77447,22122,        4466003236,0.0,0.0
0,     77449,0,        4466192796,0.0,3574
1,     77451,22123,        4466203236,0.0,0.0
1,     77453,22124,        4466403240,0.0,0.0
0,     77455,0,        4466497963,0.0,6204
1,     77457,22125,        4466603240,0.0,0.0
0,     77459,0,        4466798074,0.0,2531
1,     77461,22126,        4466803240,0.0,0.0
1,     77463,22127,        4467003240,0.0,0.0
1,     77465,22128,        4467203244,0.0,0.0
0,     77467,0,        4467356645,0.0,2367
1,     77469,22129,        4467403244,0.0,0.0
0,     77471,0,        4467511489,0.0,5089
1,     77473,22130,        4467603244,0.0,0.0
0,     77475,0,        4467655649,0.0,1840
1,     77477,22131,        4467803248,0.0,0.0
0,     77479,0,        4467905823,0.0,1479
1,     77481,22132,        4468003248,0.0,0.0
1,     77483,22133,        4468203248,0.0,0.0
1,     77485,22134,        4468403252,0.0,0.0
1,     77487,22135,        4468603252,0.0,0.0
1,     77489,22136,        4468803252,0.0,0.0
0,     77491,0,        4468945439,0.0,2192
1,     77493,22137,        4469003252,0.0,0.0
0,     77495,0,        4469041009,0.0,1635
0,     77497,0,        4469141485,0.0,5299
1,     77499,22138,        4469203256,0.0,0.0
0,     77501,0,        4469282341,0.0,1963
0,     77503,0,        4469350904,0.0,4880
1,     77505,22139,        4469403256,0.0,0.0
0,     77507,0,        4469531400,0.0,5071
1,     77509,22140,        4469603256,0.0,0.0
1,     77511,22141,        4469803260,0.0,0.0
0,     77513,0,        4469928490,0.0,467
1,     77515,22142,        4470003260,0.0,0.0
1,     77517,22143,        4470203260,0.0,0.0
1,     77519,22144,        4470403264,0.0,0.0
1,     77521,22145,        4470603264,0.0,0.0
0,     77523,0,        4470662641,0.0,4164
1,     77525,22146,        4470803264,0.0,0.0
0,     77527,0,        4470907842,0.0,377
1,     77529,22147,        4471003264,0.0,0.0
1,     77531,22148,        4471203268,0.0,0.0
1,     77533,22149,        4471403268,0.0,0.0
1,     77535,22150,        4471603268,0.0,0.0
1,     77537,22151,        4471803272,0.0,0.0
0,     77539,0,        4471879519,0.0,4561
1,     77541,22152,        4472003272,0.0,0.0
0,     77543,0,        4472039384,0.0,5051
1,     77545,22153,        4472203272,0.0,0.0
1,     77547,22154,        4472403276,0.0,0.0
0,     77549,0,        4472496432,0.0,1579
1,     77551,22155,        4472603276,0.0,0.0
0,     77553,0,        4472635566,0.0,874
0,     77555,0,        4472728657,0.0,2852
1,     77557,22156,        4472803276,0.0,0.0
1,     77559,22157,        4473003276,0.0,0.0
0,     77561,0,        4473046815,0.0,203
1,     77563,22158,        4473203280,0.0,0.0
0,     77565,0,        4473293535,0.0,2387
1,     77567,22159,        4473403280,0.0,0.0
0,     77569,0,        4473511042,0.0,5325
1,     77571,22160,        4473603280,0.0,0.0
1,     77573,22161,        4473803284,0.0,0.0
0,     77575,0,        4473824265,0.0,6174
0,     77577,0,        4473844579,0.0,3019
1,     77579,22162,        4474003284,0.0,0.0
0,     77581,0,        4474073994,0.0,2144
1,     77583,22163,        4474203284,0.0,0.0
1,     77585,22164,        4474403284,0.0,0.0
0,     77587,0,        4474575606,0.0,5148
1,     77589,22165,        4474603288,0.0,0.0
1,     77591,22166,        4474803288,0.0,0.0
0,     77593,0,        4474873817,0.0,5395
0,     77595,0,        4474986848,0.0,2100
0,     77597,0,        4474998830,0.0,3890
1,     77599,22167,        4475003288,0.0,0.0
0,     77601,0,        4475018485,0.0,2879
0,     77603,0,        4475201143,0.0,4968
1,     77605,22168,        4475203292,0.0,0.0
1,     77607,22169,        4475403292,0.0,0.0
1,     77609,22170,        4475603292,0.0,0.0
0,     77611,0,        4475675510,0.0,1431
0,     77613,0,        4475772500,0.0,2594
1,     77615,22171,        4475803296,0.0,0.0
0,     77617,0,        4475944155,0.0,793
0,     77619,0,        4475984299,0.0,2540
1,     77621,22172,        4476003296,0.0,0.0
1,     77623,22173,        4476203296,0.0,0.0
1,     77625,22174,        4476403296,0.0,0.0
0,     77627,0,        4476558997,0.0,3952
1,     77629,22175,        4476603300,0.0,0.0
0,     77631,0,        4476613636,0.0,4700
1,     77633,22176,        4476803300,0.0,0.0
0,     77635,0,        4476865581,0.0,2238
1,     77637,22177,        4477003300,0.0,0.0
0,     77639,0,        4477119247,0.0,4650
0,     77641,0,        4477119616,0.0,1441
1,     77643,22178,        4477203304,0.0,0.0
0,     77645,0,        4477221717,0.0,8
0,     77647,0,        4477283806,0.0,2517
0,     77649,0,        4477332211,0.0,1822
1,     77651,22179,        4477403304,0.0,0.0
0,     77653,0,        4477494995,0.0,1765
1,     77655,22180,        4477603304,0.0,0.0
0,     77657,0,        4477756501,0.0,2164
1,     77659,22181,        4477803308,0.0,0.0
1,     77661,22182,        4478003308,0.0,0.0
0,     77663,0,        4478093859,0.0,149
1,     77665,22183,        4478203308,0.0,0.0
1,     77667,22184,        4478403308,0.0,0.0
1,     77669,22185,        4478603312,0.0,0.0
0,     77671,0,        4478770768,0.0,5488
1,     77673,22186,        4478803312,0.0,0.0
1,     77675,22187,        4479003312,0.0,0.0
0,     77677,0,        4479149523,0.0,2897
1,     77679,22188,        4479203316,0.0,0.0
1,     77681,22189,        4479403316,0.0,0.0
1,     77683,22190,        4479603316,0.0,0.0
1,     77685,22191,        4479803320,0.0,0.0
1,     77687,22192,        4480003320,0.0,0.0
1,     77689,22193,        4480203320,0.0,0.0
0,     77691,0,        4480379926,0.0,1770
1,     77693,22194,        4480403320,0.0,0.0
1,     77695,22195,        4480603324,0.0,0.0
1,     77697,22196,        4480803324,0.0,0.0
1,     77699,22197,        4481003324,0.0,0.0
1,     77701,22198,        4481203328,0.0,0.0
1,     77703,22199,        4481403328,0.0,0.0
1,     77705,22200,        4481603328,0.0,0.0
0,     77707,0,        4481685870,0.0,3043
0,     77709,0,        4481710006,0.0,2473
1,     77711,22201,        4481803328,0.0,0.0
1,     77713,22202,        4482003332,0.0,0.0
0,     77715,0,        4482020805,0.0,3697
1,     77717,22203,        4482203332,0.0,0.0
0,     77719,0,        4482247727,0.0,3900
1,     77721,22204,        4482403332,0.0,0.0
0,     77723,0,        4482532263,0.0,3714
0,     77725,0,        4482569597,0.0,201
1,     77727,22205,        4482603336,0.0,0.0
0,     77729,0,        4482746932,0.0,646
1,     77731,22206,        4482803336,0.0,0.0
0,     77733,0,        4482957940,0.0,3173
0,     77735,0,        4482976070,0.0,5775
1,     77737,22207,        4483003336,0.0,0.0
1,     77739,22208,        4483203340,0.0,0.0
1,     77741,22209,        4483403340,0.0,0.0
0,     77743,0,        4483416856,0.0,3432
1,     77745,22210,        4483603340,0.0,0.0
0,     77747,0,        4483660764,0.0,1604
0,     77749,0,        4483764691,0.0,454
1,     77751,22211,        4483803344,0.0,0.0
1,     77753,22212,        4484003344,0.0,0.0
1,     77755,22213,        4484203344,0.0,0.0
0,     77757,0,        4484347782,0.0,4350
1,     77759,22214,        4484403344,0.0,0.0
0,     77761,0,        4484491201,0.0,1909
1,     77763,22215,        4484603348,0.0,0.0
0,     77765,0,        4484644143,0.0,4471
0,     77767,0,        4484744652,0.0,3679
1,     77769,22216,        4484803348,0.0,0.0
0,     77771,0,        4484950553,0.0,5291
1,     77773,22217,        4485003348,0.0,0.0
0,     77775,0,        4485191042,0.0,1783
1,     77777,22218,        4485203352,0.0,0.0
1,     77779,22219,        4485403352,0.0,0.0
1,     77781,22220,        4485603352,0.0,0.0
1,     77783,22221,        4485803352,0.0,0.0
0,     77785,0,        4485816945,0.0,3809
1,     77787,22222,        4486003356,0.0,0.0
0,     77789,0,        4486146758,0.0,2718
1,     77791,22223,        4486203356,0.0,0.0
0,     77793,0,        4486381062,0.0,6242
0,     77795,0,        4486382976,0.0,5755
1,     77797,22224,        4486403356,0.0,0.0
0,     77799,0,        4486560793,0.0,3841
1,     77801,22225,        4486603360,0.0,0.0
0,     77803,0,        4486701360,0.0,3934
1,     77805,22226,        4486803360,0.0,0.0
0,     77807,0,        4486986074,0.0,5181
1,     77809,22227,        4487003360,0.0,0.0
0,     77811,0,        4487119725,0.0,1735
1,     77813,22228,        4487203364,0.0,0.0
0,     77815,0,        4487377294,0.0,4479
1,     77817,22229,        4487403364,0.0,0.0
1,     77819,22230,        4487603364,0.0,0.0
1,     77821,22231,        4487803364,0.0,0.0
1,     77823,22232,        4488003368,0.0,0.0
1,     77825,22233,        4488203368,0.0,0.0
1,     77827,22234,        4488403368,0.0,0.0
0,     77829,0,        4488410710,0.0,5778
0,     77831,0,        4488442777,0.0,1665
1,     77833,22235,        4488603372,0.0,0.0
0,     77835,0,        4488608982,0.0,3040
0,     77837,0,        4488791796,0.0,2219
1,     77839,22236,        4488803372,0.0,0.0
1,     77841,22237,        4489003372,0.0,0.0
0,     77843,0,        4489155982,0.0,1681
1,     77845,22238,        4489203376,0.0,0.0
1,     77847,22239,        4489403376,0.0,0.0
1,     77849,22240,        4489603376,0.0,0.0
0,     77851,0,        4489718939,0.0,1444
1,     77853,22241,        4489803376,0.0,0.0
0,     77855,0,        4489941274,0.0,4675
0,     77857,0,        4489964993,0.0,5228
1,     77859,22242,        4490003380,0.0,0.0
1,     77861,22243,        4490203380,0.0,0.0
0,     77863,0,        4490257028,0.0,3650
1,     77865,22244,        4490403380,0.0,0.0
0,     77867,0,        4490557608,0.0,2555
1,     77869,22245,        4490603384,0.0,0.0
0,     77871,0,        4490653916,0.0,1058
1,     77873,22246,        4490803384,0.0,0.0
0,     77875,0,        4490831978,0.0,2922
1,     77877,22247,        4491003384,0.0,0.0
1,     77879,22248,        4491203388,0.0,0.0
0,     77881,0,        4491244631,0.0,4266
1,     77883,22249,        4491403388,0.0,0.0
0,     77885,0,        4491482409,0.0,4864
1,     77887,22250,        4491603388,0.0,0.0
0,     77889,0,        4491777282,0.0,3600
1,     77891,22251,        4491803388,0.0,0.0
1,     77893,22252,        4492003392,0.0,0.0
0,     77895,0,        4492194259,0.0,3006
0,     77896,0,        4492194287,0.0,3952
1,     77898,22253,        4492203392,0.0,0.0
1,     77900,22254,        4492403392,0.0,0.0
1,     77902,22255,        4492603396,0.0,0.0
1,     77904,22256,        4492803396,0.0,0.0
0,     77906,0,        4492942853,0.0,3682
1,     77908,22257,        4493003396,0.0,0.0
1,     77910,22258,        4493203396,0.0,0.0
0,     77912,0,        4493208613,0.0,3980
1,     77914,22259,        4493403400,0.0,0.0
0,     77916,0,        4493413890,0.0,5897
1,     77918,22260,        4493603400,0.0,0.0
1,     77920,22261,        4493803400,0.0,0.0
1,     77922,22262,        4494003404,0.0,0.0
1,     77924,22263,        4494203404,0.0,0.0
1,     77926,22264,        4494403404,0.0,0.0
1,     77928,22265,        4494603408,0.0,0.0
0,     77930,0,        4494800755,0.0,827
1,     77932,22266,        4494803408,0.0,0.0
1,     77934,22267,        4495003408,0.0,0.0
1,     77936,22268,        4495203408,0.0,0.0
1,     77938,22269,        4495403412,0.0,0.0
0,     77940,0,        4495518735,0.0,6236
0,     77941,0,        4495518870,0.0,592
1,     77943,22270,        4495603412,0.0,0.0
1,     77945,22271,        4495803412,0.0,0.0
0,     77946,0,        4495804114,0.0,1171
0,     77948,0,        4495921161,0.0,5532
1,     77950,22272,        4496003416,0.0,0.0
1,     77952,22273,        4496203416,0.0,0.0
0,     77954,0,        4496306613,0.0,3869
1,     77956,22274,        4496403416,0.0,0.0
0,     77958,0,        4496453320,0.0,1920
1,     77960,22275,        4496603420,0.0,0.0
1,     77962,22276,        4496803420,0.0,0.0
0,     77964,0,        4496826347,0.0,3929
1,     77966,22277,        4497003420,0.0,0.0
0,     77968,0,        4497173971,0.0,5807
1,     77970,22278,        4497203420,0.0,0.0
0,     77972,0,        4497317344,0.0,821
1,     77974,22279,        4497403424,0.0,0.0
0,     77976,0,        4497541060,0.0,2782
1,     77978,22280,        4497603424,0.0,0.0
1,     77980,22281,        4497803424,0.0,0.0
1,     77982,22282,        4498003428,0.0,0.0
1,     77984,22283,        4498203428,0.0,0.0
0,     77986,0,        4498307684,0.0,4731
1,     77988,22284,        4498403428,0.0,0.0
1,     77990,22285,        4498603432,0.0,0.0
0,     77992,0,        4498691323,0.0,5928
0,     77993,0,        4498691489,0.0,5096
1,     77995,22286,        4498803432,0.0,0.0
1,     77997,22287,        4499003432,0.0,0.0
0,     77999,0,        4499120484,0.0,3903
0,     78001,0,        4499164505,0.0,4037
1,     78003,22288,        4499203432,0.0,0.0
0,     78005,0,        4499277192,0.0,2300
1,     78007,22289,        4499403436,0.0,0.0
0,     78009,0,        4499602665,0.0,2192
1,     78010,22290,        4499603436,0.0,0.0
1,     78012,22291,        4499803436,0.0,0.0
0,     78014,0,        4499813702,0.0,3260
0,     78016,0,        4499821319,0.0,139
1,     78018,22292,        4500003440,0.0,0.0
1,     78020,22293,        4500203440,0.0,0.0
1,     78022,22294,        4500403440,0.0,0.0
1,     78024,22295,        4500603444,0.0,0.0
0,     78026,0,        4500677598,0.0,210
1,     78028,22296,        4500803444,0.0,0.0
0,     78030,0,        4500943205,0.0,4794
1,     78032,22297,        4501003444,0.0,0.0
1,     78034,22298,        4501203444,0.0,0.0
1,     78036,22299,        4501403448,0.0,0.0
0,     78038,0,        4501412893,0.0,3845
0,     78040,0,        4501532213,0.0,2955
1,     78042,22300,        4501603448,0.0,0.0
0,     78044,0,        4501614404,0.0,3888
1,     78046,22301,        4501803448,0.0,0.0
0,     78048,0,        4501812078,0.0,1330
1,     78050,22302,        4502003452,0.0,0.0
0,     78052,0,        4502009890,0.0,3517
0,     78054,0,        4502069350,0.0,1620
1,     78056,22303,        4502203452,0.0,0.0
0,     78058,0,        4502240504,0.0,1437
1,     78060,22304,        4502403452,0.0,0.0
1,     78062,22305,        4502603452,0.0,0.0
0,     78064,0,        4502628944,0.0,3978
1,     78066,22306,        4502803456,0.0,0.0
0,     78068,0,        4502950919,0.0,4500
1,     78070,22307,        4503003456,0.0,0.0
1,     78072,22308,        4503203456,0.0,0.0
0,     78074,0,        4503308412,0.0,5797
1,     78076,22309,        4503403460,0.0,0.0
0,     78078,0,        4503490806,0.0,5610
1,     78080,22310,        4503603460,0.0,0.0
1,     78082,22311,        4503803460,0.0,0.0
1,     78084,22312,        4504003464,0.0,0.0
1,     78086,22313,        4504203464,0.0,0.0
0,     78088,0,        4504256419,0.0,3809
1,     78090,22314,        4504403464,0.0,0.0
1,     78092,22315,        4504603464,0.0,0.0
0,     78094,0,        4504763032,0.0,2982
1,     78096,22316,        4504803468,0.0,0.0
1,     78098,22317,        4505003468,0.0,0.0
1,     78100,22318,        4505203468,0.0,0.0
1,     78102,22319,        4505403472,0.0,0.0
0,     78104,0,        4505448855,0.0,2106
0,     78105,0,        4505448985,0.0,2975
1,     78107,22320,        4505603472,0.0,0.0
0,     78109,0,        4505702598,0.0,3814
1,     78111,22321,        4505803472,0.0,0.0
0,     78113,0,        4505813690,0.0,1944
1,     78115,22322,        4506003476,0.0,0.0
0,     78117,0,        4506072415,0.0,3765
1,     78119,22323,        4506203476,0.0,0.0
1,     78121,22324,        4506403476,0.0,0.0
0,     78123,0,        4506447840,0.0,81
1,     78125,22325,        4506603476,0.0,0.0
1,     78127,22326,        4506803480,0.0,0.0
0,     78129,0,        4506906449,0.0,573
1,     78131,22327,        4507003480,0.0,0.0
0,     78133,0,        4507057722,0.0,4560
1,     78135,22328,        4507203480,0.0,0.0
0,     78137,0,        4507255626,0.0,3107
0,     78139,0,        4507349414,0.0,3794
1,     78141,22329,        4507403484,0.0,0.0
0,     78143,0,        4507520187,0.0,2693
0,     78145,0,        4507557420,0.0,2077
0,     78146,0,        4507557561,0.0,336
0,     78148,0,        4507584253,0.0,128
1,     78150,22330,        4507603484,0.0,0.0
1,     78152,22331,        4507803484,0.0,0.0
1,     78154,22332,        4508003488,0.0,0.0
0,     78156,0,        4508067159,0.0,5849
1,     78158,22333,        4508203488,0.0,0.0
0,     78160,0,        4508353642,0.0,5282
1,     78162,22334,        4508403488,0.0,0.0
1,     78164,22335,        4508603488,0.0,0.0
1,     78166,22336,        4508803492,0.0,0.0
1,     78168,22337,        4509003492,0.0,0.0
0,     78170,0,        4509012849,0.0,619
0,     78172,0,        4509041948,0.0,1475
1,     78174,22338,        4509203492,0.0,0.0
1,     78176,22339,        4509403496,0.0,0.0
0,     78178,0,        4509517939,0.0,1250
1,     78180,22340,        4509603496,0.0,0.0
0,     78182,0,        4509744982,0.0,3045
0,     78184,0,        4509787457,0.0,169
1,     78186,22341,        4509803496,0.0,0.0
1,     78188,22342,        4510003496,0.0,0.0
0,     78190,0,        4510071295,0.0,431
0,     78192,0,        4510112719,0.0,5566
1,     78194,22343,        4510203500,0.0,0.0
0,     78196,0,        4510368227,0.0,2339
0,     78198,0,        4510388297,0.0,6001
1,     78200,22344,        4510403500,0.0,0.0
1,     78202,22345,        4510603500,0.0,0.0
0,     78204,0,        4510628483,0.0,4877
0,     78205,0,        4510628836,0.0,1232
0,     78207,0,        4510752892,0.0,612
0,     78209,0,        4510764561,0.0,1712
0,     78210,0,        4510764647,0.0,2885
1,     78212,22346,        4510803504,0.0,0.0
1,     78214,22347,        4511003504,0.0,0.0
0,     78216,0,        4511193429,0.0,1138
1,     78218,22348,        4511203504,0.0,0.0
1,     78220,22349,        4511403508,0.0,0.0
1,     78222,22350,        4511603508,0.0,0.0
0,     78224,0,        4511661800,0.0,5702
1,     78226,22351,        4511803508,0.0,0.0
1,     78228,22352,        4512003508,0.0,0.0
0,     78230,0,        4512200731,0.0,661
1,     78232,22353,        4512203512,0.0,0.0
1,     78234,22354,        4512403512,0.0,0.0
0,     78236,0,        4512405872,0.0,3813
1,     78238,22355,        4512603512,0.0,0.0
1,     78240,22356,        4512803516,0.0,0.0
1,     78242,22357,        4513003516,0.0,0.0
0,     78244,0,        4513051721,0.0,1688
1,     78246,22358,        4513203516,0.0,0.0
1,     78248,22359,        4513403520,0.0,0.0
0,     78250,0,        4513579345,0.0,830
1,     78252,22360,        4513603520,0.0,0.0
1,     78254,22361,        4513803520,0.0,0.0
1,     78256,22362,        4514003520,0.0,0.0
1,     78258,22363,        4514203524,0.0,0.0
0,     78260,0,        4514335732,0.0,4839
1,     78262,22364,        4514403524,0.0,0.0
1,     78264,22365,        4514603524,0.0,0.0
1,     78266,22366,        4514803528,0.0,0.0
0,     78268,0,        4514956384,0.0,3461
1,     78270,22367,        4515003528,0.0,0.0
1,     78272,22368,        4515203528,0.0,0.0
1,     78274,22369,        4515403532,0.0,0.0
0,     78276,0,        4515432483,0.0,3417
0,     78278,0,        4515589035,0.0,3169
1,     78280,22370,        4515603532,0.0,0.0
1,     78282,22371,        4515803532,0.0,0.0
0,     78284,0,        4515955751,0.0,1694
1,     78286,22372,        4516003532,0.0,0.0
0,     78288,0,        4516044354,0.0,1763
1,     78290,22373,        4516203536,0.0,0.0
1,     78292,22374,        4516403536,0.0,0.0
0,     78294,0,        4516588489,0.0,38
1,     78296,22375,        4516603536,0.0,0.0
0,     78298,0,        4516782430,0.0,5337
0,     78300,0,        4516793120,0.0,2133
1,     78302,22376,        4516803540,0.0,0.0
0,     78304,0,        4516828311,0.0,1222
1,     78306,22377,        4517003540,0.0,0.0
1,     78308,22378,        4517203540,0.0,0.0
1,     78310,22379,        4517403544,0.0,0.0
1,     78312,22380,        4517603544,0.0,0.0
1,     78314,22381,        4517803544,0.0,0.0
1,     78316,22382,        4518003544,0.0,0.0
1,     78318,22383,        4518203548,0.0,0.0
1,     78320,22384,        4518403548,0.0,0.0
0,     78322,0,        4518478178,0.0,2184
0,     78324,0,        4518525681,0.0,4345
1,     78326,22385,        4518603548,0.0,0.0
0,     78328,0,        4518724172,0.0,1839
1,     78330,22386,        4518803552,0.0,0.0
0,     78332,0,        4518854488,0.0,3577
0,     78334,0,        4518918640,0.0,196
1,     78336,22387,        4519003552,0.0,0.0
0,     78338,0,        4519201597,0.0,4636
1,     78340,22388,        4519203552,0.0,0.0
0,     78342,0,        4519214073,0.0,4329
0,     78344,0,        4519308440,0.0,3331
1,     78346,22389,        4519403552,0.0,0.0
0,     78348,0,        4519581154,0.0,3161
1,     78350,22390,        4519603556,0.0,0.0
0,     78352,0,        4519609742,0.0,1213
0,     78353,0,        4519609844,0.0,135
0,     78355,0,        4519711055,0.0,5332
1,     78357,22391,        4519803556,0.0,0.0
0,     78359,0,        4519827736,0.0,4018
0,     78361,0,        4519867775,0.0,914
1,     78363,22392,        4520003556,0.0,0.0
0,     78365,0,        4520116722,0.0,753
0,     78367,0,        4520191041,0.0,823
1,     78369,22393,        4520203560,0.0,0.0
1,     78371,22394,        4520403560,0.0,0.0
0,     78373,0,        4520439481,0.0,2449
0,     78375,0,        4520564919,0.0,1373
0,     78377,0,        4520597163,0.0,2064
1,     78379,22395,        4520603560,0.0,0.0
1,     78381,22396,        4520803564,0.0,0.0
1,     78383,22397,        4521003564,0.0,0.0
1,     78385,22398,        4521203564,0.0,0.0
0,     78387,0,        4521312133,0.0,621
1,     78389,22399,        4521403564,0.0,0.0
1,     78391,22400,        4521603568,0.0,0.0
1,     78393,22401,        4521803568,0.0,0.0
0,     78395,0,        4521812299,0.0,1045
1,     78397,22402,        4522003568,0.0,0.0
1,     78399,22403,        4522203572,0.0,0.0
1,     78401,22404,        4522403572,0.0,0.0
0,     78403,0,        4522518361,0.0,5041
0,     78405,0,        4522539932,0.0,4570
1,     78407,22405,        4522603572,0.0,0.0
1,     78409,22406,        4522803576,0.0,0.0
1,     78411,22407,        4523003576,0.0,0.0
0,     78413,0,        4523156048,0.0,2243
1,     78415,22408,        4523203576,0.0,0.0
1,     78417,22409,        4523403576,0.0,0.0
1,     78419,22410,        4523603580,0.0,0.0
0,     78421,0,        4523629460,0.0,1311
0,     78423,0,        4523630446,0.0,2175
1,     78425,22411,        4523803580,0.0,0.0
0,     78427,0,        4523809822,0.0,5609
0,     78429,0,        4523862505,0.0,3198
0,     78431,0,        4523920218,0.0,2056
0,     78433,0,        4523925110,0.0,748
1,     78435,22412,        4524003580,0.0,0.0
1,     78437,22413,        4524203584,0.0,0.0
0,     78439,0,        4524233921,0.0,5080
0,     78441,0,        4524305703,0.0,1857
1,     78443,22414,        4524403584,0.0,0.0
1,     78445,22415,        4524603584,0.0,0.0
1,     78447,22416,        4524803588,0.0,0.0
0,     78449,0,        4524983479,0.0,3580
1,     78451,22417,        4525003588,0.0,0.0
0,     78453,0,        4525090967,0.0,3208
1,     78455,22418,        4525203588,0.0,0.0
0,     78457,0,        4525204887,0.0,4078
1,     78459,22419,        4525403588,0.0,0.0
1,     78461,22420,        4525603592,0.0,0.0
1,     78463,22421,        4525803592,0.0,0.0
0,     78465,0,        4525944522,0.0,4371
1,     78467,22422,        4526003592,0.0,0.0
0,     78469,0,        4526100526,0.0,6095
1,     78471,22423,        4526203596,0.0,0.0
1,     78473,22424,        4526403596,0.0,0.0
0,     78475,0,        4526406525,0.0,1601
0,     78477,0,        4526531903,0.0,2614
1,     78479,22425,        4526603596,0.0,0.0
0,     78481,0,        4526655127,0.0,3316
1,     78483,22426,        4526803596,0.0,0.0
0,     78485,0,        4526882582,0.0,5045
1,     78487,22427,        4527003600,0.0,0.0
0,     78489,0,        4527058857,0.0,5248
1,     78491,22428,        4527203600,0.0,0.0
0,     78493,0,        4527267248,0.0,5959
0,     78495,0,        4527297268,0.0,6224
1,     78497,22429,        4527403600,0.0,0.0
1,     78499,22430,        4527603604,0.0,0.0
0,     78501,0,        4527796638,0.0,3465
1,     78503,22431,        4527803604,0.0,0.0
0,     78505,0,        4527986226,0.0,1284
1,     78507,22432,        4528003604,0.0,0.0
1,     78509,22433,        4528203608,0.0,0.0
1,     78511,22434,        4528403608,0.0,0.0
0,     78513,0,        4528568226,0.0,3583
1,     78515,22435,        4528603608,0.0,0.0
0,     78517,0,        4528704467,0.0,2730
1,     78519,22436,        4528803608,0.0,0.0
0,     78521,0,        4528969755,0.0,368
1,     78523,22437,        4529003612,0.0,0.0
0,     78525,0,        4529198052,0.0,5174
1,     78527,22438,        4529203612,0.0,0.0
0,     78529,0,        4529311356,0.0,5049
0,     78531,0,        4529353957,0.0,2898
1,     78533,22439,        4529403612,0.0,0.0
1,     78535,22440,        4529603616,0.0,0.0
0,     78537,0,        4529772414,0.0,2559
1,     78539,22441,        4529803616,0.0,0.0
0,     78541,0,        4529888179,0.0,4343
0,     78543,0,        4529962425,0.0,3609
1,     78545,22442,        4530003616,0.0,0.0
0,     78547,0,        4530103488,0.0,4653
1,     78549,22443,        4530203620,0.0,0.0
1,     78551,22444,        4530403620,0.0,0.0
0,     78553,0,        4530542124,0.0,2507
1,     78555,22445,        4530603620,0.0,0.0
0,     78557,0,        4530655406,0.0,168
1,     78559,22446,        4530803620,0.0,0.0
0,     78561,0,        4530857011,0.0,2360
0,     78563,0,        4530999761,0.0,5001
1,     78565,22447,        4531003624,0.0,0.0
1,     78567,22448,        4531203624,0.0,0.0
0,     78569,0,        4531216581,0.0,1826
0,     78571,0,        4531253861,0.0,628
0,     78573,0,        4531299705,0.0,5698
0,     78575,0,        4531348695,0.0,833
1,     78577,22449,        4531403624,0.0,0.0
1,     78579,22450,        4531603628,0.0,0.0
0,     78581,0,        4531672556,0.0,961
1,     78583,22451,        4531803628,0.0,0.0
0,     78585,0,        4531898833,0.0,894
0,     78587,0,        4531941898,0.0,2145
1,     78589,22452,        4532003628,0.0,0.0
0,     78591,0,        4532017901,0.0,3370
1,     78593,22453,        4532203632,0.0,0.0
0,     78595,0,        4532262766,0.0,5165
1,     78597,22454,        4532403632,0.0,0.0
1,     78599,22455,        4532603632,0.0,0.0
0,     78601,0,        4532752200,0.0,2716
1,     78603,22456,        4532803632,0.0,0.0
0,     78605,0,        4532921913,0.0,5517
1,     78607,22457,        4533003636,0.0,0.0
0,     78609,0,        4533005264,0.0,5487
0,     78611,0,        4533148910,0.0,1877
1,     78613,22458,        4533203636,0.0,0.0
1,     78615,22459,        4533403636,0.0,0.0
1,     78617,22460,        4533603640,0.0,0.0
1,     78619,22461,        4533803640,0.0,0.0
0,     78620,0,        4533803665,0.0,6181
0,     78621,0,        4533803807,0.0,1792
1,     78623,22462,        4534003640,0.0,0.0
1,     78625,22463,        4534203644,0.0,0.0
0,     78627,0,        4534269292,0.0,2688
1,     78629,22464,        4534403644,0.0,0.0
0,     78631,0,        4534591080,0.0,2638
1,     78633,22465,        4534603644,0.0,0.0
1,     78635,22466,        4534803644,0.0,0.0
0,     78637,0,        4534909319,0.0,1946
1,     78639,22467,        4535003648,0.0,0.0
1,     78641,22468,        4535203648,0.0,0.0
1,     78643,22469,        4535403648,0.0,0.0
0,     78645,0,        4535556719,0.0,4045
1,     78647,22470,        4535603652,0.0,0.0
1,     78649,22471,        4535803652,0.0,0.0
0,     78651,0,        4535839519,0.0,5564
0,     78653,0,        4535974952,0.0,119
0,     78654,0,        4535975126,0.0,5368
1,     78656,22472,        4536003652,0.0,0.0
0,     78658,0,        4536084973,0.0,5305
1,     78660,22473,        4536203652,0.0,0.0
1,     78662,22474,        4536403656,0.0,0.0
0,     78664,0,        4536419896,0.0,1691
1,     78666,22475,        4536603656,0.0,0.0
0,     78668,0,        4536658796,0.0,4996
0,     78670,0,        4536665677,0.0,5150
0,     78672,0,        4536782080,0.0,2907
1,     78674,22476,        4536803656,0.0,0.0
1,     78676,22477,        4537003660,0.0,0.0
0,     78678,0,        4537126883,0.0,1488
0,     78680,0,        4537127890,0.0,473
0,     78682,0,        4537169384,0.0,5412
1,     78684,22478,        4537203660,0.0,0.0
1,     78686,22479,        4537403660,0.0,0.0
0,     78688,0,        4537498158,0.0,4324
1,     78690,22480,        4537603664,0.0,0.0
1,     78692,22481,        4537803664,0.0,0.0
1,     78694,22482,        4538003664,0.0,0.0
0,     78696,0,        4538024391,0.0,3730
1,     78698,22483,        4538203664,0.0,0.0
1,     78700,22484,        4538403668,0.0,0.0
0,     78702,0,        4538570898,0.0,5625
1,     78704,22485,        4538603668,0.0,0.0
0,     78706,0,        4538786028,0.0,4526
1,     78708,22486,        4538803668,0.0,0.0
1,     78710,22487,        4539003672,0.0,0.0
0,     78712,0,        4539066011,0.0,3485
0,     78714,0,        4539129946,0.0,172
1,     78716,22488,        4539203672,0.0,0.0
1,     78718,22489,        4539403672,0.0,0.0
1,     78720,22490,        4539603676,0.0,0.0
0,     78722,0,        4539640878,0.0,1438
1,     78724,22491,        4539803676,0.0,0.0
0,     78726,0,        4539853415,0.0,2740
1,     78728,22492,        4540003676,0.0,0.0
1,     78730,22493,        4540203676,0.0,0.0
0,     78732,0,        4540287171,0.0,495
1,     78734,22494,        4540403680,0.0,0.0
1,     78736,22495,        4540603680,0.0,0.0
0,     78738,0,        4540705623,0.0,3598
1,     78740,22496,        4540803680,0.0,0.0
0,     78742,0,        4540993857,0.0,997
1,     78744,22497,        4541003684,0.0,0.0
0,     78746,0,        4541145968,0.0,3803
1,     78748,22498,        4541203684,0.0,0.0
1,     78750,22499,        4541403684,0.0,0.0
1,     78752,22500,        4541603688,0.0,0.0
1,     78754,22501,        4541803688,0.0,0.0
1,     78756,22502,        4542003688,0.0,0.0
1,     78758,22503,        4542203688,0.0,0.0
0,     78760,0,        4542302460,0.0,5929
0,     78762,0,        4542367050,0.0,5554
1,     78764,22504,        4542403692,0.0,0.0
0,     78766,0,        4542559107,0.0,3165
0,     78768,0,        4542559410,0.0,2667
0,     78770,0,        4542565162,0.0,6197
1,     78772,22505,        4542603692,0.0,0.0
0,     78774,0,        4542779901,0.0,61
1,     78776,22506,        4542803692,0.0,0.0
1,     78778,22507,        4543003696,0.0,0.0
1,     78780,22508,        4543203696,0.0,0.0
1,     78782,22509,        4543403696,0.0,0.0
1,     78784,22510,        4543603696,0.0,0.0
1,     78786,22511,        4543803700,0.0,0.0
0,     78787,0,        4543804040,0.0,394
0,     78789,0,        4543956111,0.0,5049
1,     78791,22512,        4544003700,0.0,0.0
0,     78793,0,        4544091653,0.0,4375
1,     78795,22513,        4544203700,0.0,0.0
1,     78797,22514,        4544403704,0.0,0.0
0,     78799,0,        4544492828,0.0,72
0,     78801,0,        4544493816,0.0,3919
1,     78803,22515,        4544603704,0.0,0.0
0,     78805,0,        4544792977,0.0,2470
1,     78807,22516,        4544803704,0.0,0.0
1,     78809,22517,        4545003708,0.0,0.0
0,     78811,0,        4545143432,0.0,487
1,     78813,22518,        4545203708,0.0,0.0
0,     78815,0,        4545384272,0.0,4366
1,     78817,22519,        4545403708,0.0,0.0
1,     78819,22520,        4545603712,0.0,0.0
1,     78821,22521,        4545803712,0.0,0.0
1,     78823,22522,        4546003712,0.0,0.0
1,     78825,22523,        4546203712,0.0,0.0
1,     78827,22524,        4546403716,0.0,0.0
1,     78829,22525,        4546603716,0.0,0.0
0,     78831,0,        4546612476,0.0,3595
1,     78833,22526,        4546803716,0.0,0.0
1,     78835,22527,        4547003720,0.0,0.0
0,     78837,0,        4547067154,0.0,5891
1,     78839,22528,        4547203720,0.0,0.0
1,     78841,22529,        4547403720,0.0,0.0
0,     78843,0,        4547589724,0.0,5311
1,     78845,22530,        4547603720,0.0,0.0
1,     78847,22531,        4547803724,0.0,0.0
1,     78849,22532,        4548003724,0.0,0.0
1,     78851,22533,        4548203724,0.0,0.0
1,     78853,22534,        4548403728,0.0,0.0
1,     78855,22535,        4548603728,0.0,0.0
1,     78857,22536,        4548803728,0.0,0.0
0,     78859,0,        4548874484,0.0,946
1,     78861,22537,        4549003732,0.0,0.0
1,     78863,22538,        4549203732,0.0,0.0
1,     78865,22539,        4549403732,0.0,0.0
1,     78867,22540,        4549603732,0.0,0.0
0,     78869,0,        4549724953,0.0,6200
1,     78871,22541,        4549803736,0.0,0.0
1,     78873,22542,        4550003736,0.0,0.0
1,     78875,22543,        4550203736,0.0,0.0
0,     78877,0,        4550370536,0.0,4635
1,     78879,22544,        4550403740,0.0,0.0
0,     78881,0,        4550578918,0.0,2669
1,     78883,22545,        4550603740,0.0,0.0
0,     78885,0,        4550802659,0.0,1269
1,     78887,22546,        4550803740,0.0,0.0
0,     78889,0,        4550842761,0.0,3852
0,     78891,0,        4550883904,0.0,1685
1,     78893,22547,        4551003744,0.0,0.0
1,     78895,22548,        4551203744,0.0,0.0
1,     78897,22549,        4551403744,0.0,0.0
1,     78899,22550,        4551603744,0.0,0.0
1,     78901,22551,        4551803748,0.0,0.0
1,     78903,22552,        4552003748,0.0,0.0
0,     78905,0,        4552109644,0.0,5032
0,     78907,0,        4552188872,0.0,1603
1,     78909,22553,        4552203748,0.0,0.0
1,     78911,22554,        4552403752,0.0,0.0
1,     78913,22555,        4552603752,0.0,0.0
1,     78915,22556,        4552803752,0.0,0.0
1,     78917,22557,        4553003756,0.0,0.0
1,     78919,22558,        4553203756,0.0,0.0
0,     78921,0,        4553398045,0.0,2966
1,     78923,22559,        4553403756,0.0,0.0
0,     78925,0,        4553562942,0.0,5850
1,     78927,22560,        4553603756,0.0,0.0
1,     78929,22561,        4553803760,0.0,0.0
1,     78931,22562,        4554003760,0.0,0.0
0,     78933,0,        4554062901,0.0,4610
1,     78935,22563,        4554203760,0.0,0.0
0,     78937,0,        4554231711,0.0,359
0,     78939,0,        4554345332,0.0,758
1,     78941,22564,        4554403764,0.0,0.0
0,     78943,0,        4554407668,0.0,3633
0,     78945,0,        4554472656,0.0,2480
1,     78947,22565,        4554603764,0.0,0.0
1,     78949,22566,        4554803764,0.0,0.0
0,     78951,0,        4554994711,0.0,1204
1,     78953,22567,        4555003764,0.0,0.0
1,     78955,22568,        4555203768,0.0,0.0
0,     78957,0,        4555218242,0.0,2258
1,     78959,22569,        4555403768,0.0,0.0
1,     78961,22570,        4555603768,0.0,0.0
0,     78963,0,        4555727258,0.0,333
1,     78965,22571,        4555803772,0.0,0.0
0,     78967,0,        4555949008,0.0,6120
1,     78969,22572,        4556003772,0.0,0.0
1,     78971,22573,        4556203772,0.0,0.0
0,     78973,0,        4556241915,0.0,3609
1,     78975,22574,        4556403776,0.0,0.0
0,     78977,0,        4556525215,0.0,3219
1,     78979,22575,        4556603776,0.0,0.0
1,     78981,22576,        4556803776,0.0,0.0
1,     78983,22577,        4557003776,0.0,0.0
0,     78985,0,        4557054682,0.0,2407
1,     78987,22578,        4557203780,0.0,0.0
1,     78989,22579,        4557403780,0.0,0.0
1,     78991,22580,        4557603780,0.0,0.0
1,     78993,22581,        4557803784,0.0,0.0
0,     78995,0,        4557821684,0.0,3968
0,     78997,0,        4557931717,0.0,4690
0,     78999,0,        4557982828,0.0,1800
1,     79001,22582,        4558003784,0.0,0.0
1,     79003,22583,        4558203784,0.0,0.0
0,     79005,0,        4558215638,0.0,822
0,     79007,0,        4558398096,0.0,1490
1,     79009,22584,        4558403788,0.0,0.0
0,     79011,0,        4558455589,0.0,3812
0,     79013,0,        4558536237,0.0,2581
1,     79015,22585,        4558603788,0.0,0.0
1,     79017,22586,        4558803788,0.0,0.0
0,     79019,0,        4558921935,0.0,1849
1,     79021,22587,        4559003788,0.0,0.0
1,     79023,22588,        4559203792,0.0,0.0
1,     79025,22589,        4559403792,0.0,0.0
1,     79027,22590,        4559603792,0.0,0.0
0,     79029,0,        4559638880,0.0,263
1,     79031,22591,        4559803796,0.0,0.0
0,     79033,0,        4559813873,0.0,996
0,     79035,0,        4560000690,0.0,5698
1,     79037,22592,        4560003796,0.0,0.0
0,     79039,0,        4560065977,0.0,2591
1,     79041,22593,        4560203796,0.0,0.0
1,     79043,22594,        4560403800,0.0,0.0
1,     79045,22595,        4560603800,0.0,0.0
1,     79047,22596,        4560803800,0.0,0.0
0,     79049,0,        4560828412,0.0,1167
0,     79051,0,        4560828420,0.0,1272
0,     79053,0,        4560958850,0.0,4435
1,     79055,22597,        4561003800,0.0,0.0
1,     79057,22598,        4561203804,0.0,0.0
1,     79059,22599,        4561403804,0.0,0.0
1,     79061,22600,        4561603804,0.0,0.0
0,     79063,0,        4561666348,0.0,4599
1,     79065,22601,        4561803808,0.0,0.0
0,     79067,0,        4561825377,0.0,5069
0,     79069,0,        4561881921,0.0,4549
0,     79071,0,        4561989996,0.0,2329
1,     79073,22602,        4562003808,0.0,0.0
1,     79075,22603,        4562203808,0.0,0.0
1,     79077,22604,        4562403812,0.0,0.0
1,     79079,22605,        4562603812,0.0,0.0
0,     79081,0,        4562670654,0.0,5683
0,     79083,0,        4562760277,0.0,1899
1,     79085,22606,        4562803812,0.0,0.0
1,     79087,22607,        4563003812,0.0,0.0
1,     79089,22608,        4563203816,0.0,0.0
1,     79091,22609,        4563403816,0.0,0.0
0,     79093,0,        4563475011,0.0,4326
1,     79095,22610,        4563603816,0.0,0.0
1,     79097,22611,        4563803820,0.0,0.0
0,     79099,0,        4563861669,0.0,2765
0,     79101,0,        4563935285,0.0,6037
1,     79103,22612,        4564003820,0.0,0.0
0,     79105,0,        4564097395,0.0,1872
0,     79106,0,        4564097456,0.0,74
0,     79108,0,        4564121914,0.0,2551
0,     79110,0,        4564186061,0.0,4914
1,     79112,22613,        4564203820,0.0,0.0
0,     79114,0,        4564267110,0.0,2127
1,     79116,22614,        4564403820,0.0,0.0
1,     79118,22615,        4564603824,0.0,0.0
1,     79120,22616,        4564803824,0.0,0.0
0,     79122,0,        4564966563,0.0,5939
1,     79124,22617,        4565003824,0.0,0.0
1,     79126,22618,        4565203828,0.0,0.0
0,     79128,0,        4565209398,0.0,1404
0,     79130,0,        4565285985,0.0,2969
1,     79132,22619,        4565403828,0.0,0.0
1,     79134,22620,        4565603828,0.0,0.0
0,     79136,0,        4565749318,0.0,4153
0,     79138,0,        4565751703,0.0,3776
1,     79140,22621,        4565803832,0.0,0.0
0,     79142,0,        4565936603,0.0,5847
1,     79144,22622,        4566003832,0.0,0.0
1,     79146,22623,        4566203832,0.0,0.0
0,     79148,0,        4566213243,0.0,2642
0,     79150,0,        4566225595,0.0,4526
0,     79152,0,        4566227526,0.0,891
0,     79154,0,        4566354960,0.0,3421
1,     79156,22624,        4566403832,0.0,0.0
0,     79158,0,        4566591561,0.0,2483
1,     79160,22625,        4566603836,0.0,0.0
0,     79162,0,        4566737819,0.0,5805
1,     79164,22626,        4566803836,0.0,0.0
0,     79166,0,        4566820437,0.0,3070
0,     79167,0,        4566820440,0.0,3316
0,     79169,0,        4566891304,0.0,2031
1,     79171,22627,        4567003836,0.0,0.0
1,     79173,22628,        4567203840,0.0,0.0
1,     79175,22629,        4567403840,0.0,0.0
1,     79177,22630,        4567603840,0.0,0.0
1,     79179,22631,        4567803844,0.0,0.0
1,     79181,22632,        4568003844,0.0,0.0
1,     79183,22633,        4568203844,0.0,0.0
0,     79185,0,        4568380166,0.0,59
0,     79187,0,        4568380478,0.0,2478
1,     79189,22634,        4568403844,0.0,0.0
1,     79191,22635,        4568603848,0.0,0.0
0,     79193,0,        4568799930,0.0,1767
1,     79195,22636,        4568803848,0.0,0.0
1,     79197,22637,        4569003848,0.0,0.0
0,     79199,0,        4569184458,0.0,3342
1,     79201,22638,        4569203852,0.0,0.0
0,     79203,0,        4569232256,0.0,2475
1,     79205,22639,        4569403852,0.0,0.0
0,     79207,0,        4569500289,0.0,1981
0,     79208,0,        4569500305,0.0,419
1,     79210,22640,        4569603852,0.0,0.0
0,     79212,0,        4569661533,0.0,3698
1,     79214,22641,        4569803856,0.0,0.0
0,     79216,0,        4569993988,0.0,3313
1,     79218,22642,        4570003856,0.0,0.0
0,     79220,0,        4570187761,0.0,5560
1,     79222,22643,        4570203856,0.0,0.0
0,     79224,0,        4570264998,0.0,4592
0,     79226,0,        4570279609,0.0,1566
0,     79228,0,        4570336546,0.0,319
1,     79230,22644,        4570403856,0.0,0.0
1,     79232,22645,        4570603860,0.0,0.0
1,     79234,22646,        4570803860,0.0,0.0
0,     79236,0,        4570866641,0.0,1774
0,     79238,0,        4570911980,0.0,414
0,     79240,0,        4570980838,0.0,3094
0,     79241,0,        4570980944,0.0,3133
1,     79243,22647,        4571003860,0.0,0.0
0,     79245,0,        4571028942,0.0,414
0,     79247,0,        4571147457,0.0,5849
1,     79249,22648,        4571203864,0.0,0.0
1,     79251,22649,        4571403864,0.0,0.0
0,     79253,0,        4571586472,0.0,3490
1,     79255,22650,        4571603864,0.0,0.0
0,     79257,0,        4571709708,0.0,1981
1,     79259,22651,        4571803864,0.0,0.0
0,     79261,0,        4571910117,0.0,1778
1,     79263,22652,        4572003868,0.0,0.0
1,     79265,22653,        4572203868,0.0,0.0
1,     79267,22654,        4572403868,0.0,0.0
0,     79269,0,        4572495176,0.0,332
0,     79271,0,        4572583627,0.0,2419
0,     79272,0,        4572583768,0.0,616
1,     79274,22655,        4572603872,0.0,0.0
0,     79276,0,        4572776618,0.0,5747
1,     79278,22656,        4572803872,0.0,0.0
0,     79280,0,        4572903895,0.0,3257
1,     79282,22657,        4573003872,0.0,0.0
1,     79284,22658,        4573203876,0.0,0.0
0,     79286,0,        4573342394,0.0,3658
1,     79288,22659,        4573403876,0.0,0.0
1,     79290,22660,        4573603876,0.0,0.0
0,     79292,0,        4573661386,0.0,5913
0,     79294,0,        4573735835,0.0,751
1,     79296,22661,        4573803876,0.0,0.0
1,     79298,22662,        4574003880,0.0,0.0
1,     79300,22663,        4574203880,0.0,0.0
0,     79302,0,        4574292588,0.0,1957
1,     79304,22664,        4574403880,0.0,0.0
1,     79306,22665,        4574603884,0.0,0.0
1,     79308,22666,        4574803884,0.0,0.0
1,     79310,22667,        4575003884,0.0,0.0
0,     79312,0,        4575073470,0.0,1304
1,     79314,22668,        4575203888,0.0,0.0
0,     79316,0,        4575234558,0.0,5328
0,     79318,0,        4575244566,0.0,5697
0,     79320,0,        4575281974,0.0,2355
0,     79322,0,        4575337731,0.0,2656
0,     79324,0,        4575370519,0.0,5816
1,     79326,22669,        4575403888,0.0,0.0
0,     79328,0,        4575504425,0.0,1315
1,     79330,22670,        4575603888,0.0,0.0
1,     79332,22671,        4575803888,0.0,0.0
1,     79334,22672,        4576003892,0.0,0.0
1,     79336,22673,        4576203892,0.0,0.0
0,     79338,0,        4576304936,0.0,5080
1,     79340,22674,        4576403892,0.0,0.0
0,     79342,0,        4576573543,0.0,6095
1,     79344,22675,        4576603896,0.0,0.0
1,     79346,22676,        4576803896,0.0,0.0
0,     79348,0,        4576975695,0.0,6025
0,     79350,0,        4576981048,0.0,1987
1,     79352,22677,        4577003896,0.0,0.0
1,     79354,22678,        4577203900,0.0,0.0
0,     79356,0,        4577277812,0.0,1191
1,     79358,22679,        4577403900,0.0,0.0
1,     79360,22680,        4577603900,0.0,0.0
1,     79362,22681,        4577803900,0.0,0.0
0,     79364,0,        4577913450,0.0,3225
1,     79366,22682,        4578003904,0.0,0.0
1,     79368,22683,        4578203904,0.0,0.0
1,     79370,22684,        4578403904,0.0,0.0
1,     79372,22685,        4578603908,0.0,0.0
0,     79374,0,        4578715798,0.0,3109
1,     79376,22686,        4578803908,0.0,0.0
1,     79378,22687,        4579003908,0.0,0.0
0,     79380,0,        4579091979,0.0,1873
0,     79382,0,        4579114311,0.0,1873
1,     79384,22688,        4579203908,0.0,0.0
0,     79386,0,        4579204929,0.0,1649
0,     79388,0,        4579320479,0.0,2458
1,     79390,22689,        4579403912,0.0,0.0
1,     79392,22690,        4579603912,0.0,0.0
1,     79394,22691,        4579803912,0.0,0.0
1,     79396,22692,        4580003916,0.0,0.0
0,     79398,0,        4580063304,0.0,5920
1,     79400,22693,        4580203916,0.0,0.0
0,     79402,0,        4580223771,0.0,5614
0,     79404,0,        4580224041,0.0,666
0,     79406,0,        4580308126,0.0,681
1,     79408,22694,        4580403916,0.0,0.0
1,     79410,22695,        4580603920,0.0,0.0
1,     79412,22696,        4580803920,0.0,0.0
0,     79414,0,        4580898287,0.0,3659
0,     79416,0,        4580987462,0.0,6133
1,     79418,22697,        4581003920,0.0,0.0
0,     79420,0,        4581063572,0.0,5655
1,     79422,22698,        4581203920,0.0,0.0
0,     79424,0,        4581283867,0.0,2557
1,     79426,22699,        4581403924,0.0,0.0
0,     79428,0,        4581495159,0.0,1042
1,     79430,22700,        4581603924,0.0,0.0
1,     79432,22701,        4581803924,0.0,0.0
1,     79434,22702,        4582003928,0.0,0.0
0,     79436,0,        4582092289,0.0,2509
1,     79438,22703,        4582203928,0.0,0.0
0,     79440,0,        4582281514,0.0,3887
1,     79442,22704,        4582403928,0.0,0.0
0,     79444,0,        4582568364,0.0,3795
1,     79446,22705,        4582603932,0.0,0.0
0,     79448,0,        4582640487,0.0,5866
0,     79450,0,        4582643114,0.0,1826
0,     79452,0,        4582697455,0.0,4841
1,     79454,22706,        4582803932,0.0,0.0
0,     79456,0,        4582924308,0.0,5640
1,     79458,22707,        4583003932,0.0,0.0
1,     79460,22708,        4583203932,0.0,0.0
1,     79462,22709,        4583403936,0.0,0.0
0,     79464,0,        4583449374,0.0,2240
1,     79466,22710,        4583603936,0.0,0.0
1,     79468,22711,        4583803936,0.0,0.0
1,     79470,22712,        4584003940,0.0,0.0
1,     79472,22713,        4584203940,0.0,0.0
0,     79474,0,        4584372091,0.0,3862
0,     79476,0,        4584401864,0.0,5018
0,     79478,0,        4584401962,0.0,4748
1,     79480,22714,        4584403940,0.0,0.0
0,     79482,0,        4584449721,0.0,5558
1,     79484,22715,        4584603944,0.0,0.0
0,     79486,0,        4584664706,0.0,3698
0,     79488,0,        4584671778,0.0,3543
1,     79490,22716,        4584803944,0.0,0.0
1,     79492,22717,        4585003944,0.0,0.0
1,     79494,22718,        4585203944,0.0,0.0
1,     79496,22719,        4585403948,0.0,0.0
1,     79498,22720,        4585603948,0.0,0.0
1,     79500,22721,        4585803948,0.0,0.0
1,     79502,22722,        4586003952,0.0,0.0
1,     79504,22723,        4586203952,0.0,0.0
1,     79506,22724,        4586403952,0.0,0.0
0,     79508,0,        4586591582,0.0,1681
1,     79510,22725,        4586603956,0.0,0.0
0,     79512,0,        4586753899,0.0,1745
1,     79514,22726,        4586803956,0.0,0.0
0,     79516,0,        4586866679,0.0,885
1,     79518,22727,        4587003956,0.0,0.0
1,     79520,22728,        4587203956,0.0,0.0
1,     79522,22729,        4587403960,0.0,0.0
1,     79524,22730,        4587603960,0.0,0.0
0,     79526,0,        4587673117,0.0,284
1,     79528,22731,        4587803960,0.0,0.0
0,     79530,0,        4587889298,0.0,2238
1,     79532,22732,        4588003964,0.0,0.0
0,     79534,0,        4588107190,0.0,4608
0,     79536,0,        4588112010,0.0,2172
1,     79538,22733,        4588203964,0.0,0.0
1,     79540,22734,        4588403964,0.0,0.0
0,     79542,0,        4588596269,0.0,3738
0,     79544,0,        4588599752,0.0,3791
1,     79546,22735,        4588603968,0.0,0.0
1,     79548,22736,        4588803968,0.0,0.0
1,     79550,22737,        4589003968,0.0,0.0
1,     79552,22738,        4589203968,0.0,0.0
1,     79554,22739,        4589403972,0.0,0.0
1,     79556,22740,        4589603972,0.0,0.0
1,     79558,22741,        4589803972,0.0,0.0
0,     79560,0,        4589997356,0.0,4532
1,     79562,22742,        4590003976,0.0,0.0
1,     79564,22743,        4590203976,0.0,0.0
0,     79566,0,        4590306002,0.0,6105
1,     79568,22744,        4590403976,0.0,0.0
0,     79570,0,        4590539449,0.0,3436
0,     79572,0,        4590555604,0.0,4653
1,     79574,22745,        4590603976,0.0,0.0
0,     79576,0,        4590736492,0.0,4036
1,     79578,22746,        4590803980,0.0,0.0
1,     79580,22747,        4591003980,0.0,0.0
0,     79582,0,        4591085593,0.0,170
1,     79584,22748,        4591203980,0.0,0.0
1,     79586,22749,        4591403984,0.0,0.0
0,     79588,0,        4591425827,0.0,2907
1,     79590,22750,        4591603984,0.0,0.0
1,     79592,22751,        4591803984,0.0,0.0
1,     79594,22752,        4592003988,0.0,0.0
1,     79596,22753,        4592203988,0.0,0.0
1,     79598,22754,        4592403988,0.0,0.0
0,     79600,0,        4592438801,0.0,3110
1,     79602,22755,        4592603988,0.0,0.0
0,     79604,0,        4592723909,0.0,3379
1,     79606,22756,        4592803992,0.0,0.0
0,     79608,0,        4592818712,0.0,5537
0,     79610,0,        4592838342,0.0,5837
1,     79612,22757,        4593003992,0.0,0.0
0,     79614,0,        4593140471,0.0,912
1,     79616,22758,        4593203992,0.0,0.0
1,     79618,22759,        4593403996,0.0,0.0
1,     79620,22760,        4593603996,0.0,0.0
1,     79622,22761,        4593803996,0.0,0.0
1,     79624,22762,        4594004000,0.0,0.0
0,     79626,0,        4594134523,0.0,5275
0,     79628,0,        4594145433,0.0,2087
1,     79630,22763,        4594204000,0.0,0.0
1,     79632,22764,        4594404000,0.0,0.0
0,     79634,0,        4594411538,0.0,3393
0,     79636,0,        4594519151,0.0,323
0,     79638,0,        4594557825,0.0,5196
1,     79640,22765,        4594604000,0.0,0.0
0,     79642,0,        4594661684,0.0,3318
1,     79644,22766,        4594804004,0.0,0.0
1,     79646,22767,        4595004004,0.0,0.0
0,     79648,0,        4595068385,0.0,3789
1,     79650,22768,        4595204004,0.0,0.0
0,     79652,0,        4595360608,0.0,4614
1,     79654,22769,        4595404008,0.0,0.0
1,     79656,22770,        4595604008,0.0,0.0
0,     79658,0,        4595746066,0.0,3171
1,     79660,22771,        4595804008,0.0,0.0
1,     79662,22772,        4596004008,0.0,0.0
1,     79664,22773,        4596204012,0.0,0.0
0,     79666,0,        4596234172,0.0,5319
1,     79668,22774,        4596404012,0.0,0.0
1,     79670,22775,        4596604012,0.0,0.0
1,     79672,22776,        4596804016,0.0,0.0
0,     79674,0,        4596996759,0.0,4100
1,     79676,22777,        4597004016,0.0,0.0
1,     79678,22778,        4597204016,0.0,0.0
0,     79680,0,        4597287203,0.0,3838
0,     79682,0,        4597308409,0.0,2222
0,     79683,0,        4597308411,0.0,714
0,     79685,0,        4597308764,0.0,2917
1,     79687,22779,        4597404020,0.0,0.0
0,     79689,0,        4597529888,0.0,5584
1,     79691,22780,        4597604020,0.0,0.0
0,     79693,0,        4597719433,0.0,4373
1,     79695,22781,        4597804020,0.0,0.0
1,     79697,22782,        4598004020,0.0,0.0
1,     79699,22783,        4598204024,0.0,0.0
1,     79701,22784,        4598404024,0.0,0.0
1,     79703,22785,        4598604024,0.0,0.0
1,     79705,22786,        4598804028,0.0,0.0
0,     79707,0,        4598995328,0.0,5037
1,     79709,22787,        4599004028,0.0,0.0
1,     79711,22788,        4599204028,0.0,0.0
0,     79713,0,        4599326774,0.0,5294
1,     79715,22789,        4599404032,0.0,0.0
0,     79717,0,        4599416053,0.0,1500
0,     79719,0,        4599483698,0.0,5491
0,     79720,0,        4599484016,0.0,1168
0,     79722,0,        4599494877,0.0,3224
1,     79724,22790,        4599604032,0.0,0.0
0,     79726,0,        4599654997,0.0,3396
1,     79728,22791,        4599804032,0.0,0.0
1,     79730,22792,        4600004032,0.0,0.0
0,     79732,0,        4600041224,0.0,1345
1,     79734,22793,        4600204036,0.0,0.0
1,     79736,22794,        4600404036,0.0,0.0
1,     79738,22795,        4600604036,0.0,0.0
1,     79740,22796,        4600804040,0.0,0.0
1,     79742,22797,        4601004040,0.0,0.0
1,     79744,22798,        4601204040,0.0,0.0
0,     79746,0,        4601235068,0.0,706
1,     79748,22799,        4601404044,0.0,0.0
0,     79750,0,        4601483793,0.0,1339
0,     79752,0,        4601547895,0.0,3329
1,     79754,22800,        4601604044,0.0,0.0
0,     79756,0,        4601739089,0.0,1148
0,     79757,0,        4601739114,0.0,570
1,     79759,22801,        4601804044,0.0,0.0
0,     79761,0,        4601973293,0.0,3358
1,     79763,22802,        4602004044,0.0,0.0
1,     79765,22803,        4602204048,0.0,0.0
1,     79767,22804,        4602404048,0.0,0.0
1,     79769,22805,        4602604048,0.0,0.0
0,     79771,0,        4602665387,0.0,1766
1,     79773,22806,        4602804052,0.0,0.0
0,     79775,0,        4602929979,0.0,2903
0,     79777,0,        4602991540,0.0,4474
1,     79779,22807,        4603004052,0.0,0.0
0,     79781,0,        4603165956,0.0,3827
1,     79783,22808,        4603204052,0.0,0.0
1,     79785,22809,        4603404056,0.0,0.0
1,     79787,22810,        4603604056,0.0,0.0
0,     79789,0,        4603725591,0.0,5577
0,     79791,0,        4603726115,0.0,2205
1,     79793,22811,        4603804056,0.0,0.0
0,     79795,0,        4603899188,0.0,4886
0,     79797,0,        4603951272,0.0,5530
1,     79799,22812,        4604004056,0.0,0.0
0,     79801,0,        4604145884,0.0,3287
1,     79803,22813,        4604204060,0.0,0.0
1,     79805,22814,        4604404060,0.0,0.0
0,     79807,0,        4604589794,0.0,1804
1,     79809,22815,        4604604060,0.0,0.0
0,     79811,0,        4604608448,0.0,6015
0,     79813,0,        4604626654,0.0,2149
0,     79815,0,        4604686530,0.0,4503
1,     79817,22816,        4604804064,0.0,0.0
0,     79819,0,        4604944832,0.0,4471
1,     79821,22817,        4605004064,0.0,0.0
1,     79823,22818,        4605204064,0.0,0.0
1,     79825,22819,        4605404068,0.0,0.0
0,     79827,0,        4605511797,0.0,2833
0,     79829,0,        4605531656,0.0,3343
0,     79831,0,        4605578769,0.0,3245
1,     79833,22820,        4605604068,0.0,0.0
0,     79835,0,        4605635751,0.0,2611
0,     79837,0,        4605803178,0.0,4297
1,     79839,22821,        4605804068,0.0,0.0
0,     79841,0,        4605987737,0.0,6049
1,     79843,22822,        4606004068,0.0,0.0
0,     79845,0,        4606127600,0.0,5366
0,     79847,0,        4606187287,0.0,4541
1,     79849,22823,        4606204072,0.0,0.0
0,     79851,0,        4606220480,0.0,3374
0,     79853,0,        4606402555,0.0,5332
1,     79855,22824,        4606404072,0.0,0.0
0,     79857,0,        4606444119,0.0,4044
0,     79859,0,        4606536224,0.0,2896
1,     79861,22825,        4606604072,0.0,0.0
1,     79863,22826,        4606804076,0.0,0.0
0,     79865,0,        4606924471,0.0,964
1,     79867,22827,        4607004076,0.0,0.0
0,     79869,0,        4607202976,0.0,1064
1,     79871,22828,        4607204076,0.0,0.0
0,     79873,0,        4607220176,0.0,6192
0,     79875,0,        4607315039,0.0,6129
0,     79877,0,        4607319084,0.0,4119
1,     79879,22829,        4607404076,0.0,0.0
0,     79881,0,        4607415830,0.0,1979
1,     79883,22830,        4607604080,0.0,0.0
0,     79885,0,        4607656251,0.0,3692
1,     79887,22831,        4607804080,0.0,0.0
0,     79889,0,        4607848898,0.0,3678
0,     79890,0,        4607849049,0.0,522
1,     79892,22832,        4608004080,0.0,0.0
1,     79894,22833,        4608204084,0.0,0.0
1,     79896,22834,        4608404084,0.0,0.0
0,     79898,0,        4608517556,0.0,224
1,     79900,22835,        4608604084,0.0,0.0
1,     79902,22836,        4608804088,0.0,0.0
1,     79904,22837,        4609004088,0.0,0.0
0,     79906,0,        4609094798,0.0,4690
1,     79908,22838,        4609204088,0.0,0.0
1,     79910,22839,        4609404088,0.0,0.0
0,     79912,0,        4609433511,0.0,616
0,     79914,0,        4609578018,0.0,1710
1,     79916,22840,        4609604092,0.0,0.0
0,     79918,0,        4609669078,0.0,2855
1,     79920,22841,        4609804092,0.0,0.0
1,     79922,22842,        4610004092,0.0,0.0
1,     79924,22843,        4610204096,0.0,0.0
0,     79926,0,        4610225603,0.0,443
1,     79928,22844,        4610404096,0.0,0.0
1,     79930,22845,        4610604096,0.0,0.0
1,     79932,22846,        4610804100,0.0,0.0
1,     79934,22847,        4611004100,0.0,0.0
0,     79936,0,        4611164931,0.0,3412
1,     79938,22848,        4611204100,0.0,0.0
0,     79940,0,        4611245904,0.0,2655
1,     79942,22849,        4611404100,0.0,0.0
1,     79944,22850,        4611604104,0.0,0.0
0,     79946,0,        4611702465,0.0,146
1,     79948,22851,        4611804104,0.0,0.0
1,     79950,22852,        4612004104,0.0,0.0
0,     79952,0,        4612123313,0.0,3958
0,     79954,0,        4612131344,0.0,1749
1,     79956,22853,        4612204108,0.0,0.0
1,     79958,22854,        4612404108,0.0,0.0
0,     79960,0,        4612552257,0.0,3327
1,     79962,22855,        4612604108,0.0,0.0
0,     79964,0,        4612627044,0.0,1052
1,     79966,22856,        4612804112,0.0,0.0
1,     79968,22857,        4613004112,0.0,0.0
0,     79970,0,        4613128040,0.0,1705
1,     79972,22858,        4613204112,0.0,0.0
1,     79974,22859,        4613404112,0.0,0.0
0,     79976,0,        4613423399,0.0,3560
0,     79978,0,        4613439400,0.0,5375
1,     79980,22860,        4613604116,0.0,0.0
1,     79982,22861,        4613804116,0.0,0.0
0,     79984,0,        4613814337,0.0,2637
0,     79985,0,        4613814544,0.0,1597
0,     79987,0,        4613958380,0.0,3108
0,     79989,0,        4614002699,0.0,1146
1,     79991,22862,        4614004116,0.0,0.0
1,     79993,22863,        4614204120,0.0,0.0
0,     79995,0,        4614254896,0.0,902
0,     79997,0,        4614257391,0.0,2467
1,     79999,22864,        4614404120,0.0,0.0
0,     80001,0,        4614432940,0.0,3198
0,     80003,0,        4614562217,0.0,71
0,     80004,0,        4614562329,0.0,3958
1,     80006,22865,        4614604120,0.0,0.0
0,     80008,0,        4614642199,0.0,2629
0,     80010,0,        4614700958,0.0,5412
1,     80012,22866,        4614804120,0.0,0.0
0,     80014,0,        4614904372,0.0,3712
0,     80016,0,        4614959146,0.0,4350
0,     80018,0,        4614998911,0.0,6028
1,     80020,22867,        4615004124,0.0,0.0
1,     80022,22868,        4615204124,0.0,0.0
1,     80024,22869,        4615404124,0.0,0.0
1,     80026,22870,        4615604128,0.0,0.0
1,     80028,22871,        4615804128,0.0,0.0
0,     80030,0,        4615847710,0.0,867
1,     80032,22872,        4616004128,0.0,0.0
1,     80034,22873,        4616204132,0.0,0.0
1,     80036,22874,        4616404132,0.0,0.0
1,     80038,22875,        4616604132,0.0,0.0
1,     80040,22876,        4616804132,0.0,0.0
1,     80042,22877,        4617004136,0.0,0.0
0,     80044,0,        4617114283,0.0,3782
0,     80046,0,        4617149167,0.0,4055
0,     80048,0,        4617149966,0.0,5908
1,     80050,22878,        4617204136,0.0,0.0
0,     80052,0,        4617302348,0.0,1077
0,     80054,0,        4617325569,0.0,3631
0,     80056,0,        4617369148,0.0,5052
1,     80058,22879,        4617404136,0.0,0.0
0,     80060,0,        4617457157,0.0,2963
1,     80062,22880,        4617604140,0.0,0.0
0,     80064,0,        4617679191,0.0,65
1,     80066,22881,        4617804140,0.0,0.0
0,     80068,0,        4617821122,0.0,3940
1,     80070,22882,        4618004140,0.0,0.0
1,     80072,22883,        4618204144,0.0,0.0
1,     80074,22884,        4618404144,0.0,0.0
0,     80076,0,        4618494723,0.0,3847
0,     80078,0,        4618593757,0.0,3627
1,     80080,22885,        4618604144,0.0,0.0
1,     80082,22886,        4618804144,0.0,0.0
0,     80084,0,        4618894959,0.0,5904
0,     80086,0,        4619000908,0.0,1774
1,     80088,22887,        4619004148,0.0,0.0
0,     80090,0,        4619095059,0.0,2553
1,     80092,22888,        4619204148,0.0,0.0
0,     80094,0,        4619230419,0.0,4991
1,     80096,22889,        4619404148,0.0,0.0
1,     80098,22890,        4619604152,0.0,0.0
1,     80100,22891,        4619804152,0.0,0.0
1,     80102,22892,        4620004152,0.0,0.0
1,     80104,22893,        4620204156,0.0,0.0
1,     80106,22894,        4620404156,0.0,0.0
1,     80108,22895,        4620604156,0.0,0.0
1,     80110,22896,        4620804156,0.0,0.0
1,     80112,22897,        4621004160,0.0,0.0
1,     80114,22898,        4621204160,0.0,0.0
0,     80116,0,        4621261489,0.0,2759
1,     80118,22899,        4621404160,0.0,0.0
0,     80120,0,        4621556556,0.0,921
1,     80122,22900,        4621604164,0.0,0.0
0,     80124,0,        4621776533,0.0,3726
1,     80126,22901,        4621804164,0.0,0.0
1,     80128,22902,        4622004164,0.0,0.0
1,     80130,22903,        4622204168,0.0,0.0
0,     80132,0,        4622217890,0.0,2563
1,     80134,22904,        4622404168,0.0,0.0
0,     80136,0,        4622417490,0.0,846
1,     80138,22905,        4622604168,0.0,0.0
1,     80140,22906,        4622804168,0.0,0.0
0,     80142,0,        4622829892,0.0,3650
1,     80144,22907,        4623004172,0.0,0.0
1,     80146,22908,        4623204172,0.0,0.0
1,     80148,22909,        4623404172,0.0,0.0
0,     80150,0,        4623538825,0.0,4250
1,     80152,22910,        4623604176,0.0,0.0
0,     80154,0,        4623709083,0.0,1771
1,     80156,22911,        4623804176,0.0,0.0
0,     80158,0,        4623907137,0.0,4679
1,     80160,22912,        4624004176,0.0,0.0
1,     80162,22913,        4624204176,0.0,0.0
1,     80164,22914,        4624404180,0.0,0.0
1,     80166,22915,        4624604180,0.0,0.0
1,     80168,22916,        4624804180,0.0,0.0
1,     80170,22917,        4625004184,0.0,0.0
0,     80172,0,        4625148970,0.0,5084
1,     80174,22918,        4625204184,0.0,0.0
1,     80176,22919,        4625404184,0.0,0.0
0,     80178,0,        4625534448,0.0,4033
1,     80180,22920,        4625604188,0.0,0.0
0,     80182,0,        4625698645,0.0,1418
1,     80184,22921,        4625804188,0.0,0.0
0,     80186,0,        4625914931,0.0,165
0,     80188,0,        4625954034,0.0,1682
1,     80190,22922,        4626004188,0.0,0.0
1,     80192,22923,        4626204188,0.0,0.0
1,     80194,22924,        4626404192,0.0,0.0
0,     80196,0,        4626433760,0.0,2921
0,     80198,0,        4626563917,0.0,4867
0,     80199,0,        4626563931,0.0,1734
1,     80201,22925,        4626604192,0.0,0.0
1,     80203,22926,        4626804192,0.0,0.0
0,     80205,0,        4626866520,0.0,3651
0,     80207,0,        4626997966,0.0,3894
1,     80209,22927,        4627004196,0.0,0.0
1,     80211,22928,        4627204196,0.0,0.0
1,     80213,22929,        4627404196,0.0,0.0
0,     80215,0,        4627440243,0.0,5156
1,     80217,22930,        4627604200,0.0,0.0
0,     80219,0,        4627644200,0.0,6223
0,     80221,0,        4627696104,0.0,4404
0,     80223,0,        4627754065,0.0,2142
1,     80225,22931,        4627804200,0.0,0.0
1,     80227,22932,        4628004200,0.0,0.0
1,     80229,22933,        4628204200,0.0,0.0
0,     80231,0,        4628315111,0.0,3904
1,     80233,22934,        4628404204,0.0,0.0
1,     80235,22935,        4628604204,0.0,0.0
0,     80237,0,        4628732012,0.0,2794
0,     80238,0,        4628732149,0.0,5
1,     80240,22936,        4628804204,0.0,0.0
0,     80242,0,        4628878655,0.0,156
0,     80244,0,        4628881143,0.0,1467
1,     80246,22937,        4629004208,0.0,0.0
1,     80248,22938,        4629204208,0.0,0.0
0,     80250,0,        4629275474,0.0,3795
1,     80252,22939,        4629404208,0.0,0.0
1,     80254,22940,        4629604212,0.0,0.0
1,     80256,22941,        4629804212,0.0,0.0
1,     80258,22942,        4630004212,0.0,0.0
1,     80260,22943,        4630204212,0.0,0.0
0,     80262,0,        4630212442,0.0,1319
0,     80264,0,        4630224711,0.0,115
1,     80266,22944,        4630404216,0.0,0.0
1,     80268,22945,        4630604216,0.0,0.0
0,     80270,0,        4630802510,0.0,1567
1,     80272,22946,        4630804216,0.0,0.0
1,     80274,22947,        4631004220,0.0,0.0
0,     80276,0,        4631103169,0.0,130
0,     80278,0,        4631145697,0.0,3938
1,     80280,22948,        4631204220,0.0,0.0
1,     80282,22949,        4631404220,0.0,0.0
1,     80284,22950,        4631604224,0.0,0.0
1,     80286,22951,        4631804224,0.0,0.0
0,     80288,0,        4631819912,0.0,3429
1,     80290,22952,        4632004224,0.0,0.0
0,     80292,0,        4632140305,0.0,3106
1,     80294,22953,        4632204224,0.0,0.0
1,     80296,22954,        4632404228,0.0,0.0
1,     80298,22955,        4632604228,0.0,0.0
1,     80300,22956,        4632804228,0.0,0.0
1,     80302,22957,        4633004232,0.0,0.0
1,     80304,22958,        4633204232,0.0,0.0
1,     80306,22959,        4633404232,0.0,0.0
0,     80308,0,        4633584679,0.0,73
1,     80310,22960,        4633604236,0.0,0.0
1,     80312,22961,        4633804236,0.0,0.0
0,     80314,0,        4633839560,0.0,4864
1,     80316,22962,        4634004236,0.0,0.0
1,     80318,22963,        4634204236,0.0,0.0
0,     80320,0,        4634260222,0.0,5512
1,     80322,22964,        4634404240,0.0,0.0
1,     80324,22965,        4634604240,0.0,0.0
1,     80326,22966,        4634804240,0.0,0.0
0,     80328,0,        4634830347,0.0,5321
1,     80330,22967,        4635004244,0.0,0.0
1,     80332,22968,        4635204244,0.0,0.0
0,     80334,0,        4635353498,0.0,4812
1,     80336,22969,        4635404244,0.0,0.0
1,     80338,22970,        4635604244,0.0,0.0
0,     80340,0,        4635727142,0.0,4413
1,     80342,22971,        4635804248,0.0,0.0
1,     80344,22972,        4636004248,0.0,0.0
0,     80346,0,        4636134487,0.0,1075
1,     80348,22973,        4636204248,0.0,0.0
0,     80350,0,        4636356517,0.0,3231
1,     80352,22974,        4636404252,0.0,0.0
0,     80354,0,        4636437062,0.0,4541
1,     80356,22975,        4636604252,0.0,0.0
0,     80358,0,        4636694324,0.0,4415
1,     80360,22976,        4636804252,0.0,0.0
1,     80362,22977,        4637004256,0.0,0.0
0,     80364,0,        4637160580,0.0,4797
1,     80366,22978,        4637204256,0.0,0.0
1,     80368,22979,        4637404256,0.0,0.0
0,     80370,0,        4637529860,0.0,3133
1,     80372,22980,        4637604256,0.0,0.0
1,     80374,22981,        4637804260,0.0,0.0
1,     80376,22982,        4638004260,0.0,0.0
1,     80378,22983,        4638204260,0.0,0.0
1,     80380,22984,        4638404264,0.0,0.0
1,     80382,22985,        4638604264,0.0,0.0
1,     80384,22986,        4638804264,0.0,0.0
1,     80386,22987,        4639004268,0.0,0.0
1,     80388,22988,        4639204268,0.0,0.0
0,     80390,0,        4639306879,0.0,4919
1,     80392,22989,        4639404268,0.0,0.0
0,     80394,0,        4639524881,0.0,4427
1,     80396,22990,        4639604268,0.0,0.0
1,     80398,22991,        4639804272,0.0,0.0
1,     80400,22992,        4640004272,0.0,0.0
0,     80402,0,        4640006187,0.0,938
0,     80404,0,        4640132201,0.0,1860
0,     80405,0,        4640132203,0.0,2641
1,     80407,22993,        4640204272,0.0,0.0
1,     80409,22994,        4640404276,0.0,0.0
1,     80411,22995,        4640604276,0.0,0.0
1,     80413,22996,        4640804276,0.0,0.0
1,     80415,22997,        4641004276,0.0,0.0
1,     80417,22998,        4641204280,0.0,0.0
0,     80419,0,        4641348289,0.0,5995
1,     80421,22999,        4641404280,0.0,0.0
1,     80423,23000,        4641604280,0.0,0.0
1,     80425,23001,        4641804284,0.0,0.0
0,     80427,0,        4641847603,0.0,1786
1,     80429,23002,        4642004284,0.0,0.0
1,     80431,23003,        4642204284,0.0,0.0
1,     80433,23004,        4642404288,0.0,0.0
1,     80435,23005,        4642604288,0.0,0.0
1,     80437,23006,        4642804288,0.0,0.0
1,     80439,23007,        4643004288,0.0,0.0
0,     80441,0,        4643006236,0.0,1843
0,     80443,0,        4643144161,0.0,2269
1,     80445,23008,        4643204292,0.0,0.0
1,     80447,23009,        4643404292,0.0,0.0
1,     80449,23010,        4643604292,0.0,0.0
1,     80451,23011,        4643804296,0.0,0.0
1,     80453,23012,        4644004296,0.0,0.0
1,     80455,23013,        4644204296,0.0,0.0
1,     80457,23014,        4644404300,0.0,0.0
1,     80459,23015,        4644604300,0.0,0.0
1,     80461,23016,        4644804300,0.0,0.0
1,     80463,23017,        4645004300,0.0,0.0
0,     80465,0,        4645073682,0.0,424
1,     80467,23018,        4645204304,0.0,0.0
0,     80469,0,        4645365531,0.0,2842
1,     80471,23019,        4645404304,0.0,0.0
1,     80473,23020,        4645604304,0.0,0.0
0,     80475,0,        4645759990,0.0,3804
1,     80477,23021,        4645804308,0.0,0.0
1,     80479,23022,        4646004308,0.0,0.0
1,     80481,23023,        4646204308,0.0,0.0
1,     80483,23024,        4646404312,0.0,0.0
0,     80485,0,        4646430507,0.0,1564
1,     80487,23025,        4646604312,0.0,0.0
0,     80489,0,        4646776401,0.0,3888
1,     80491,23026,        4646804312,0.0,0.0
1,     80493,23027,        4647004312,0.0,0.0
0,     80495,0,        4647173249,0.0,3721
1,     80497,23028,        4647204316,0.0,0.0
0,     80499,0,        4647384096,0.0,678
0,     80501,0,        4647403355,0.0,2466
0,     80502,0,        4647403450,0.0,5090
1,     80504,23029,        4647404316,0.0,0.0
0,     80506,0,        4647458434,0.0,147
0,     80508,0,        4647534957,0.0,3145
1,     80510,23030,        4647604316,0.0,0.0
1,     80512,23031,        4647804320,0.0,0.0
1,     80514,23032,        4648004320,0.0,0.0
1,     80516,23033,        4648204320,0.0,0.0
1,     80518,23034,        4648404324,0.0,0.0
0,     80520,0,        4648405930,0.0,5956
1,     80522,23035,        4648604324,0.0,0.0
1,     80524,23036,        4648804324,0.0,0.0
0,     80526,0,        4648852147,0.0,4297
0,     80528,0,        4648934166,0.0,610
1,     80530,23037,        4649004324,0.0,0.0
1,     80532,23038,        4649204328,0.0,0.0
1,     80534,23039,        4649404328,0.0,0.0
0,     80536,0,        4649424893,0.0,592
0,     80538,0,        4649471279,0.0,2575
0,     80540,0,        4649478554,0.0,1499
1,     80542,23040,        4649604328,0.0,0.0
1,     80544,23041,        4649804332,0.0,0.0
0,     80546,0,        4649921543,0.0,3592
0,     80548,0,        4649964600,0.0,485
1,     80550,23042,        4650004332,0.0,0.0
0,     80552,0,        4650037066,0.0,4175
1,     80554,23043,        4650204332,0.0,0.0
0,     80556,0,        4650302332,0.0,4222
0,     80558,0,        4650324705,0.0,3709
1,     80560,23044,        4650404336,0.0,0.0
1,     80562,23045,        4650604336,0.0,0.0
1,     80564,23046,        4650804336,0.0,0.0
1,     80566,23047,        4651004336,0.0,0.0
0,     80568,0,        4651008838,0.0,2050
0,     80570,0,        4651080236,0.0,6176
1,     80572,23048,        4651204340,0.0,0.0
0,     80574,0,        4651311826,0.0,4133
1,     80576,23049,        4651404340,0.0,0.0
0,     80578,0,        4651436168,0.0,2190
1,     80580,23050,        4651604340,0.0,0.0
0,     80582,0,        4651698724,0.0,3067
0,     80584,0,        4651699276,0.0,4716
1,     80586,23051,        4651804344,0.0,0.0
1,     80588,23052,        4652004344,0.0,0.0
1,     80590,23053,        4652204344,0.0,0.0
1,     80592,23054,        4652404344,0.0,0.0
1,     80594,23055,        4652604348,0.0,0.0
0,     80596,0,        4652686914,0.0,1593
0,     80598,0,        4652769487,0.0,129
1,     80600,23056,        4652804348,0.0,0.0
1,     80602,23057,        4653004348,0.0,0.0
0,     80604,0,        4653063873,0.0,4098
1,     80606,23058,        4653204352,0.0,0.0
1,     80608,23059,        4653404352,0.0,0.0
0,     80610,0,        4653471713,0.0,4444
0,     80612,0,        4653496022,0.0,2765
1,     80614,23060,        4653604352,0.0,0.0
0,     80616,0,        4653682807,0.0,6081
0,     80618,0,        4653744552,0.0,5517
1,     80620,23061,        4653804356,0.0,0.0
1,     80622,23062,        4654004356,0.0,0.0
0,     80624,0,        4654175259,0.0,856
1,     80626,23063,        4654204356,0.0,0.0
0,     80628,0,        4654382031,0.0,5644
0,     80630,0,        4654393749,0.0,911
1,     80632,23064,        4654404356,0.0,0.0
0,     80634,0,        4654478420,0.0,4360
1,     80636,23065,        4654604360,0.0,0.0
0,     80638,0,        4654623385,0.0,2439
0,     80640,0,        4654676768,0.0,4236
1,     80642,23066,        4654804360,0.0,0.0
0,     80644,0,        4654863026,0.0,3556
1,     80646,23067,        4655004360,0.0,0.0
1,     80648,23068,        4655204364,0.0,0.0
0,     80650,0,        4655263827,0.0,2345
1,     80652,23069,        4655404364,0.0,0.0
0,     80654,0,        4655471743,0.0,630
1,     80656,23070,        4655604364,0.0,0.0
0,     80658,0,        4655625938,0.0,3520
1,     80660,23071,        4655804368,0.0,0.0
1,     80662,23072,        4656004368,0.0,0.0
1,     80664,23073,        4656204368,0.0,0.0
0,     80666,0,        4656236719,0.0,6046
1,     80668,23074,        4656404368,0.0,0.0
0,     80670,0,        4656435115,0.0,83
1,     80672,23075,        4656604372,0.0,0.0
0,     80674,0,        4656635551,0.0,5575
0,     80676,0,        4656638372,0.0,4207
1,     80678,23076,        4656804372,0.0,0.0
1,     80680,23077,        4657004372,0.0,0.0
1,     80682,23078,        4657204376,0.0,0.0
0,     80684,0,        4657299449,0.0,194
0,     80686,0,        4657383826,0.0,2989
1,     80688,23079,        4657404376,0.0,0.0
0,     80690,0,        4657499473,0.0,690
1,     80692,23080,        4657604376,0.0,0.0
0,     80694,0,        4657732812,0.0,5379
1,     80696,23081,        4657804376,0.0,0.0
1,     80698,23082,        4658004380,0.0,0.0
0,     80700,0,        4658148735,0.0,6086
1,     80702,23083,        4658204380,0.0,0.0
0,     80704,0,        4658371551,0.0,3460
1,     80706,23084,        4658404380,0.0,0.0
1,     80708,23085,        4658604384,0.0,0.0
0,     80710,0,        4658673776,0.0,102
0,     80712,0,        4658727812,0.0,6137
0,     80714,0,        4658776219,0.0,5827
1,     80716,23086,        4658804384,0.0,0.0
0,     80718,0,        4658872284,0.0,1835
1,     80720,23087,        4659004384,0.0,0.0
1,     80722,23088,        4659204388,0.0,0.0
0,     80724,0,        4659295854,0.0,4497
1,     80726,23089,        4659404388,0.0,0.0
0,     80727,0,        4659404633,0.0,3692
1,     80729,23090,        4659604388,0.0,0.0
1,     80731,23091,        4659804388,0.0,0.0
0,     80733,0,        4659880185,0.0,4949
1,     80735,23092,        4660004392,0.0,0.0
1,     80737,23093,        4660204392,0.0,0.0
0,     80739,0,        4660343832,0.0,4077
1,     80741,23094,        4660404392,0.0,0.0
0,     80743,0,        4660540441,0.0,4960
0,     80745,0,        4660588600,0.0,1279
1,     80747,23095,        4660604396,0.0,0.0
1,     80749,23096,        4660804396,0.0,0.0
0,     80751,0,        4660823271,0.0,2041
0,     80752,0,        4660823585,0.0,4832
1,     80754,23097,        4661004396,0.0,0.0
0,     80756,0,        4661123964,0.0,748
1,     80758,23098,        4661204400,0.0,0.0
0,     80760,0,        4661255881,0.0,5346
0,     80762,0,        4661261831,0.0,3607
1,     80764,23099,        4661404400,0.0,0.0
0,     80766,0,        4661529541,0.0,3606
1,     80768,23100,        4661604400,0.0,0.0
1,     80770,23101,        4661804400,0.0,0.0
1,     80772,23102,        4662004404,0.0,0.0
0,     80774,0,        4662109098,0.0,196
1,     80776,23103,        4662204404,0.0,0.0
1,     80778,23104,        4662404404,0.0,0.0
1,     80780,23105,        4662604408,0.0,0.0
1,     80782,23106,        4662804408,0.0,0.0
1,     80784,23107,        4663004408,0.0,0.0
0,     80786,0,        4663085314,0.0,1533
1,     80788,23108,        4663204412,0.0,0.0
0,     80790,0,        4663291491,0.0,6228
1,     80792,23109,        4663404412,0.0,0.0
0,     80794,0,        4663463820,0.0,3495
0,     80796,0,        4663500794,0.0,4825
0,     80798,0,        4663534089,0.0,2331
0,     80800,0,        4663555384,0.0,4378
1,     80802,23110,        4663604412,0.0,0.0
0,     80804,0,        4663693975,0.0,5629
1,     80806,23111,        4663804412,0.0,0.0
0,     80808,0,        4663964219,0.0,4139
1,     80810,23112,        4664004416,0.0,0.0
0,     80812,0,        4664094334,0.0,3629
1,     80814,23113,        4664204416,0.0,0.0
1,     80816,23114,        4664404416,0.0,0.0
1,     80818,23115,        4664604420,0.0,0.0
1,     80820,23116,        4664804420,0.0,0.0
1,     80822,23117,        4665004420,0.0,0.0
1,     80824,23118,        4665204424,0.0,0.0
1,     80826,23119,        4665404424,0.0,0.0
0,     80828,0,        4665464125,0.0,3630
0,     80830,0,        4665512973,0.0,4922
1,     80832,23120,        4665604424,0.0,0.0
0,     80834,0,        4665708519,0.0,2352
1,     80836,23121,        4665804424,0.0,0.0
1,     80838,23122,        4666004428,0.0,0.0
1,     80840,23123,        4666204428,0.0,0.0
0,     80842,0,        4666291101,0.0,5633
1,     80844,23124,        4666404428,0.0,0.0
1,     80846,23125,        4666604432,0.0,0.0
1,     80848,23126,        4666804432,0.0,0.0
1,     80850,23127,        4667004432,0.0,0.0
1,     80852,23128,        4667204436,0.0,0.0
0,     80854,0,        4667381417,0.0,3866
1,     80856,23129,        4667404436,0.0,0.0
1,     80858,23130,        4667604436,0.0,0.0
1,     80860,23131,        4667804436,0.0,0.0
1,     80862,23132,        4668004440,0.0,0.0
1,     80864,23133,        4668204440,0.0,0.0
1,     80866,23134,        4668404440,0.0,0.0
1,     80868,23135,        4668604444,0.0,0.0
0,     80870,0,        4668616407,0.0,2253
0,     80872,0,        4668716125,0.0,5673
1,     80874,23136,        4668804444,0.0,0.0
1,     80876,23137,        4669004444,0.0,0.0
0,     80878,0,        4669031535,0.0,3688
1,     80880,23138,        4669204444,0.0,0.0
0,     80882,0,        4669353907,0.0,2401
1,     80884,23139,        4669404448,0.0,0.0
0,     80886,0,        4669534706,0.0,977
1,     80888,23140,        4669604448,0.0,0.0
0,     80890,0,        4669719374,0.0,4417
1,     80892,23141,        4669804448,0.0,0.0
0,     80894,0,        4669810635,0.0,5869
1,     80896,23142,        4670004452,0.0,0.0
0,     80898,0,        4670166194,0.0,1781
1,     80900,23143,        4670204452,0.0,0.0
0,     80902,0,        4670388704,0.0,3397
1,     80904,23144,        4670404452,0.0,0.0
1,     80906,23145,        4670604456,0.0,0.0
1,     80908,23146,        4670804456,0.0,0.0
1,     80910,23147,        4671004456,0.0,0.0
1,     80912,23148,        4671204456,0.0,0.0
1,     80914,23149,        4671404460,0.0,0.0
1,     80916,23150,        4671604460,0.0,0.0
0,     80918,0,        4671736029,0.0,4431
0,     80920,0,        4671785160,0.0,2929
0,     80922,0,        4671797367,0.0,1779
1,     80924,23151,        4671804460,0.0,0.0
0,     80926,0,        4671815698,0.0,5698
0,     80928,0,        4671918478,0.0,4637
0,     80930,0,        4671951073,0.0,3847
0,     80932,0,        4671955107,0.0,3629
1,     80934,23152,        4672004464,0.0,0.0
1,     80936,23153,        4672204464,0.0,0.0
1,     80938,23154,        4672404464,0.0,0.0
1,     80940,23155,        4672604468,0.0,0.0
0,     80942,0,        4672639764,0.0,4918
1,     80944,23156,        4672804468,0.0,0.0
0,     80946,0,        4672880633,0.0,2832
1,     80948,23157,        4673004468,0.0,0.0
1,     80950,23158,        4673204468,0.0,0.0
1,     80952,23159,        4673404472,0.0,0.0
1,     80954,23160,        4673604472,0.0,0.0
0,     80956,0,        4673674617,0.0,3176
0,     80958,0,        4673692172,0.0,2397
1,     80960,23161,        4673804472,0.0,0.0
0,     80962,0,        4673953410,0.0,3108
1,     80964,23162,        4674004476,0.0,0.0
0,     80966,0,        4674132664,0.0,974
1,     80968,23163,        4674204476,0.0,0.0
0,     80970,0,        4674226665,0.0,5699
1,     80972,23164,        4674404476,0.0,0.0
0,     80974,0,        4674469338,0.0,1794
1,     80976,23165,        4674604480,0.0,0.0
0,     80978,0,        4674669170,0.0,5458
1,     80980,23166,        4674804480,0.0,0.0
0,     80982,0,        4674863198,0.0,177
1,     80984,23167,        4675004480,0.0,0.0
0,     80986,0,        4675068384,0.0,5152
0,     80988,0,        4675198701,0.0,675
1,     80990,23168,        4675204480,0.0,0.0
1,     80992,23169,        4675404484,0.0,0.0
1,     80994,23170,        4675604484,0.0,0.0
1,     80996,23171,        4675804484,0.0,0.0
1,     80998,23172,        4676004488,0.0,0.0
1,     81000,23173,        4676204488,0.0,0.0
1,     81002,23174,        4676404488,0.0,0.0
1,     81004,23175,        4676604492,0.0,0.0
1,     81006,23176,        4676804492,0.0,0.0
0,     81008,0,        4676845056,0.0,1393
0,     81010,0,        4676931151,0.0,2451
0,     81011,0,        4676931164,0.0,2452
0,     81013,0,        4676932205,0.0,4884
1,     81015,23177,        4677004492,0.0,0.0
1,     81017,23178,        4677204492,0.0,0.0
1,     81019,23179,        4677404496,0.0,0.0
1,     81021,23180,        4677604496,0.0,0.0
0,     81023,0,        4677731378,0.0,2736
1,     81025,23181,        4677804496,0.0,0.0
0,     81027,0,        4677886811,0.0,1640
1,     81029,23182,        4678004500,0.0,0.0
0,     81031,0,        4678061876,0.0,3361
1,     81033,23183,        4678204500,0.0,0.0
0,     81035,0,        4678296179,0.0,5509
1,     81037,23184,        4678404500,0.0,0.0
0,     81039,0,        4678453529,0.0,5719
1,     81041,23185,        4678604500,0.0,0.0
1,     81043,23186,        4678804504,0.0,0.0
0,     81045,0,        4678838350,0.0,1932
1,     81047,23187,        4679004504,0.0,0.0
1,     81049,23188,        4679204504,0.0,0.0
0,     81051,0,        4679260099,0.0,249
0,     81053,0,        4679288968,0.0,3193
1,     81055,23189,        4679404508,0.0,0.0
1,     81057,23190,        4679604508,0.0,0.0
0,     81059,0,        4679707311,0.0,3059
1,     81061,23191,        4679804508,0.0,0.0
1,     81063,23192,        4680004512,0.0,0.0
0,     81065,0,        4680075603,0.0,1637
0,     81067,0,        4680150005,0.0,4700
0,     81069,0,        4680150017,0.0,774
1,     81071,23193,        4680204512,0.0,0.0
0,     81073,0,        4680230544,0.0,6017
1,     81075,23194,        4680404512,0.0,0.0
1,     81077,23195,        4680604512,0.0,0.0
0,     81079,0,        4680664341,0.0,221
0,     81080,0,        4680664772,0.0,1887
1,     81082,23196,        4680804516,0.0,0.0
0,     81084,0,        4680870900,0.0,4695
0,     81086,0,        4680877639,0.0,1179
0,     81088,0,        4680947464,0.0,3361
1,     81090,23197,        4681004516,0.0,0.0
1,     81092,23198,        4681204516,0.0,0.0
0,     81094,0,        4681339380,0.0,5530
1,     81096,23199,        4681404520,0.0,0.0
1,     81098,23200,        4681604520,0.0,0.0
1,     81100,23201,        4681804520,0.0,0.0
0,     81102,0,        4681988128,0.0,3363
1,     81104,23202,        4682004524,0.0,0.0
0,     81106,0,        4682101429,0.0,3459
1,     81108,23203,        4682204524,0.0,0.0
0,     81110,0,        4682270070,0.0,232
1,     81112,23204,        4682404524,0.0,0.0
1,     81114,23205,        4682604524,0.0,0.0
1,     81116,23206,        4682804528,0.0,0.0
0,     81118,0,        4682883748,0.0,386
1,     81120,23207,        4683004528,0.0,0.0
1,     81122,23208,        4683204528,0.0,0.0
1,     81124,23209,        4683404532,0.0,0.0
0,     81126,0,        4683483754,0.0,6047
0,     81128,0,        4683505337,0.0,4494
1,     81130,23210,        4683604532,0.0,0.0
1,     81132,23211,        4683804532,0.0,0.0
1,     81134,23212,        4684004536,0.0,0.0
0,     81136,0,        4684019889,0.0,5430
0,     81138,0,        4684189883,0.0,4152
1,     81140,23213,        4684204536,0.0,0.0
0,     81142,0,        4684205679,0.0,35
0,     81144,0,        4684332736,0.0,1801
0,     81146,0,        4684387493,0.0,3393
1,     81148,23214,        4684404536,0.0,0.0
0,     81150,0,        4684562527,0.0,5677
1,     81152,23215,        4684604536,0.0,0.0
0,     81154,0,        4684701156,0.0,3483
1,     81156,23216,        4684804540,0.0,0.0
1,     81158,23217,        4685004540,0.0,0.0
1,     81160,23218,        4685204540,0.0,0.0
1,     81162,23219,        4685404544,0.0,0.0
1,     81164,23220,        4685604544,0.0,0.0
0,     81166,0,        4685628038,0.0,76
1,     81168,23221,        4685804544,0.0,0.0
1,     81170,23222,        4686004544,0.0,0.0
0,     81172,0,        4686151279,0.0,1782
1,     81174,23223,        4686204548,0.0,0.0
1,     81176,23224,        4686404548,0.0,0.0
1,     81178,23225,        4686604548,0.0,0.0
0,     81180,0,        4686646013,0.0,993
1,     81182,23226,        4686804552,0.0,0.0
0,     81184,0,        4686856251,0.0,2261
1,     81186,23227,        4687004552,0.0,0.0
1,     81188,23228,        4687204552,0.0,0.0
0,     81190,0,        4687272293,0.0,866
0,     81191,0,        4687272366,0.0,317
1,     81193,23229,        4687404556,0.0,0.0
0,     81195,0,        4687585928,0.0,5436
0,     81197,0,        4687597556,0.0,3785
1,     81199,23230,        4687604556,0.0,0.0
1,     81201,23231,        4687804556,0.0,0.0
1,     81203,23232,        4688004556,0.0,0.0
1,     81205,23233,        4688204560,0.0,0.0
1,     81207,23234,        4688404560,0.0,0.0
0,     81209,0,        4688531938,0.0,2304
1,     81211,23235,        4688604560,0.0,0.0
1,     81213,23236,        4688804564,0.0,0.0
0,     81215,0,        4688825171,0.0,181
0,     81217,0,        4688872777,0.0,1551
0,     81219,0,        4688930285,0.0,3933
0,     81221,0,        4688951026,0.0,3468
1,     81223,23237,        4689004564,0.0,0.0
1,     81225,23238,        4689204564,0.0,0.0
1,     81227,23239,        4689404568,0.0,0.0
1,     81229,23240,        4689604568,0.0,0.0
0,     81231,0,        4689728195,0.0,2236
1,     81233,23241,        4689804568,0.0,0.0
1,     81235,23242,        4690004568,0.0,0.0
1,     81237,23243,        4690204572,0.0,0.0
0,     81239,0,        4690273090,0.0,120
1,     81241,23244,        4690404572,0.0,0.0
0,     81243,0,        4690443097,0.0,3116
1,     81245,23245,        4690604572,0.0,0.0
1,     81247,23246,        4690804576,0.0,0.0
1,     81249,23247,        4691004576,0.0,0.0
1,     81251,23248,        4691204576,0.0,0.0
0,     81253,0,        4691255647,0.0,3439
1,     81255,23249,        4691404580,0.0,0.0
0,     81257,0,        4691407170,0.0,2939
0,     81259,0,        4691546397,0.0,2901
1,     81261,23250,        4691604580,0.0,0.0
0,     81263,0,        4691672361,0.0,171
1,     81265,23251,        4691804580,0.0,0.0
1,     81267,23252,        4692004580,0.0,0.0
0,     81269,0,        4692181091,0.0,2772
1,     81271,23253,        4692204584,0.0,0.0
1,     81273,23254,        4692404584,0.0,0.0
1,     81275,23255,        4692604584,0.0,0.0
1,     81277,23256,        4692804588,0.0,0.0
0,     81279,0,        4692852284,0.0,3654
0,     81280,0,        4692852296,0.0,5235
0,     81282,0,        4692886996,0.0,80
1,     81284,23257,        4693004588,0.0,0.0
1,     81286,23258,        4693204588,0.0,0.0
0,     81288,0,        4693273528,0.0,749
0,     81290,0,        4693296667,0.0,3180
1,     81292,23259,        4693404592,0.0,0.0
0,     81294,0,        4693527048,0.0,4771
1,     81296,23260,        4693604592,0.0,0.0
1,     81298,23261,        4693804592,0.0,0.0
0,     81300,0,        4693952874,0.0,5088
0,     81302,0,        4693991448,0.0,2309
1,     81304,23262,        4694004592,0.0,0.0
0,     81306,0,        4694032083,0.0,3603
1,     81308,23263,        4694204596,0.0,0.0
1,     81310,23264,        4694404596,0.0,0.0
1,     81312,23265,        4694604596,0.0,0.0
0,     81314,0,        4694713807,0.0,4818
0,     81315,0,        4694714054,0.0,5691
0,     81317,0,        4694755600,0.0,2763
1,     81319,23266,        4694804600,0.0,0.0
0,     81321,0,        4694873821,0.0,3746
1,     81323,23267,        4695004600,0.0,0.0
0,     81325,0,        4695058029,0.0,5120
1,     81327,23268,        4695204600,0.0,0.0
1,     81329,23269,        4695404600,0.0,0.0
1,     81331,23270,        4695604604,0.0,0.0
0,     81333,0,        4695764156,0.0,4414
1,     81335,23271,        4695804604,0.0,0.0
0,     81337,0,        4695829546,0.0,2270
0,     81339,0,        4695970837,0.0,2759
0,     81341,0,        4695983643,0.0,938
1,     81343,23272,        4696004604,0.0,0.0
0,     81345,0,        4696006511,0.0,291
0,     81347,0,        4696009244,0.0,6158
0,     81349,0,        4696118874,0.0,1079
1,     81351,23273,        4696204608,0.0,0.0
1,     81353,23274,        4696404608,0.0,0.0
0,     81355,0,        4696556658,0.0,1203
1,     81357,23275,        4696604608,0.0,0.0
1,     81359,23276,        4696804612,0.0,0.0
0,     81361,0,        4696916528,0.0,3927
1,     81363,23277,        4697004612,0.0,0.0
1,     81365,23278,        4697204612,0.0,0.0
0,     81367,0,        4697311130,0.0,420
0,     81369,0,        4697334057,0.0,5746
1,     81371,23279,        4697404612,0.0,0.0
1,     81373,23280,        4697604616,0.0,0.0
1,     81375,23281,        4697804616,0.0,0.0
0,     81377,0,        4697927158,0.0,2045
0,     81379,0,        4697978841,0.0,68
0,     81381,0,        4697979744,0.0,4893
1,     81383,23282,        4698004616,0.0,0.0
0,     81385,0,        4698119673,0.0,4928
1,     81387,23283,        4698204620,0.0,0.0
0,     81389,0,        4698267195,0.0,5085
1,     81391,23284,        4698404620,0.0,0.0
0,     81393,0,        4698504181,0.0,5998
0,     81395,0,        4698507630,0.0,3501
0,     81397,0,        4698600756,0.0,892
1,     81399,23285,        4698604620,0.0,0.0
0,     81401,0,        4698747704,0.0,1828
1,     81403,23286,        4698804624,0.0,0.0
1,     81405,23287,        4699004624,0.0,0.0
0,     81407,0,        4699079593,0.0,4275
0,     81409,0,        4699079685,0.0,5699
1,     81411,23288,        4699204624,0.0,0.0
1,     81413,23289,        4699404624,0.0,0.0
0,     81415,0,        4699476758,0.0,498
1,     81417,23290,        4699604628,0.0,0.0
0,     81419,0,        4699784818,0.0,4510
0,     81420,0,        4699785214,0.0,5098
1,     81422,23291,        4699804628,0.0,0.0
1,     81424,23292,        4700004628,0.0,0.0
1,     81426,23293,        4700204632,0.0,0.0
1,     81428,23294,        4700404632,0.0,0.0
0,     81430,0,        4700538695,0.0,4238
0,     81432,0,        4700574990,0.0,5375
1,     81434,23295,        4700604632,0.0,0.0
0,     81436,0,        4700631342,0.0,4196
1,     81438,23296,        4700804636,0.0,0.0
1,     81440,23297,        4701004636,0.0,0.0
0,     81442,0,        4701096723,0.0,4195
1,     81444,23298,        4701204636,0.0,0.0
1,     81446,23299,        4701404636,0.0,0.0
1,     81448,23300,        4701604640,0.0,0.0
0,     81450,0,        4701621510,0.0,1059
0,     81452,0,        4701625077,0.0,4001
0,     81454,0,        4701644193,0.0,6186
0,     81456,0,        4701766155,0.0,1095
1,     81458,23301,        4701804640,0.0,0.0
1,     81460,23302,        4702004640,0.0,0.0
0,     81462,0,        4702065371,0.0,1825
0,     81464,0,        4702176548,0.0,3287
1,     81466,23303,        4702204644,0.0,0.0
1,     81468,23304,        4702404644,0.0,0.0
0,     81470,0,        4702427880,0.0,1641
1,     81472,23305,        4702604644,0.0,0.0
1,     81474,23306,        4702804644,0.0,0.0
1,     81476,23307,        4703004648,0.0,0.0
0,     81478,0,        4703043915,0.0,412
1,     81480,23308,        4703204648,0.0,0.0
0,     81482,0,        4703351965,0.0,2858
0,     81484,0,        4703389373,0.0,4279
1,     81486,23309,        4703404648,0.0,0.0
1,     81488,23310,        4703604652,0.0,0.0
0,     81490,0,        4703698002,0.0,124
0,     81492,0,        4703793956,0.0,1980
1,     81494,23311,        4703804652,0.0,0.0
1,     81496,23312,        4704004652,0.0,0.0
1,     81498,23313,        4704204656,0.0,0.0
1,     81500,23314,        4704404656,0.0,0.0
1,     81502,23315,        4704604656,0.0,0.0
1,     81504,23316,        4704804656,0.0,0.0
1,     81506,23317,        4705004660,0.0,0.0
0,     81508,0,        4705019839,0.0,2521
1,     81510,23318,        4705204660,0.0,0.0
1,     81512,23319,        4705404660,0.0,0.0
1,     81514,23320,        4705604664,0.0,0.0
1,     81516,23321,        4705804664,0.0,0.0
0,     81518,0,        4705916188,0.0,3530
1,     81520,23322,        4706004664,0.0,0.0
1,     81522,23323,        4706204668,0.0,0.0
1,     81524,23324,        4706404668,0.0,0.0
0,     81526,0,        4706579785,0.0,585
1,     81528,23325,        4706604668,0.0,0.0
0,     81530,0,        4706672287,0.0,4221
1,     81532,23326,        4706804668,0.0,0.0
0,     81534,0,        4706884040,0.0,3975
0,     81536,0,        4706970361,0.0,46
1,     81538,23327,        4707004672,0.0,0.0
1,     81540,23328,        4707204672,0.0,0.0
1,     81542,23329,        4707404672,0.0,0.0
1,     81544,23330,        4707604676,0.0,0.0
1,     81546,23331,        4707804676,0.0,0.0
0,     81548,0,        4707822328,0.0,459
0,     81550,0,        4707838359,0.0,2374
1,     81552,23332,        4708004676,0.0,0.0
1,     81554,23333,        4708204680,0.0,0.0
1,     81556,23334,        4708404680,0.0,0.0
1,     81558,23335,        4708604680,0.0,0.0
1,     81560,23336,        4708804680,0.0,0.0
1,     81562,23337,        4709004684,0.0,0.0
0,     81564,0,        4709136589,0.0,1848
1,     81566,23338,        4709204684,0.0,0.0
1,     81568,23339,        4709404684,0.0,0.0
1,     81570,23340,        4709604688,0.0,0.0
0,     81572,0,        4709729525,0.0,5516
1,     81574,23341,        4709804688,0.0,0.0
0,     81576,0,        4709901872,0.0,2784
1,     81578,23342,        4710004688,0.0,0.0
0,     81580,0,        4710132913,0.0,5205
1,     81582,23343,        4710204692,0.0,0.0
1,     81584,23344,        4710404692,0.0,0.0
0,     81586,0,        4710553410,0.0,980
1,     81588,23345,        4710604692,0.0,0.0
1,     81590,23346,        4710804692,0.0,0.0
0,     81592,0,        4710848902,0.0,4580
0,     81594,0,        4710883859,0.0,1178
1,     81596,23347,        4711004696,0.0,0.0
1,     81598,23348,        4711204696,0.0,0.0
1,     81600,23349,        4711404696,0.0,0.0
1,     81602,23350,        4711604700,0.0,0.0
1,     81604,23351,        4711804700,0.0,0.0
1,     81606,23352,        4712004700,0.0,0.0
1,     81608,23353,        4712204700,0.0,0.0
0,     81610,0,        4712281138,0.0,5589
1,     81612,23354,        4712404704,0.0,0.0
0,     81614,0,        4712411906,0.0,2546
0,     81616,0,        4712587137,0.0,3286
1,     81618,23355,        4712604704,0.0,0.0
1,     81620,23356,        4712804704,0.0,0.0
1,     81622,23357,        4713004708,0.0,0.0
1,     81624,23358,        4713204708,0.0,0.0
1,     81626,23359,        4713404708,0.0,0.0
1,     81628,23360,        4713604712,0.0,0.0
0,     81630,0,        4713755950,0.0,294
1,     81632,23361,        4713804712,0.0,0.0
1,     81634,23362,        4714004712,0.0,0.0
1,     81636,23363,        4714204712,0.0,0.0
1,     81638,23364,        4714404716,0.0,0.0
1,     81640,23365,        4714604716,0.0,0.0
0,     81642,0,        4714631271,0.0,953
0,     81644,0,        4714647773,0.0,2673
0,     81646,0,        4714689227,0.0,2003
1,     81648,23366,        4714804716,0.0,0.0
1,     81650,23367,        4715004720,0.0,0.0
1,     81652,23368,        4715204720,0.0,0.0
1,     81654,23369,        4715404720,0.0,0.0
0,     81656,0,        4715599994,0.0,4064
1,     81658,23370,        4715604724,0.0,0.0
0,     81660,0,        4715707303,0.0,3321
1,     81662,23371,        4715804724,0.0,0.0
1,     81664,23372,        4716004724,0.0,0.0
0,     81666,0,        4716190629,0.0,3745
0,     81668,0,        4716191030,0.0,4329
1,     81670,23373,        4716204724,0.0,0.0
0,     81672,0,        4716310239,0.0,2497
1,     81674,23374,        4716404728,0.0,0.0
1,     81676,23375,        4716604728,0.0,0.0
0,     81678,0,        4716619839,0.0,2127
1,     81680,23376,        4716804728,0.0,0.0
0,     81681,0,        4716804838,0.0,4189
1,     81683,23377,        4717004732,0.0,0.0
1,     81685,23378,        4717204732,0.0,0.0
0,     81687,0,        4717298963,0.0,5077
0,     81689,0,        4717349684,0.0,6120
1,     81691,23379,        4717404732,0.0,0.0
1,     81693,23380,        4717604736,0.0,0.0
1,     81695,23381,        4717804736,0.0,0.0
0,     81697,0,        4717848671,0.0,3560
0,     81699,0,        4717934727,0.0,4048
0,     81701,0,        4717995509,0.0,3492
1,     81703,23382,        4718004736,0.0,0.0
0,     81705,0,        4718105827,0.0,5948
1,     81707,23383,        4718204736,0.0,0.0
0,     81709,0,        4718377497,0.0,5507
0,     81711,0,        4718400332,0.0,5124
1,     81713,23384,        4718404740,0.0,0.0
0,     81715,0,        4718541715,0.0,2734
1,     81717,23385,        4718604740,0.0,0.0
1,     81719,23386,        4718804740,0.0,0.0
0,     81721,0,        4718938315,0.0,3782
1,     81723,23387,        4719004744,0.0,0.0
1,     81725,23388,        4719204744,0.0,0.0
0,     81727,0,        4719336807,0.0,708
1,     81729,23389,        4719404744,0.0,0.0
1,     81731,23390,        4719604744,0.0,0.0
0,     81733,0,        4719643067,0.0,1645
1,     81735,23391,        4719804748,0.0,0.0
0,     81737,0,        4719915063,0.0,3805
1,     81739,23392,        4720004748,0.0,0.0
0,     81741,0,        4720050877,0.0,4452
1,     81743,23393,        4720204748,0.0,0.0
1,     81745,23394,        4720404752,0.0,0.0
1,     81747,23395,        4720604752,0.0,0.0
0,     81749,0,        4720638259,0.0,501
1,     81751,23396,        4720804752,0.0,0.0
0,     81753,0,        4720870997,0.0,3998
1,     81755,23397,        4721004756,0.0,0.0
1,     81757,23398,        4721204756,0.0,0.0
1,     81759,23399,        4721404756,0.0,0.0
0,     81761,0,        4721479924,0.0,1402
1,     81763,23400,        4721604756,0.0,0.0
0,     81765,0,        4721658536,0.0,1060
1,     81767,23401,        4721804760,0.0,0.0
1,     81769,23402,        4722004760,0.0,0.0
0,     81771,0,        4722143761,0.0,2349
1,     81773,23403,        4722204760,0.0,0.0
0,     81775,0,        4722389085,0.0,1967
1,     81777,23404,        4722404764,0.0,0.0
1,     81779,23405,        4722604764,0.0,0.0
1,     81781,23406,        4722804764,0.0,0.0
0,     81783,0,        4722900473,0.0,3134
0,     81785,0,        4722989756,0.0,3288
1,     81787,23407,        4723004768,0.0,0.0
1,     81789,23408,        4723204768,0.0,0.0
1,     81791,23409,        4723404768,0.0,0.0
0,     81793,0,        4723431699,0.0,5660
1,     81795,23410,        4723604768,0.0,0.0
1,     81797,23411,        4723804772,0.0,0.0
0,     81799,0,        4723995294,0.0,748
1,     81801,23412,        4724004772,0.0,0.0
0,     81803,0,        4724123905,0.0,1103
0,     81804,0,        4724123953,0.0,4343
0,     81806,0,        4724190032,0.0,3253
1,     81808,23413,        4724204772,0.0,0.0
0,     81810,0,        4724232244,0.0,2324
1,     81812,23414,        4724404776,0.0,0.0
1,     81814,23415,        4724604776,0.0,0.0
0,     81816,0,        4724760206,0.0,630
1,     81818,23416,        4724804776,0.0,0.0
1,     81820,23417,        4725004780,0.0,0.0
0,     81822,0,        4725043974,0.0,1132
1,     81824,23418,        4725204780,0.0,0.0
1,     81826,23419,        4725404780,0.0,0.0
1,     81828,23420,        4725604780,0.0,0.0
0,     81830,0,        4725724368,0.0,268
0,     81832,0,        4725743015,0.0,3554
1,     81834,23421,        4725804784,0.0,0.0
0,     81836,0,        4725846636,0.0,3851
0,     81838,0,        4725982513,0.0,1410
1,     81840,23422,        4726004784,0.0,0.0
1,     81842,23423,        4726204784,0.0,0.0
0,     81844,0,        4726274372,0.0,3638
1,     81846,23424,        4726404788,0.0,0.0
1,     81848,23425,        4726604788,0.0,0.0
1,     81850,23426,        4726804788,0.0,0.0
0,     81852,0,        4726809924,0.0,3456
0,     81854,0,        4726867730,0.0,4294
1,     81856,23427,        4727004792,0.0,0.0
1,     81858,23428,        4727204792,0.0,0.0
0,     81860,0,        4727378798,0.0,1801
1,     81862,23429,        4727404792,0.0,0.0
0,     81864,0,        4727441543,0.0,3469
0,     81866,0,        4727586616,0.0,3565
1,     81868,23430,        4727604792,0.0,0.0
1,     81870,23431,        4727804796,0.0,0.0
1,     81872,23432,        4728004796,0.0,0.0
1,     81874,23433,        4728204796,0.0,0.0
1,     81876,23434,        4728404800,0.0,0.0
0,     81878,0,        4728442622,0.0,1379
1,     81880,23435,        4728604800,0.0,0.0
0,     81882,0,        4728675521,0.0,1452
0,     81883,0,        4728675664,0.0,4432
1,     81885,23436,        4728804800,0.0,0.0
0,     81887,0,        4728841253,0.0,2439
1,     81889,23437,        4729004800,0.0,0.0
0,     81891,0,        4729163767,0.0,1553
1,     81893,23438,        4729204804,0.0,0.0
1,     81895,23439,        4729404804,0.0,0.0
1,     81897,23440,        4729604804,0.0,0.0
1,     81899,23441,        4729804808,0.0,0.0
1,     81901,23442,        4730004808,0.0,0.0
0,     81903,0,        4730037458,0.0,3569
1,     81905,23443,        4730204808,0.0,0.0
1,     81907,23444,        4730404812,0.0,0.0
0,     81909,0,        4730509046,0.0,3287
0,     81911,0,        4730541715,0.0,2237
1,     81913,23445,        4730604812,0.0,0.0
0,     81915,0,        4730666414,0.0,5250
1,     81917,23446,        4730804812,0.0,0.0
1,     81919,23447,        4731004812,0.0,0.0
1,     81921,23448,        4731204816,0.0,0.0
0,     81923,0,        4731263002,0.0,5470
1,     81925,23449,        4731404816,0.0,0.0
0,     81927,0,        4731405953,0.0,4894
1,     81929,23450,        4731604816,0.0,0.0
0,     81931,0,        4731704823,0.0,4838
0,     81933,0,        4731792601,0.0,141
1,     81935,23451,        4731804820,0.0,0.0
1,     81937,23452,        4732004820,0.0,0.0
0,     81939,0,        4732023444,0.0,4107
0,     81941,0,        4732061192,0.0,1659
1,     81943,23453,        4732204820,0.0,0.0
1,     81945,23454,        4732404824,0.0,0.0
1,     81947,23455,        4732604824,0.0,0.0
1,     81949,23456,        4732804824,0.0,0.0
1,     81951,23457,        4733004824,0.0,0.0
0,     81953,0,        4733046634,0.0,6052
1,     81955,23458,        4733204828,0.0,0.0
0,     81957,0,        4733240694,0.0,1499
1,     81959,23459,        4733404828,0.0,0.0
1,     81961,23460,        4733604828,0.0,0.0
1,     81963,23461,        4733804832,0.0,0.0
0,     81965,0,        4733997392,0.0,3248
1,     81967,23462,        4734004832,0.0,0.0
0,     81969,0,        4734099209,0.0,1750
0,     81971,0,        4734099990,0.0,3470
1,     81973,23463,        4734204832,0.0,0.0
1,     81975,23464,        4734404836,0.0,0.0
1,     81977,23465,        4734604836,0.0,0.0
1,     81979,23466,        4734804836,0.0,0.0
0,     81981,0,        4734846488,0.0,3907
0,     81983,0,        4734907586,0.0,365
0,     81985,0,        4734962946,0.0,1232
1,     81987,23467,        4735004836,0.0,0.0
0,     81989,0,        4735098467,0.0,601
1,     81991,23468,        4735204840,0.0,0.0
1,     81993,23469,        4735404840,0.0,0.0
1,     81995,23470,        4735604840,0.0,0.0
1,     81997,23471,        4735804844,0.0,0.0
1,     81999,23472,        4736004844,0.0,0.0
1,     82001,23473,        4736204844,0.0,0.0
0,     82003,0,        4736269734,0.0,3552
0,     82005,0,        4736301614,0.0,5415
0,     82007,0,        4736321064,0.0,5568
1,     82009,23474,        4736404844,0.0,0.0
1,     82011,23475,        4736604848,0.0,0.0
1,     82013,23476,        4736804848,0.0,0.0
0,     82015,0,        4736900023,0.0,4072
1,     82017,23477,        4737004848,0.0,0.0
1,     82019,23478,        4737204852,0.0,0.0
1,     82021,23479,        4737404852,0.0,0.0
0,     82023,0,        4737491407,0.0,4389
0,     82025,0,        4737578491,0.0,6029
1,     82027,23480,        4737604852,0.0,0.0
0,     82029,0,        4737725830,0.0,5350
0,     82031,0,        4737758081,0.0,6248
0,     82032,0,        4737758096,0.0,3626
1,     82034,23481,        4737804856,0.0,0.0
0,     82036,0,        4737907795,0.0,3705
1,     82038,23482,        4738004856,0.0,0.0
1,     82040,23483,        4738204856,0.0,0.0
0,     82042,0,        4738246870,0.0,1114
0,     82044,0,        4738403772,0.0,5843
1,     82046,23484,        4738404856,0.0,0.0
0,     82048,0,        4738435201,0.0,5174
1,     82050,23485,        4738604860,0.0,0.0
0,     82052,0,        4738787917,0.0,5405
1,     82054,23486,        4738804860,0.0,0.0
1,     82056,23487,        4739004860,0.0,0.0
0,     82058,0,        4739082309,0.0,372
0,     82060,0,        4739128103,0.0,136
0,     82062,0,        4739152189,0.0,3572
1,     82064,23488,        4739204864,0.0,0.0
0,     82066,0,        4739281074,0.0,6082
1,     82068,23489,        4739404864,0.0,0.0
0,     82070,0,        4739558813,0.0,5397
0,     82072,0,        4739573406,0.0,5067
0,     82074,0,        4739593134,0.0,2986
1,     82076,23490,        4739604864,0.0,0.0
0,     82078,0,        4739770943,0.0,2799
1,     82080,23491,        4739804868,0.0,0.0
1,     82082,23492,        4740004868,0.0,0.0
1,     82084,23493,        4740204868,0.0,0.0
1,     82086,23494,        4740404868,0.0,0.0
0,     82088,0,        4740513273,0.0,1682
1,     82090,23495,        4740604872,0.0,0.0
1,     82092,23496,        4740804872,0.0,0.0
1,     82094,23497,        4741004872,0.0,0.0
1,     82096,23498,        4741204876,0.0,0.0
1,     82098,23499,        4741404876,0.0,0.0
1,     82100,23500,        4741604876,0.0,0.0
0,     82102,0,        4741617754,0.0,1821
1,     82104,23501,        4741804880,0.0,0.0
0,     82106,0,        4741977261,0.0,1859
1,     82108,23502,        4742004880,0.0,0.0
1,     82110,23503,        4742204880,0.0,0.0
1,     82112,23504,        4742404880,0.0,0.0
0,     82114,0,        4742512987,0.0,4534
0,     82115,0,        4742513080,0.0,4026
1,     82117,23505,        4742604884,0.0,0.0
0,     82119,0,        4742708216,0.0,2528
0,     82121,0,        4742775649,0.0,878
1,     82123,23506,        4742804884,0.0,0.0
0,     82125,0,        4742820209,0.0,1855
0,     82127,0,        4742886915,0.0,1892
0,     82129,0,        4742895136,0.0,4117
0,     82131,0,        4742906467,0.0,4343
0,     82133,0,        4742912983,0.0,5190
1,     82135,23507,        4743004884,0.0,0.0
0,     82137,0,        4743009932,0.0,1547
0,     82139,0,        4743042543,0.0,2372
1,     82141,23508,        4743204888,0.0,0.0
0,     82143,0,        4743383097,0.0,949
1,     82145,23509,        4743404888,0.0,0.0
0,     82147,0,        4743406175,0.0,3849
0,     82149,0,        4743505700,0.0,2804
1,     82151,23510,        4743604888,0.0,0.0
1,     82153,23511,        4743804892,0.0,0.0
0,     82155,0,        4743948519,0.0,1318
1,     82157,23512,        4744004892,0.0,0.0
1,     82159,23513,        4744204892,0.0,0.0
0,     82161,0,        4744404142,0.0,2681
1,     82162,23514,        4744404892,0.0,0.0
0,     82164,0,        4744447799,0.0,1472
1,     82166,23515,        4744604896,0.0,0.0
1,     82168,23516,        4744804896,0.0,0.0
0,     82170,0,        4744815074,0.0,3067
1,     82172,23517,        4745004896,0.0,0.0
0,     82174,0,        4745039025,0.0,6073
0,     82176,0,        4745125953,0.0,3879
1,     82178,23518,        4745204900,0.0,0.0
0,     82180,0,        4745354227,0.0,3347
1,     82182,23519,        4745404900,0.0,0.0
0,     82184,0,        4745470439,0.0,3609
1,     82186,23520,        4745604900,0.0,0.0
1,     82188,23521,        4745804900,0.0,0.0
1,     82190,23522,        4746004904,0.0,0.0
0,     82192,0,        4746029805,0.0,1025
1,     82194,23523,        4746204904,0.0,0.0
1,     82196,23524,        4746404904,0.0,0.0
0,     82198,0,        4746424481,0.0,1229
0,     82200,0,        4746510770,0.0,1072
0,     82201,0,        4746510774,0.0,3335
1,     82203,23525,        4746604908,0.0,0.0
0,     82205,0,        4746703168,0.0,6126
1,     82207,23526,        4746804908,0.0,0.0
1,     82209,23527,        4747004908,0.0,0.0
0,     82211,0,        4747023641,0.0,3449
0,     82213,0,        4747097638,0.0,2088
1,     82215,23528,        4747204912,0.0,0.0
0,     82217,0,        4747259279,0.0,336
1,     82219,23529,        4747404912,0.0,0.0
0,     82221,0,        4747499363,0.0,1607
0,     82223,0,        4747537976,0.0,3090
1,     82225,23530,        4747604912,0.0,0.0
0,     82227,0,        4747701570,0.0,352
1,     82229,23531,        4747804912,0.0,0.0
0,     82231,0,        4747880142,0.0,1413
1,     82233,23532,        4748004916,0.0,0.0
1,     82235,23533,        4748204916,0.0,0.0
0,     82237,0,        4748211992,0.0,4719
1,     82239,23534,        4748404916,0.0,0.0
0,     82241,0,        4748450185,0.0,1780
1,     82243,23535,        4748604920,0.0,0.0
0,     82245,0,        4748772846,0.0,3203
1,     82247,23536,        4748804920,0.0,0.0
1,     82249,23537,        4749004920,0.0,0.0
1,     82251,23538,        4749204924,0.0,0.0
1,     82253,23539,        4749404924,0.0,0.0
1,     82255,23540,        4749604924,0.0,0.0
0,     82257,0,        4749716021,0.0,5689
1,     82259,23541,        4749804924,0.0,0.0
1,     82261,23542,        4750004928,0.0,0.0
1,     82263,23543,        4750204928,0.0,0.0
1,     82265,23544,        4750404928,0.0,0.0
0,     82267,0,        4750573076,0.0,6024
1,     82269,23545,        4750604932,0.0,0.0
1,     82271,23546,        4750804932,0.0,0.0
0,     82273,0,        4750842012,0.0,4058
1,     82275,23547,        4751004932,0.0,0.0
1,     82277,23548,        4751204932,0.0,0.0
0,     82279,0,        4751315612,0.0,3205
0,     82281,0,        4751360043,0.0,6025
1,     82283,23549,        4751404936,0.0,0.0
1,     82285,23550,        4751604936,0.0,0.0
0,     82287,0,        4751791439,0.0,135
1,     82289,23551,        4751804936,0.0,0.0
1,     82291,23552,        4752004940,0.0,0.0
1,     82293,23553,        4752204940,0.0,0.0
1,     82295,23554,        4752404940,0.0,0.0
0,     82297,0,        4752492018,0.0,1214
0,     82299,0,        4752537684,0.0,612
1,     82301,23555,        4752604944,0.0,0.0
1,     82303,23556,        4752804944,0.0,0.0
0,     82305,0,        4752928864,0.0,4608
1,     82307,23557,        4753004944,0.0,0.0
0,     82309,0,        4753054219,0.0,1068
1,     82311,23558,        4753204948,0.0,0.0
1,     82313,23559,        4753404948,0.0,0.0
1,     82315,23560,        4753604948,0.0,0.0
0,     82317,0,        4753667913,0.0,2904
0,     82319,0,        4753714065,0.0,4253
0,     82321,0,        4753714237,0.0,1835
0,     82323,0,        4753776125,0.0,3965
1,     82325,23561,        4753804948,0.0,0.0
1,     82327,23562,        4754004952,0.0,0.0
0,     82329,0,        4754120219,0.0,2810
1,     82331,23563,        4754204952,0.0,0.0
1,     82333,23564,        4754404952,0.0,0.0
0,     82335,0,        4754413386,0.0,2455
1,     82337,23565,        4754604956,0.0,0.0
1,     82339,23566,        4754804956,0.0,0.0
1,     82341,23567,        4755004956,0.0,0.0
1,     82343,23568,        4755204956,0.0,0.0
0,     82345,0,        4755320056,0.0,5051
1,     82347,23569,        4755404960,0.0,0.0
0,     82349,0,        4755475506,0.0,2265
1,     82351,23570,        4755604960,0.0,0.0
0,     82353,0,        4755673006,0.0,1971
1,     82355,23571,        4755804960,0.0,0.0
1,     82357,23572,        4756004964,0.0,0.0
0,     82359,0,        4756059678,0.0,3324
0,     82361,0,        4756135319,0.0,4628
1,     82363,23573,        4756204964,0.0,0.0
1,     82365,23574,        4756404964,0.0,0.0
1,     82367,23575,        4756604968,0.0,0.0
0,     82369,0,        4756698576,0.0,4701
1,     82371,23576,        4756804968,0.0,0.0
0,     82373,0,        4756851421,0.0,749
0,     82375,0,        4757001900,0.0,3143
1,     82377,23577,        4757004968,0.0,0.0
0,     82379,0,        4757193313,0.0,1378
1,     82381,23578,        4757204968,0.0,0.0
0,     82383,0,        4757219589,0.0,4144
1,     82385,23579,        4757404972,0.0,0.0
1,     82387,23580,        4757604972,0.0,0.0
1,     82389,23581,        4757804972,0.0,0.0
0,     82391,0,        4758001096,0.0,1550
1,     82393,23582,        4758004976,0.0,0.0
1,     82395,23583,        4758204976,0.0,0.0
0,     82397,0,        4758228186,0.0,3893
1,     82399,23584,        4758404976,0.0,0.0
0,     82401,0,        4758575549,0.0,379
1,     82403,23585,        4758604980,0.0,0.0
1,     82405,23586,        4758804980,0.0,0.0
1,     82407,23587,        4759004980,0.0,0.0
1,     82409,23588,        4759204980,0.0,0.0
1,     82411,23589,        4759404984,0.0,0.0
1,     82413,23590,        4759604984,0.0,0.0
0,     82415,0,        4759656008,0.0,1008
1,     82417,23591,        4759804984,0.0,0.0
0,     82419,0,        4759953069,0.0,2535
0,     82421,0,        4760004836,0.0,4271
1,     82422,23592,        4760004988,0.0,0.0
1,     82424,23593,        4760204988,0.0,0.0
1,     82426,23594,        4760404988,0.0,0.0
1,     82428,23595,        4760604988,0.0,0.0
1,     82430,23596,        4760804992,0.0,0.0
0,     82432,0,        4760854094,0.0,1818
0,     82434,0,        4760856185,0.0,2251
1,     82436,23597,        4761004992,0.0,0.0
0,     82438,0,        4761183250,0.0,1777
1,     82440,23598,        4761204992,0.0,0.0
0,     82442,0,        4761277544,0.0,4431
0,     82444,0,        4761306536,0.0,4163
1,     82446,23599,        4761404996,0.0,0.0
1,     82448,23600,        4761604996,0.0,0.0
1,     82450,23601,        4761804996,0.0,0.0
0,     82452,0,        4761854615,0.0,1907
1,     82454,23602,        4762005000,0.0,0.0
1,     82456,23603,        4762205000,0.0,0.0
1,     82458,23604,        4762405000,0.0,0.0
1,     82460,23605,        4762605000,0.0,0.0
1,     82462,23606,        4762805004,0.0,0.0
0,     82464,0,        4762879989,0.0,1366
1,     82466,23607,        4763005004,0.0,0.0
0,     82468,0,        4763045565,0.0,1443
0,     82470,0,        4763196593,0.0,387
1,     82472,23608,        4763205004,0.0,0.0
0,     82474,0,        4763391229,0.0,1870
1,     82476,23609,        4763405008,0.0,0.0
0,     82478,0,        4763569702,0.0,4406
1,     82480,23610,        4763605008,0.0,0.0
0,     82482,0,        4763641857,0.0,2187
1,     82484,23611,        4763805008,0.0,0.0
0,     82486,0,        4763809142,0.0,1158
0,     82488,0,        4763984325,0.0,158
1,     82490,23612,        4764005012,0.0,0.0
0,     82492,0,        4764038839,0.0,5312
1,     82494,23613,        4764205012,0.0,0.0
1,     82496,23614,        4764405012,0.0,0.0
1,     82498,23615,        4764605012,0.0,0.0
1,     82500,23616,        4764805016,0.0,0.0
1,     82502,23617,        4765005016,0.0,0.0
1,     82504,23618,        4765205016,0.0,0.0
0,     82506,0,        4765237495,0.0,5406
0,     82508,0,        4765318344,0.0,3047
0,     82509,0,        4765318682,0.0,543
0,     82511,0,        4765404205,0.0,1455
1,     82512,23619,        4765405020,0.0,0.0
0,     82514,0,        4765442274,0.0,3428
1,     82516,23620,        4765605020,0.0,0.0
1,     82518,23621,        4765805020,0.0,0.0
0,     82520,0,        4765820505,0.0,5299
0,     82522,0,        4766003888,0.0,2779
1,     82524,23622,        4766005024,0.0,0.0
1,     82526,23623,        4766205024,0.0,0.0
0,     82528,0,        4766290446,0.0,137
0,     82530,0,        4766360888,0.0,3118
1,     82532,23624,        4766405024,0.0,0.0
0,     82534,0,        4766513994,0.0,560
0,     82536,0,        4766536189,0.0,3902
1,     82538,23625,        4766605024,0.0,0.0
0,     82540,0,        4766712999,0.0,5985
1,     82542,23626,        4766805028,0.0,0.0
0,     82544,0,        4766827099,0.0,1428
1,     82546,23627,        4767005028,0.0,0.0
0,     82548,0,        4767049444,0.0,3504
1,     82550,23628,        4767205028,0.0,0.0
0,     82552,0,        4767370362,0.0,1843
1,     82554,23629,        4767405032,0.0,0.0
1,     82556,23630,        4767605032,0.0,0.0
0,     82558,0,        4767662518,0.0,865
1,     82560,23631,        4767805032,0.0,0.0
0,     82562,0,        4767810990,0.0,905
1,     82564,23632,        4768005036,0.0,0.0
0,     82566,0,        4768140433,0.0,1696
1,     82568,23633,        4768205036,0.0,0.0
1,     82570,23634,        4768405036,0.0,0.0
0,     82572,0,        4768407465,0.0,518
0,     82574,0,        4768436341,0.0,3144
1,     82576,23635,        4768605036,0.0,0.0
1,     82578,23636,        4768805040,0.0,0.0
1,     82580,23637,        4769005040,0.0,0.0
0,     82582,0,        4769024832,0.0,1776
1,     82584,23638,        4769205040,0.0,0.0
0,     82586,0,        4769347632,0.0,6123
0,     82588,0,        4769351710,0.0,3042
0,     82590,0,        4769365401,0.0,4570
1,     82592,23639,        4769405044,0.0,0.0
1,     82594,23640,        4769605044,0.0,0.0
0,     82596,0,        4769646331,0.0,3370
1,     82598,23641,        4769805044,0.0,0.0
0,     82600,0,        4769922517,0.0,336
1,     82602,23642,        4770005044,0.0,0.0
1,     82604,23643,        4770205048,0.0,0.0
1,     82606,23644,        4770405048,0.0,0.0
1,     82608,23645,        4770605048,0.0,0.0
0,     82610,0,        4770627239,0.0,5390
0,     82612,0,        4770777651,0.0,5671
1,     82614,23646,        4770805052,0.0,0.0
1,     82616,23647,        4771005052,0.0,0.0
0,     82618,0,        4771125488,0.0,4769
0,     82620,0,        4771165747,0.0,5903
1,     82622,23648,        4771205052,0.0,0.0
1,     82624,23649,        4771405056,0.0,0.0
1,     82626,23650,        4771605056,0.0,0.0
1,     82628,23651,        4771805056,0.0,0.0
1,     82630,23652,        4772005056,0.0,0.0
1,     82632,23653,        4772205060,0.0,0.0
1,     82634,23654,        4772405060,0.0,0.0
0,     82636,0,        4772501499,0.0,6195
1,     82638,23655,        4772605060,0.0,0.0
0,     82640,0,        4772636387,0.0,3575
0,     82642,0,        4772648024,0.0,5116
0,     82644,0,        4772693514,0.0,4638
0,     82646,0,        4772754489,0.0,2943
1,     82648,23656,        4772805064,0.0,0.0
1,     82650,23657,        4773005064,0.0,0.0
1,     82652,23658,        4773205064,0.0,0.0
1,     82654,23659,        4773405068,0.0,0.0
0,     82656,0,        4773467905,0.0,556
1,     82658,23660,        4773605068,0.0,0.0
1,     82660,23661,        4773805068,0.0,0.0
1,     82662,23662,        4774005068,0.0,0.0
1,     82664,23663,        4774205072,0.0,0.0
0,     82665,0,        4774205341,0.0,5446
0,     82667,0,        4774306787,0.0,1817
0,     82669,0,        4774332992,0.0,5811
1,     82671,23664,        4774405072,0.0,0.0
0,     82673,0,        4774466283,0.0,381
0,     82675,0,        4774529326,0.0,224
1,     82677,23665,        4774605072,0.0,0.0
0,     82679,0,        4774799140,0.0,6030
0,     82681,0,        4774799477,0.0,4076
1,     82683,23666,        4774805076,0.0,0.0
0,     82685,0,        4774923611,0.0,3633
0,     82687,0,        4774987418,0.0,1627
1,     82689,23667,        4775005076,0.0,0.0
0,     82691,0,        4775045098,0.0,191
1,     82693,23668,        4775205076,0.0,0.0
1,     82695,23669,        4775405080,0.0,0.0
1,     82697,23670,        4775605080,0.0,0.0
1,     82699,23671,        4775805080,0.0,0.0
1,     82701,23672,        4776005080,0.0,0.0
0,     82703,0,        4776016052,0.0,2818
0,     82704,0,        4776016077,0.0,2818
1,     82706,23673,        4776205084,0.0,0.0
0,     82708,0,        4776232986,0.0,2699
0,     82710,0,        4776276597,0.0,2818
1,     82712,23674,        4776405084,0.0,0.0
1,     82714,23675,        4776605084,0.0,0.0
1,     82716,23676,        4776805088,0.0,0.0
0,     82718,0,        4776977493,0.0,1605
1,     82720,23677,        4777005088,0.0,0.0
0,     82722,0,        4777053369,0.0,192
1,     82724,23678,        4777205088,0.0,0.0
1,     82726,23679,        4777405088,0.0,0.0
1,     82728,23680,        4777605092,0.0,0.0
1,     82730,23681,        4777805092,0.0,0.0
1,     82732,23682,        4778005092,0.0,0.0
1,     82734,23683,        4778205096,0.0,0.0
0,     82736,0,        4778246092,0.0,5801
1,     82738,23684,        4778405096,0.0,0.0
0,     82740,0,        4778594358,0.0,4889
1,     82742,23685,        4778605096,0.0,0.0
0,     82744,0,        4778609970,0.0,4824
1,     82746,23686,        4778805100,0.0,0.0
1,     82748,23687,        4779005100,0.0,0.0
0,     82750,0,        4779013065,0.0,3021
0,     82752,0,        4779076899,0.0,279
1,     82754,23688,        4779205100,0.0,0.0
0,     82756,0,        4779384461,0.0,3850
1,     82758,23689,        4779405100,0.0,0.0
0,     82760,0,        4779598669,0.0,3981
1,     82762,23690,        4779605104,0.0,0.0
1,     82764,23691,        4779805104,0.0,0.0
1,     82766,23692,        4780005104,0.0,0.0
1,     82768,23693,        4780205108,0.0,0.0
1,     82770,23694,        4780405108,0.0,0.0
0,     82772,0,        4780475979,0.0,2890
0,     82774,0,        4780553403,0.0,2275
0,     82776,0,        4780588485,0.0,5655
1,     82778,23695,        4780605108,0.0,0.0
1,     82780,23696,        4780805112,0.0,0.0
0,     82782,0,        4780953938,0.0,5280
1,     82784,23697,        4781005112,0.0,0.0
1,     82786,23698,        4781205112,0.0,0.0
1,     82788,23699,        4781405112,0.0,0.0
0,     82790,0,        4781535233,0.0,1803
0,     82792,0,        4781563823,0.0,2326
1,     82794,23700,        4781605116,0.0,0.0
0,     82796,0,        4781757105,0.0,4849
1,     82798,23701,        4781805116,0.0,0.0
0,     82800,0,        4781897481,0.0,4565
1,     82802,23702,        4782005116,0.0,0.0
1,     82804,23703,        4782205120,0.0,0.0
1,     82806,23704,        4782405120,0.0,0.0
1,     82808,23705,        4782605120,0.0,0.0
1,     82810,23706,        4782805124,0.0,0.0
0,     82812,0,        4782851726,0.0,5448
0,     82814,0,        4782965699,0.0,2349
1,     82816,23707,        4783005124,0.0,0.0
0,     82818,0,        4783114318,0.0,351
1,     82820,23708,        4783205124,0.0,0.0
0,     82822,0,        4783335529,0.0,4693
1,     82824,23709,        4783405124,0.0,0.0
1,     82826,23710,        4783605128,0.0,0.0
0,     82828,0,        4783700903,0.0,1222
1,     82830,23711,        4783805128,0.0,0.0
1,     82832,23712,        4784005128,0.0,0.0
1,     82834,23713,        4784205132,0.0,0.0
0,     82836,0,        4784366003,0.0,3453
1,     82838,23714,        4784405132,0.0,0.0
1,     82840,23715,        4784605132,0.0,0.0
0,     82842,0,        4784627563,0.0,3600
0,     82844,0,        4784764808,0.0,963
1,     82846,23716,        4784805136,0.0,0.0
0,     82848,0,        4784889388,0.0,2146
1,     82850,23717,        4785005136,0.0,0.0
1,     82852,23718,        4785205136,0.0,0.0
1,     82854,23719,        4785405136,0.0,0.0
0,     82856,0,        4785519507,0.0,4980
1,     82858,23720,        4785605140,0.0,0.0
1,     82860,23721,        4785805140,0.0,0.0
0,     82862,0,        4785926652,0.0,4215
1,     82864,23722,        4786005140,0.0,0.0
1,     82866,23723,        4786205144,0.0,0.0
0,     82868,0,        4786227190,0.0,1900
1,     82870,23724,        4786405144,0.0,0.0
0,     82872,0,        4786416147,0.0,2939
1,     82874,23725,        4786605144,0.0,0.0
1,     82876,23726,        4786805144,0.0,0.0
1,     82878,23727,        4787005148,0.0,0.0
1,     82880,23728,        4787205148,0.0,0.0
1,     82882,23729,        4787405148,0.0,0.0
1,     82884,23730,        4787605152,0.0,0.0
1,     82886,23731,        4787805152,0.0,0.0
1,     82888,23732,        4788005152,0.0,0.0
0,     82890,0,        4788129289,0.0,1854
1,     82892,23733,        4788205156,0.0,0.0
1,     82894,23734,        4788405156,0.0,0.0
1,     82896,23735,        4788605156,0.0,0.0
0,     82898,0,        4788785682,0.0,3719
1,     82900,23736,        4788805156,0.0,0.0
1,     82902,23737,        4789005160,0.0,0.0
0,     82904,0,        4789065775,0.0,2110
0,     82906,0,        4789114922,0.0,3692
1,     82908,23738,        4789205160,0.0,0.0
1,     82910,23739,        4789405160,0.0,0.0
1,     82912,23740,        4789605164,0.0,0.0
0,     82914,0,        4789769847,0.0,398
1,     82916,23741,        4789805164,0.0,0.0
1,     82918,23742,        4790005164,0.0,0.0
0,     82920,0,        4790162280,0.0,4095
1,     82922,23743,        4790205168,0.0,0.0
0,     82924,0,        4790320074,0.0,4240
1,     82926,23744,        4790405168,0.0,0.0
1,     82928,23745,        4790605168,0.0,0.0
0,     82930,0,        4790643233,0.0,617
1,     82932,23746,        4790805168,0.0,0.0
0,     82934,0,        4790852047,0.0,3949
1,     82936,23747,        4791005172,0.0,0.0
1,     82938,23748,        4791205172,0.0,0.0
1,     82940,23749,        4791405172,0.0,0.0
0,     82942,0,        4791603084,0.0,2622
1,     82944,23750,        4791605176,0.0,0.0
1,     82946,23751,        4791805176,0.0,0.0
1,     82948,23752,        4792005176,0.0,0.0
1,     82950,23753,        4792205180,0.0,0.0
1,     82952,23754,        4792405180,0.0,0.0
0,     82954,0,        4792596553,0.0,3732
1,     82956,23755,        4792605180,0.0,0.0
0,     82958,0,        4792650158,0.0,5431
0,     82960,0,        4792651316,0.0,6123
1,     82962,23756,        4792805180,0.0,0.0
0,     82964,0,        4792958257,0.0,5590
1,     82966,23757,        4793005184,0.0,0.0
1,     82968,23758,        4793205184,0.0,0.0
1,     82970,23759,        4793405184,0.0,0.0
1,     82972,23760,        4793605188,0.0,0.0
1,     82974,23761,        4793805188,0.0,0.0
1,     82976,23762,        4794005188,0.0,0.0
1,     82978,23763,        4794205192,0.0,0.0
0,     82980,0,        4794296820,0.0,5533
1,     82982,23764,        4794405192,0.0,0.0
0,     82984,0,        4794450832,0.0,958
1,     82986,23765,        4794605192,0.0,0.0
1,     82988,23766,        4794805192,0.0,0.0
1,     82990,23767,        4795005196,0.0,0.0
1,     82992,23768,        4795205196,0.0,0.0
1,     82994,23769,        4795405196,0.0,0.0
1,     82996,23770,        4795605200,0.0,0.0
1,     82998,23771,        4795805200,0.0,0.0
0,     83000,0,        4795961499,0.0,4048
1,     83002,23772,        4796005200,0.0,0.0
1,     83004,23773,        4796205200,0.0,0.0
1,     83006,23774,        4796405204,0.0,0.0
0,     83008,0,        4796453659,0.0,1686
1,     83010,23775,        4796605204,0.0,0.0
0,     83012,0,        4796795011,0.0,51
1,     83014,23776,        4796805204,0.0,0.0
0,     83016,0,        4796961762,0.0,4441
1,     83018,23777,        4797005208,0.0,0.0
1,     83020,23778,        4797205208,0.0,0.0
0,     83022,0,        4797269812,0.0,2785
0,     83024,0,        4797280379,0.0,2923
1,     83026,23779,        4797405208,0.0,0.0
0,     83028,0,        4797477253,0.0,2434
1,     83030,23780,        4797605212,0.0,0.0
0,     83032,0,        4797707687,0.0,1858
0,     83034,0,        4797772942,0.0,4685
1,     83036,23781,        4797805212,0.0,0.0
1,     83038,23782,        4798005212,0.0,0.0
1,     83040,23783,        4798205212,0.0,0.0
1,     83042,23784,        4798405216,0.0,0.0
0,     83044,0,        4798504895,0.0,3236
1,     83046,23785,        4798605216,0.0,0.0
0,     83048,0,        4798715370,0.0,3389
0,     83050,0,        4798737679,0.0,296
1,     83052,23786,        4798805216,0.0,0.0
1,     83054,23787,        4799005220,0.0,0.0
1,     83056,23788,        4799205220,0.0,0.0
1,     83058,23789,        4799405220,0.0,0.0
1,     83060,23790,        4799605224,0.0,0.0
0,     83062,0,        4799799243,0.0,3071
1,     83064,23791,        4799805224,0.0,0.0
0,     83066,0,        4799836765,0.0,1797
1,     83068,23792,        4800005224,0.0,0.0
0,     83070,0,        4800083861,0.0,2450
1,     83072,23793,        4800205224,0.0,0.0
1,     83074,23794,        4800405228,0.0,0.0
0,     83076,0,        4800602458,0.0,2953
1,     83078,23795,        4800605228,0.0,0.0
0,     83080,0,        4800667090,0.0,5071
1,     83082,23796,        4800805228,0.0,0.0
0,     83084,0,        4800893081,0.0,1183
1,     83086,23797,        4801005232,0.0,0.0
1,     83088,23798,        4801205232,0.0,0.0
1,     83090,23799,        4801405232,0.0,0.0
1,     83092,23800,        4801605232,0.0,0.0
0,     83094,0,        4801755716,0.0,6236
1,     83096,23801,        4801805236,0.0,0.0
1,     83098,23802,        4802005236,0.0,0.0
1,     83100,23803,        4802205236,0.0,0.0
1,     83102,23804,        4802405240,0.0,0.0
0,     83104,0,        4802539436,0.0,208
1,     83106,23805,        4802605240,0.0,0.0
1,     83108,23806,        4802805240,0.0,0.0
0,     83110,0,        4802974281,0.0,377
1,     83112,23807,        4803005244,0.0,0.0
1,     83114,23808,        4803205244,0.0,0.0
1,     83116,23809,        4803405244,0.0,0.0
0,     83118,0,        4803515343,0.0,2475
0,     83120,0,        4803528903,0.0,872
1,     83122,23810,        4803605244,0.0,0.0
0,     83124,0,        4803709864,0.0,2810
0,     83125,0,        4803709866,0.0,2477
0,     83126,0,        4803709870,0.0,5285
1,     83128,23811,        4803805248,0.0,0.0
0,     83130,0,        4803862560,0.0,2945
0,     83132,0,        4803993411,0.0,1067
1,     83134,23812,        4804005248,0.0,0.0
0,     83136,0,        4804157478,0.0,1478
1,     83138,23813,        4804205248,0.0,0.0
0,     83140,0,        4804322631,0.0,5067
1,     83142,23814,        4804405252,0.0,0.0
0,     83144,0,        4804575029,0.0,3166
0,     83146,0,        4804588945,0.0,806
1,     83148,23815,        4804605252,0.0,0.0
0,     83150,0,        4804760716,0.0,1367
0,     83152,0,        4804765160,0.0,3866
1,     83154,23816,        4804805252,0.0,0.0
1,     83156,23817,        4805005256,0.0,0.0
0,     83158,0,        4805065709,0.0,3488
0,     83160,0,        4805104625,0.0,5797
1,     83162,23818,        4805205256,0.0,0.0
1,     83164,23819,        4805405256,0.0,0.0
1,     83166,23820,        4805605256,0.0,0.0
0,     83168,0,        4805638964,0.0,2398
0,     83170,0,        4805692542,0.0,710
1,     83172,23821,        4805805260,0.0,0.0
0,     83174,0,        4805834552,0.0,1339
0,     83176,0,        4805982100,0.0,1771
1,     83178,23822,        4806005260,0.0,0.0
1,     83180,23823,        4806205260,0.0,0.0
0,     83182,0,        4806372246,0.0,846
1,     83184,23824,        4806405264,0.0,0.0
1,     83186,23825,        4806605264,0.0,0.0
0,     83188,0,        4806609146,0.0,3139
0,     83189,0,        4806609148,0.0,4172
1,     83191,23826,        4806805264,0.0,0.0
0,     83193,0,        4806983934,0.0,2491
1,     83195,23827,        4807005268,0.0,0.0
0,     83197,0,        4807167169,0.0,2176
1,     83199,23828,        4807205268,0.0,0.0
1,     83201,23829,        4807405268,0.0,0.0
1,     83203,23830,        4807605268,0.0,0.0
0,     83205,0,        4807723949,0.0,3010
1,     83207,23831,        4807805272,0.0,0.0
1,     83209,23832,        4808005272,0.0,0.0
0,     83211,0,        4808008419,0.0,2422
1,     83213,23833,        4808205272,0.0,0.0
0,     83215,0,        4808343932,0.0,4193
1,     83217,23834,        4808405276,0.0,0.0
1,     83219,23835,        4808605276,0.0,0.0
0,     83221,0,        4808697639,0.0,3398
1,     83223,23836,        4808805276,0.0,0.0
0,     83225,0,        4808913253,0.0,4500
0,     83226,0,        4808913379,0.0,1254
1,     83228,23837,        4809005280,0.0,0.0
0,     83230,0,        4809069720,0.0,1794
0,     83232,0,        4809087464,0.0,6110
0,     83234,0,        4809154114,0.0,1869
1,     83236,23838,        4809205280,0.0,0.0
1,     83238,23839,        4809405280,0.0,0.0
0,     83240,0,        4809487953,0.0,2829
1,     83242,23840,        4809605280,0.0,0.0
0,     83244,0,        4809741055,0.0,1616
1,     83246,23841,        4809805284,0.0,0.0
1,     83248,23842,        4810005284,0.0,0.0
1,     83250,23843,        4810205284,0.0,0.0
1,     83252,23844,        4810405288,0.0,0.0
0,     83254,0,        4810409385,0.0,725
0,     83256,0,        4810533005,0.0,4196
0,     83257,0,        4810533192,0.0,1549
1,     83259,23845,        4810605288,0.0,0.0
1,     83261,23846,        4810805288,0.0,0.0
1,     83263,23847,        4811005288,0.0,0.0
0,     83265,0,        4811053130,0.0,5610
1,     83267,23848,        4811205292,0.0,0.0
1,     83269,23849,        4811405292,0.0,0.0
0,     83271,0,        4811426812,0.0,870
0,     83273,0,        4811570238,0.0,2024
1,     83275,23850,        4811605292,0.0,0.0
0,     83277,0,        4811748132,0.0,3987
0,     83279,0,        4811778399,0.0,169
1,     83281,23851,        4811805296,0.0,0.0
0,     83283,0,        4811861536,0.0,256
1,     83285,23852,        4812005296,0.0,0.0
0,     83287,0,        4812031536,0.0,6091
1,     83289,23853,        4812205296,0.0,0.0
1,     83291,23854,        4812405300,0.0,0.0
1,     83293,23855,        4812605300,0.0,0.0
1,     83295,23856,        4812805300,0.0,0.0
0,     83297,0,        4812839467,0.0,4835
1,     83299,23857,        4813005300,0.0,0.0
1,     83301,23858,        4813205304,0.0,0.0
0,     83303,0,        4813284444,0.0,5874
0,     83305,0,        4813339443,0.0,3837
1,     83307,23859,        4813405304,0.0,0.0
0,     83309,0,        4813532493,0.0,4234
1,     83311,23860,        4813605304,0.0,0.0
1,     83313,23861,        4813805308,0.0,0.0
1,     83315,23862,        4814005308,0.0,0.0
1,     83317,23863,        4814205308,0.0,0.0
0,     83319,0,        4814324940,0.0,4347
1,     83321,23864,        4814405312,0.0,0.0
0,     83323,0,        4814550830,0.0,1123
1,     83325,23865,        4814605312,0.0,0.0
0,     83327,0,        4814765189,0.0,5738
1,     83329,23866,        4814805312,0.0,0.0
1,     83331,23867,        4815005312,0.0,0.0
0,     83333,0,        4815171632,0.0,2139
1,     83335,23868,        4815205316,0.0,0.0
1,     83337,23869,        4815405316,0.0,0.0
1,     83339,23870,        4815605316,0.0,0.0
0,     83341,0,        4815748168,0.0,1125
0,     83343,0,        4815792221,0.0,3531
1,     83345,23871,        4815805320,0.0,0.0
1,     83347,23872,        4816005320,0.0,0.0
0,     83349,0,        4816105122,0.0,2715
1,     83351,23873,        4816205320,0.0,0.0
0,     83353,0,        4816312115,0.0,2472
1,     83355,23874,        4816405324,0.0,0.0
1,     83357,23875,        4816605324,0.0,0.0
0,     83359,0,        4816703460,0.0,4890
1,     83361,23876,        4816805324,0.0,0.0
1,     83363,23877,        4817005324,0.0,0.0
1,     83365,23878,        4817205328,0.0,0.0
0,     83367,0,        4817342332,0.0,5746
1,     83369,23879,        4817405328,0.0,0.0
0,     83371,0,        4817415100,0.0,3240
0,     83373,0,        4817476602,0.0,2104
1,     83375,23880,        4817605328,0.0,0.0
0,     83377,0,        4817619665,0.0,3229
0,     83379,0,        4817640732,0.0,519
1,     83381,23881,        4817805332,0.0,0.0
0,     83383,0,        4817869724,0.0,5174
1,     83385,23882,        4818005332,0.0,0.0
0,     83387,0,        4818112721,0.0,1669
1,     83389,23883,        4818205332,0.0,0.0
1,     83391,23884,        4818405332,0.0,0.0
0,     83393,0,        4818412445,0.0,5571
1,     83395,23885,        4818605336,0.0,0.0
0,     83397,0,        4818708055,0.0,2364
1,     83399,23886,        4818805336,0.0,0.0
1,     83401,23887,        4819005336,0.0,0.0
1,     83403,23888,        4819205340,0.0,0.0
0,     83405,0,        4819339350,0.0,181
1,     83407,23889,        4819405340,0.0,0.0
0,     83409,0,        4819568461,0.0,536
1,     83411,23890,        4819605340,0.0,0.0
1,     83413,23891,        4819805344,0.0,0.0
0,     83415,0,        4819972490,0.0,5007
1,     83417,23892,        4820005344,0.0,0.0
0,     83419,0,        4820134982,0.0,4050
1,     83421,23893,        4820205344,0.0,0.0
0,     83423,0,        4820211106,0.0,1743
0,     83425,0,        4820348463,0.0,4690
1,     83427,23894,        4820405344,0.0,0.0
1,     83429,23895,        4820605348,0.0,0.0
1,     83431,23896,        4820805348,0.0,0.0
1,     83433,23897,        4821005348,0.0,0.0
0,     83435,0,        4821071059,0.0,1784
0,     83437,0,        4821148421,0.0,4912
1,     83439,23898,        4821205352,0.0,0.0
0,     83441,0,        4821244797,0.0,1510
1,     83443,23899,        4821405352,0.0,0.0
0,     83445,0,        4821480612,0.0,369
1,     83447,23900,        4821605352,0.0,0.0
0,     83449,0,        4821621874,0.0,1939
0,     83451,0,        4821761064,0.0,3415
1,     83453,23901,        4821805356,0.0,0.0
1,     83455,23902,        4822005356,0.0,0.0
1,     83457,23903,        4822205356,0.0,0.0
0,     83459,0,        4822205908,0.0,3460
0,     83461,0,        4822284396,0.0,245
1,     83463,23904,        4822405356,0.0,0.0
1,     83465,23905,        4822605360,0.0,0.0
1,     83467,23906,        4822805360,0.0,0.0
0,     83469,0,        4822835573,0.0,270
1,     83471,23907,        4823005360,0.0,0.0
0,     83473,0,        4823010009,0.0,4367
1,     83475,23908,        4823205364,0.0,0.0
0,     83477,0,        4823240578,0.0,6211
0,     83479,0,        4823321791,0.0,1202
0,     83481,0,        4823344477,0.0,2813
1,     83483,23909,        4823405364,0.0,0.0
0,     83485,0,        4823429078,0.0,5635
0,     83487,0,        4823522443,0.0,1541
1,     83489,23910,        4823605364,0.0,0.0
0,     83491,0,        4823758557,0.0,894
1,     83493,23911,        4823805368,0.0,0.0
1,     83495,23912,        4824005368,0.0,0.0
1,     83497,23913,        4824205368,0.0,0.0
1,     83499,23914,        4824405368,0.0,0.0
1,     83501,23915,        4824605372,0.0,0.0
1,     83503,23916,        4824805372,0.0,0.0
1,     83505,23917,        4825005372,0.0,0.0
0,     83507,0,        4825049576,0.0,2476
1,     83509,23918,        4825205376,0.0,0.0
1,     83511,23919,        4825405376,0.0,0.0
1,     83513,23920,        4825605376,0.0,0.0
0,     83515,0,        4825607989,0.0,5847
0,     83517,0,        4825648367,0.0,693
1,     83519,23921,        4825805380,0.0,0.0
0,     83521,0,        4825833677,0.0,1661
0,     83523,0,        4825851606,0.0,4554
1,     83525,23922,        4826005380,0.0,0.0
0,     83527,0,        4826178774,0.0,2027
1,     83529,23923,        4826205380,0.0,0.0
0,     83531,0,        4826288570,0.0,347
1,     83533,23924,        4826405380,0.0,0.0
0,     83535,0,        4826571027,0.0,2202
1,     83537,23925,        4826605384,0.0,0.0
1,     83539,23926,        4826805384,0.0,0.0
1,     83541,23927,        4827005384,0.0,0.0
1,     83543,23928,        4827205388,0.0,0.0
1,     83545,23929,        4827405388,0.0,0.0
0,     83547,0,        4827568899,0.0,4748
0,     83549,0,        4827583798,0.0,1720
1,     83551,23930,        4827605388,0.0,0.0
0,     83553,0,        4827643344,0.0,3457
0,     83555,0,        4827757094,0.0,647
0,     83557,0,        4827762709,0.0,1457
0,     83559,0,        4827801957,0.0,526
0,     83560,0,        4827802030,0.0,2048
1,     83562,23931,        4827805388,0.0,0.0
0,     83564,0,        4827809742,0.0,2733
1,     83566,23932,        4828005392,0.0,0.0
0,     83568,0,        4828114292,0.0,6242
1,     83570,23933,        4828205392,0.0,0.0
0,     83572,0,        4828233075,0.0,1853
1,     83574,23934,        4828405392,0.0,0.0
1,     83576,23935,        4828605396,0.0,0.0
0,     83578,0,        4828756482,0.0,77
1,     83580,23936,        4828805396,0.0,0.0
0,     83582,0,        4828932657,0.0,4918
1,     83584,23937,        4829005396,0.0,0.0
1,     83586,23938,        4829205400,0.0,0.0
0,     83588,0,        4829270090,0.0,5154
0,     83590,0,        4829291458,0.0,274
1,     83592,23939,        4829405400,0.0,0.0
1,     83594,23940,        4829605400,0.0,0.0
1,     83596,23941,        4829805400,0.0,0.0
0,     83598,0,        4829893375,0.0,5020
1,     83600,23942,        4830005404,0.0,0.0
0,     83602,0,        4830157299,0.0,3721
1,     83604,23943,        4830205404,0.0,0.0
1,     83606,23944,        4830405404,0.0,0.0
0,     83608,0,        4830557224,0.0,3927
1,     83610,23945,        4830605408,0.0,0.0
0,     83612,0,        4830637490,0.0,31
0,     83614,0,        4830729840,0.0,3369
1,     83616,23946,        4830805408,0.0,0.0
0,     83618,0,        4830994062,0.0,957
1,     83620,23947,        4831005408,0.0,0.0
0,     83622,0,        4831055151,0.0,3676
1,     83624,23948,        4831205412,0.0,0.0
0,     83626,0,        4831315385,0.0,2417
0,     83628,0,        4831388866,0.0,3376
0,     83630,0,        4831395778,0.0,4250
1,     83632,23949,        4831405412,0.0,0.0
1,     83634,23950,        4831605412,0.0,0.0
0,     83636,0,        4831668392,0.0,1015
0,     83638,0,        4831674646,0.0,3364
0,     83640,0,        4831766021,0.0,5834
1,     83642,23951,        4831805412,0.0,0.0
0,     83644,0,        4831805506,0.0,5134
0,     83646,0,        4831808200,0.0,886
1,     83648,23952,        4832005416,0.0,0.0
1,     83650,23953,        4832205416,0.0,0.0
1,     83652,23954,        4832405416,0.0,0.0
1,     83654,23955,        4832605420,0.0,0.0
1,     83656,23956,        4832805420,0.0,0.0
0,     83658,0,        4832873465,0.0,3419
1,     83660,23957,        4833005420,0.0,0.0
0,     83662,0,        4833076982,0.0,4516
0,     83664,0,        4833140141,0.0,1789
1,     83666,23958,        4833205424,0.0,0.0
1,     83668,23959,        4833405424,0.0,0.0
0,     83670,0,        4833534953,0.0,2925
1,     83672,23960,        4833605424,0.0,0.0
0,     83674,0,        4833684687,0.0,41
1,     83676,23961,        4833805424,0.0,0.0
0,     83678,0,        4833814738,0.0,728
1,     83680,23962,        4834005428,0.0,0.0
1,     83682,23963,        4834205428,0.0,0.0
1,     83684,23964,        4834405428,0.0,0.0
0,     83686,0,        4834512904,0.0,783
1,     83688,23965,        4834605432,0.0,0.0
0,     83690,0,        4834668825,0.0,402
1,     83692,23966,        4834805432,0.0,0.0
1,     83694,23967,        4835005432,0.0,0.0
0,     83696,0,        4835088812,0.0,2307
0,     83698,0,        4835161884,0.0,2612
1,     83700,23968,        4835205432,0.0,0.0
0,     83702,0,        4835223939,0.0,4949
0,     83703,0,        4835223942,0.0,2964
0,     83705,0,        4835344247,0.0,146
1,     83707,23969,        4835405436,0.0,0.0
1,     83709,23970,        4835605436,0.0,0.0
1,     83711,23971,        4835805436,0.0,0.0
1,     83713,23972,        4836005440,0.0,0.0
0,     83715,0,        4836014566,0.0,5741
0,     83717,0,        4836068851,0.0,5624
1,     83719,23973,        4836205440,0.0,0.0
1,     83721,23974,        4836405440,0.0,0.0
0,     83723,0,        4836539644,0.0,3778
1,     83725,23975,        4836605444,0.0,0.0
1,     83727,23976,        4836805444,0.0,0.0
0,     83729,0,        4836991664,0.0,1219
1,     83731,23977,        4837005444,0.0,0.0
0,     83733,0,        4837008438,0.0,2086
0,     83735,0,        4837128449,0.0,3625
1,     83737,23978,        4837205444,0.0,0.0
0,     83739,0,        4837344438,0.0,4524
1,     83741,23979,        4837405448,0.0,0.0
0,     83743,0,        4837602642,0.0,2777
1,     83745,23980,        4837605448,0.0,0.0
0,     83747,0,        4837683785,0.0,2463
1,     83749,23981,        4837805448,0.0,0.0
0,     83751,0,        4837846009,0.0,2497
1,     83753,23982,        4838005452,0.0,0.0
1,     83755,23983,        4838205452,0.0,0.0
1,     83757,23984,        4838405452,0.0,0.0
0,     83759,0,        4838465704,0.0,1671
0,     83760,0,        4838465857,0.0,2830
1,     83762,23985,        4838605456,0.0,0.0
1,     83764,23986,        4838805456,0.0,0.0
0,     83766,0,        4838862250,0.0,4949
0,     83768,0,        4838872332,0.0,3426
0,     83770,0,        4838916629,0.0,1708
1,     83772,23987,        4839005456,0.0,0.0
0,     83774,0,        4839095266,0.0,1585
1,     83776,23988,        4839205456,0.0,0.0
1,     83778,23989,        4839405460,0.0,0.0
0,     83780,0,        4839518741,0.0,3430
1,     83782,23990,        4839605460,0.0,0.0
1,     83784,23991,        4839805460,0.0,0.0
0,     83786,0,        4839832027,0.0,5963
0,     83788,0,        4839939330,0.0,2408
1,     83790,23992,        4840005464,0.0,0.0
1,     83792,23993,        4840205464,0.0,0.0
0,     83794,0,        4840322322,0.0,3445
1,     83796,23994,        4840405464,0.0,0.0
1,     83798,23995,        4840605468,0.0,0.0
1,     83800,23996,        4840805468,0.0,0.0
0,     83802,0,        4840839717,0.0,5290
1,     83804,23997,        4841005468,0.0,0.0
0,     83806,0,        4841143095,0.0,5412
1,     83808,23998,        4841205468,0.0,0.0
1,     83810,23999,        4841405472,0.0,0.0
0,     83812,0,        4841567897,0.0,5022
1,     83814,24000,        4841605472,0.0,0.0
0,     83816,0,        4841720075,0.0,1628
1,     83818,24001,        4841805472,0.0,0.0
1,     83820,24002,        4842005476,0.0,0.0
1,     83822,24003,        4842205476,0.0,0.0
1,     83824,24004,        4842405476,0.0,0.0
0,     83826,0,        4842596545,0.0,3622
1,     83828,24005,        4842605480,0.0,0.0
0,     83830,0,        4842731843,0.0,4039
0,     83832,0,        4842798697,0.0,1168
1,     83834,24006,        4842805480,0.0,0.0
1,     83836,24007,        4843005480,0.0,0.0
1,     83838,24008,        4843205480,0.0,0.0
0,     83840,0,        4843335400,0.0,5821
1,     83842,24009,        4843405484,0.0,0.0
1,     83844,24010,        4843605484,0.0,0.0
0,     83846,0,        4843780329,0.0,2894
1,     83848,24011,        4843805484,0.0,0.0
1,     83850,24012,        4844005488,0.0,0.0
0,     83852,0,        4844197985,0.0,1073
0,     83854,0,        4844201645,0.0,6184
1,     83856,24013,        4844205488,0.0,0.0
1,     83858,24014,        4844405488,0.0,0.0
1,     83860,24015,        4844605488,0.0,0.0
0,     83862,0,        4844655039,0.0,5551
1,     83864,24016,        4844805492,0.0,0.0
1,     83866,24017,        4845005492,0.0,0.0
0,     83868,0,        4845031805,0.0,3674
1,     83870,24018,        4845205492,0.0,0.0
0,     83872,0,        4845303845,0.0,2549
1,     83874,24019,        4845405496,0.0,0.0
1,     83876,24020,        4845605496,0.0,0.0
0,     83878,0,        4845631854,0.0,4402
0,     83880,0,        4845682708,0.0,2263
1,     83882,24021,        4845805496,0.0,0.0
0,     83884,0,        4845884869,0.0,3703
0,     83886,0,        4845935078,0.0,6043
0,     83888,0,        4845964444,0.0,6188
1,     83890,24022,        4846005500,0.0,0.0
1,     83892,24023,        4846205500,0.0,0.0
0,     83894,0,        4846304102,0.0,3687
1,     83896,24024,        4846405500,0.0,0.0
0,     83898,0,        4846497524,0.0,5100
1,     83900,24025,        4846605500,0.0,0.0
0,     83902,0,        4846612044,0.0,1657
0,     83904,0,        4846704338,0.0,5112
1,     83906,24026,        4846805504,0.0,0.0
1,     83908,24027,        4847005504,0.0,0.0
1,     83910,24028,        4847205504,0.0,0.0
1,     83912,24029,        4847405508,0.0,0.0
1,     83914,24030,        4847605508,0.0,0.0
1,     83916,24031,        4847805508,0.0,0.0
0,     83918,0,        4847951419,0.0,3423
1,     83920,24032,        4848005512,0.0,0.0
0,     83922,0,        4848160807,0.0,3237
0,     83924,0,        4848163496,0.0,297
1,     83926,24033,        4848205512,0.0,0.0
1,     83928,24034,        4848405512,0.0,0.0
0,     83930,0,        4848535564,0.0,1038
0,     83932,0,        4848541277,0.0,3349
1,     83934,24035,        4848605512,0.0,0.0
0,     83936,0,        4848797512,0.0,5086
1,     83938,24036,        4848805516,0.0,0.0
0,     83940,0,        4848985751,0.0,4308
1,     83942,24037,        4849005516,0.0,0.0
0,     83944,0,        4849154930,0.0,19
0,     83946,0,        4849195451,0.0,6084
1,     83948,24038,        4849205516,0.0,0.0
0,     83950,0,        4849312889,0.0,2788
0,     83952,0,        4849381294,0.0,1196
1,     83954,24039,        4849405520,0.0,0.0
0,     83956,0,        4849509198,0.0,2570
1,     83958,24040,        4849605520,0.0,0.0
0,     83960,0,        4849768388,0.0,5758
1,     83962,24041,        4849805520,0.0,0.0
0,     83964,0,        4849823676,0.0,831
1,     83966,24042,        4850005520,0.0,0.0
1,     83968,24043,        4850205524,0.0,0.0
0,     83970,0,        4850375453,0.0,537
0,     83972,0,        4850376649,0.0,254
1,     83974,24044,        4850405524,0.0,0.0
0,     83976,0,        4850581991,0.0,5728
1,     83978,24045,        4850605524,0.0,0.0
1,     83980,24046,        4850805528,0.0,0.0
0,     83982,0,        4850993966,0.0,3360
1,     83984,24047,        4851005528,0.0,0.0
0,     83986,0,        4851109121,0.0,4340
1,     83988,24048,        4851205528,0.0,0.0
1,     83990,24049,        4851405532,0.0,0.0
1,     83992,24050,        4851605532,0.0,0.0
1,     83994,24051,        4851805532,0.0,0.0
0,     83996,0,        4851844750,0.0,5143
1,     83998,24052,        4852005532,0.0,0.0
0,     84000,0,        4852095186,0.0,1521
1,     84002,24053,        4852205536,0.0,0.0
0,     84004,0,        4852282072,0.0,6135
0,     84006,0,        4852306856,0.0,5129
1,     84008,24054,        4852405536,0.0,0.0
0,     84010,0,        4852593384,0.0,655
1,     84012,24055,        4852605536,0.0,0.0
1,     84014,24056,        4852805540,0.0,0.0
1,     84016,24057,        4853005540,0.0,0.0
1,     84018,24058,        4853205540,0.0,0.0
0,     84020,0,        4853225408,0.0,2933
1,     84022,24059,        4853405544,0.0,0.0
0,     84024,0,        4853495992,0.0,3709
0,     84026,0,        4853501162,0.0,4785
1,     84028,24060,        4853605544,0.0,0.0
0,     84030,0,        4853665758,0.0,1336
1,     84032,24061,        4853805544,0.0,0.0
1,     84034,24062,        4854005544,0.0,0.0
1,     84036,24063,        4854205548,0.0,0.0
1,     84038,24064,        4854405548,0.0,0.0
1,     84040,24065,        4854605548,0.0,0.0
0,     84042,0,        4854739746,0.0,3802
1,     84044,24066,        4854805552,0.0,0.0
1,     84046,24067,        4855005552,0.0,0.0
0,     84048,0,        4855108830,0.0,408
1,     84050,24068,        4855205552,0.0,0.0
0,     84052,0,        4855330637,0.0,5892
0,     84054,0,        4855330918,0.0,4944
0,     84056,0,        4855344618,0.0,2908
0,     84057,0,        4855344685,0.0,5628
1,     84059,24069,        4855405556,0.0,0.0
0,     84061,0,        4855436680,0.0,1591
0,     84063,0,        4855465697,0.0,5378
1,     84065,24070,        4855605556,0.0,0.0
0,     84067,0,        4855712045,0.0,2728
1,     84069,24071,        4855805556,0.0,0.0
0,     84071,0,        4855879051,0.0,5462
1,     84073,24072,        4856005556,0.0,0.0
0,     84075,0,        4856199372,0.0,2181
1,     84077,24073,        4856205560,0.0,0.0
1,     84079,24074,        4856405560,0.0,0.0
0,     84081,0,        4856533905,0.0,1591
1,     84083,24075,        4856605560,0.0,0.0
0,     84085,0,        4856627179,0.0,3894
1,     84087,24076,        4856805564,0.0,0.0
0,     84089,0,        4856960104,0.0,2558
0,     84090,0,        4856960108,0.0,1441
1,     84092,24077,        4857005564,0.0,0.0
1,     84094,24078,        4857205564,0.0,0.0
1,     84096,24079,        4857405568,0.0,0.0
0,     84098,0,        4857444651,0.0,3621
0,     84100,0,        4857479336,0.0,98
0,     84102,0,        4857480494,0.0,4157
1,     84104,24080,        4857605568,0.0,0.0
0,     84106,0,        4857631546,0.0,1194
1,     84108,24081,        4857805568,0.0,0.0
1,     84110,24082,        4858005568,0.0,0.0
1,     84112,24083,        4858205572,0.0,0.0
0,     84114,0,        4858349813,0.0,915
1,     84116,24084,        4858405572,0.0,0.0
0,     84118,0,        4858424039,0.0,735
1,     84120,24085,        4858605572,0.0,0.0
0,     84122,0,        4858642488,0.0,5058
1,     84124,24086,        4858805576,0.0,0.0
1,     84126,24087,        4859005576,0.0,0.0
1,     84128,24088,        4859205576,0.0,0.0
1,     84130,24089,        4859405576,0.0,0.0
0,     84132,0,        4859585711,0.0,1784
0,     84134,0,        4859598429,0.0,5626
1,     84136,24090,        4859605580,0.0,0.0
1,     84138,24091,        4859805580,0.0,0.0
1,     84140,24092,        4860005580,0.0,0.0
0,     84142,0,        4860110026,0.0,4470
1,     84144,24093,        4860205584,0.0,0.0
1,     84146,24094,        4860405584,0.0,0.0
0,     84148,0,        4860491223,0.0,3648
0,     84150,0,        4860492286,0.0,1736
1,     84152,24095,        4860605584,0.0,0.0
1,     84154,24096,        4860805588,0.0,0.0
1,     84156,24097,        4861005588,0.0,0.0
0,     84158,0,        4861107059,0.0,296
1,     84160,24098,        4861205588,0.0,0.0
1,     84162,24099,        4861405588,0.0,0.0
1,     84164,24100,        4861605592,0.0,0.0
1,     84166,24101,        4861805592,0.0,0.0
1,     84168,24102,        4862005592,0.0,0.0
1,     84170,24103,        4862205596,0.0,0.0
0,     84172,0,        4862388149,0.0,1692
1,     84174,24104,        4862405596,0.0,0.0
0,     84176,0,        4862573720,0.0,5255
1,     84178,24105,        4862605596,0.0,0.0
0,     84180,0,        4862700376,0.0,4502
1,     84182,24106,        4862805600,0.0,0.0
1,     84184,24107,        4863005600,0.0,0.0
0,     84186,0,        4863118462,0.0,3966
1,     84188,24108,        4863205600,0.0,0.0
1,     84190,24109,        4863405600,0.0,0.0
0,     84192,0,        4863414881,0.0,1456
0,     84194,0,        4863516367,0.0,3853
1,     84196,24110,        4863605604,0.0,0.0
1,     84198,24111,        4863805604,0.0,0.0
1,     84200,24112,        4864005604,0.0,0.0
0,     84202,0,        4864071042,0.0,3422
1,     84204,24113,        4864205608,0.0,0.0
1,     84206,24114,        4864405608,0.0,0.0
0,     84208,0,        4864531245,0.0,4698
1,     84210,24115,        4864605608,0.0,0.0
0,     84212,0,        4864786394,0.0,3097
1,     84214,24116,        4864805612,0.0,0.0
1,     84216,24117,        4865005612,0.0,0.0
0,     84218,0,        4865133471,0.0,481
1,     84220,24118,        4865205612,0.0,0.0
1,     84222,24119,        4865405612,0.0,0.0
1,     84224,24120,        4865605616,0.0,0.0
1,     84226,24121,        4865805616,0.0,0.0
1,     84228,24122,        4866005616,0.0,0.0
1,     84230,24123,        4866205620,0.0,0.0
0,     84232,0,        4866297852,0.0,3664
1,     84234,24124,        4866405620,0.0,0.0
0,     84236,0,        4866551685,0.0,2057
1,     84238,24125,        4866605620,0.0,0.0
1,     84240,24126,        4866805620,0.0,0.0
0,     84242,0,        4866922034,0.0,3970
1,     84244,24127,        4867005624,0.0,0.0
0,     84245,0,        4867005953,0.0,4298
1,     84247,24128,        4867205624,0.0,0.0
1,     84249,24129,        4867405624,0.0,0.0
0,     84251,0,        4867571390,0.0,10
1,     84253,24130,        4867605628,0.0,0.0
0,     84255,0,        4867786452,0.0,4510
1,     84257,24131,        4867805628,0.0,0.0
0,     84259,0,        4867894938,0.0,76
0,     84261,0,        4867963639,0.0,4011
1,     84263,24132,        4868005628,0.0,0.0
0,     84265,0,        4868026699,0.0,2152
0,     84267,0,        4868178501,0.0,1813
1,     84269,24133,        4868205632,0.0,0.0
1,     84271,24134,        4868405632,0.0,0.0
1,     84273,24135,        4868605632,0.0,0.0
1,     84275,24136,        4868805632,0.0,0.0
1,     84277,24137,        4869005636,0.0,0.0
1,     84279,24138,        4869205636,0.0,0.0
0,     84281,0,        4869236154,0.0,974
1,     84283,24139,        4869405636,0.0,0.0
1,     84285,24140,        4869605640,0.0,0.0
0,     84287,0,        4869642940,0.0,1934
1,     84289,24141,        4869805640,0.0,0.0
0,     84291,0,        4869876122,0.0,3766
1,     84293,24142,        4870005640,0.0,0.0
0,     84295,0,        4870029669,0.0,3958
1,     84297,24143,        4870205644,0.0,0.0
1,     84299,24144,        4870405644,0.0,0.0
1,     84301,24145,        4870605644,0.0,0.0
1,     84303,24146,        4870805644,0.0,0.0
1,     84305,24147,        4871005648,0.0,0.0
1,     84307,24148,        4871205648,0.0,0.0
0,     84309,0,        4871357390,0.0,1239
1,     84311,24149,        4871405648,0.0,0.0
0,     84313,0,        4871425778,0.0,6054
0,     84314,0,        4871425921,0.0,3622
0,     84316,0,        4871437020,0.0,4836
0,     84318,0,        4871513655,0.0,2763
0,     84320,0,        4871592688,0.0,1902
1,     84322,24150,        4871605652,0.0,0.0
0,     84324,0,        4871676419,0.0,5991
1,     84326,24151,        4871805652,0.0,0.0
1,     84328,24152,        4872005652,0.0,0.0
1,     84330,24153,        4872205656,0.0,0.0
0,     84332,0,        4872368882,0.0,2158
1,     84334,24154,        4872405656,0.0,0.0
1,     84336,24155,        4872605656,0.0,0.0
1,     84338,24156,        4872805656,0.0,0.0
0,     84340,0,        4872843653,0.0,2325
1,     84342,24157,        4873005660,0.0,0.0
1,     84344,24158,        4873205660,0.0,0.0
0,     84346,0,        4873236674,0.0,116
0,     84348,0,        4873324732,0.0,279
0,     84350,0,        4873352539,0.0,2002
1,     84352,24159,        4873405660,0.0,0.0
0,     84354,0,        4873541434,0.0,1316
0,     84356,0,        4873542150,0.0,4442
1,     84358,24160,        4873605664,0.0,0.0
1,     84360,24161,        4873805664,0.0,0.0
1,     84362,24162,        4874005664,0.0,0.0
0,     84364,0,        4874013506,0.0,595
0,     84366,0,        4874013801,0.0,3067
1,     84368,24163,        4874205668,0.0,0.0
1,     84370,24164,        4874405668,0.0,0.0
1,     84372,24165,        4874605668,0.0,0.0
0,     84374,0,        4874724815,0.0,5428
1,     84376,24166,        4874805668,0.0,0.0
0,     84378,0,        4874938401,0.0,3068
1,     84380,24167,        4875005672,0.0,0.0
1,     84382,24168,        4875205672,0.0,0.0
0,     84384,0,        4875256424,0.0,2727
1,     84386,24169,        4875405672,0.0,0.0
0,     84388,0,        4875524602,0.0,2107
1,     84390,24170,        4875605676,0.0,0.0
1,     84392,24171,        4875805676,0.0,0.0
0,     84394,0,        4875902562,0.0,4527
1,     84396,24172,        4876005676,0.0,0.0
1,     84398,24173,        4876205676,0.0,0.0
0,     84400,0,        4876302126,0.0,4828
1,     84402,24174,        4876405680,0.0,0.0
1,     84404,24175,        4876605680,0.0,0.0
0,     84406,0,        4876642042,0.0,4970
0,     84407,0,        4876642065,0.0,5392
1,     84409,24176,        4876805680,0.0,0.0
1,     84411,24177,        4877005684,0.0,0.0
1,     84413,24178,        4877205684,0.0,0.0
1,     84415,24179,        4877405684,0.0,0.0
0,     84417,0,        4877520269,0.0,2276
0,     84419,0,        4877587307,0.0,558
1,     84421,24180,        4877605688,0.0,0.0
0,     84423,0,        4877641097,0.0,5171
1,     84425,24181,        4877805688,0.0,0.0
0,     84427,0,        4877948888,0.0,4348
0,     84429,0,        4877964423,0.0,1417
1,     84431,24182,        4878005688,0.0,0.0
1,     84433,24183,        4878205688,0.0,0.0
1,     84435,24184,        4878405692,0.0,0.0
0,     84437,0,        4878504601,0.0,5623
1,     84439,24185,        4878605692,0.0,0.0
1,     84441,24186,        4878805692,0.0,0.0
1,     84443,24187,        4879005696,0.0,0.0
0,     84445,0,        4879090431,0.0,2307
1,     84447,24188,        4879205696,0.0,0.0
1,     84449,24189,        4879405696,0.0,0.0
0,     84451,0,        4879585272,0.0,3187
1,     84453,24190,        4879605700,0.0,0.0
1,     84455,24191,        4879805700,0.0,0.0
1,     84457,24192,        4880005700,0.0,0.0
0,     84459,0,        4880010746,0.0,4437
1,     84461,24193,        4880205700,0.0,0.0
1,     84463,24194,        4880405704,0.0,0.0
1,     84465,24195,        4880605704,0.0,0.0
0,     84467,0,        4880734142,0.0,2606
0,     84469,0,        4880795734,0.0,3120
1,     84471,24196,        4880805704,0.0,0.0
1,     84473,24197,        4881005708,0.0,0.0
0,     84475,0,        4881145581,0.0,3435
1,     84477,24198,        4881205708,0.0,0.0
1,     84479,24199,        4881405708,0.0,0.0
0,     84481,0,        4881451345,0.0,3853
1,     84483,24200,        4881605712,0.0,0.0
0,     84485,0,        4881694932,0.0,2148
1,     84487,24201,        4881805712,0.0,0.0
1,     84489,24202,        4882005712,0.0,0.0
0,     84491,0,        4882035804,0.0,3555
0,     84493,0,        4882202932,0.0,3823
1,     84495,24203,        4882205712,0.0,0.0
0,     84497,0,        4882299988,0.0,5633
1,     84499,24204,        4882405716,0.0,0.0
0,     84501,0,        4882474450,0.0,4108
1,     84503,24205,        4882605716,0.0,0.0
0,     84505,0,        4882679058,0.0,3471
0,     84507,0,        4882705003,0.0,6071
1,     84509,24206,        4882805716,0.0,0.0
1,     84511,24207,        4883005720,0.0,0.0
0,     84513,0,        4883088382,0.0,2329
1,     84515,24208,        4883205720,0.0,0.0
0,     84517,0,        4883233458,0.0,2426
0,     84519,0,        4883302211,0.0,4845
1,     84521,24209,        4883405720,0.0,0.0
1,     84523,24210,        4883605720,0.0,0.0
1,     84525,24211,        4883805724,0.0,0.0
0,     84527,0,        4883943380,0.0,2219
0,     84529,0,        4883945099,0.0,3976
1,     84531,24212,        4884005724,0.0,0.0
0,     84533,0,        4884183083,0.0,1180
1,     84535,24213,        4884205724,0.0,0.0
0,     84537,0,        4884223611,0.0,5542
0,     84539,0,        4884315189,0.0,5838
1,     84541,24214,        4884405728,0.0,0.0
1,     84543,24215,        4884605728,0.0,0.0
1,     84545,24216,        4884805728,0.0,0.0
1,     84547,24217,        4885005732,0.0,0.0
0,     84549,0,        4885140853,0.0,1480
1,     84551,24218,        4885205732,0.0,0.0
0,     84553,0,        4885356279,0.0,4397
1,     84555,24219,        4885405732,0.0,0.0
0,     84557,0,        4885579653,0.0,1690
1,     84559,24220,        4885605732,0.0,0.0
0,     84561,0,        4885738346,0.0,3375
0,     84563,0,        4885799805,0.0,4491
1,     84565,24221,        4885805736,0.0,0.0
1,     84567,24222,        4886005736,0.0,0.0
0,     84569,0,        4886104752,0.0,699
1,     84571,24223,        4886205736,0.0,0.0
0,     84573,0,        4886224257,0.0,743
1,     84575,24224,        4886405740,0.0,0.0
0,     84577,0,        4886459183,0.0,1552
0,     84578,0,        4886459365,0.0,1127
1,     84580,24225,        4886605740,0.0,0.0
0,     84582,0,        4886687086,0.0,3524
0,     84584,0,        4886775095,0.0,5307
0,     84585,0,        4886775275,0.0,4043
1,     84587,24226,        4886805740,0.0,0.0
0,     84589,0,        4886966194,0.0,6111
1,     84591,24227,        4887005744,0.0,0.0
1,     84593,24228,        4887205744,0.0,0.0
0,     84595,0,        4887307672,0.0,4303
1,     84597,24229,        4887405744,0.0,0.0
0,     84599,0,        4887450561,0.0,5541
0,     84601,0,        4887515782,0.0,1523
0,     84603,0,        4887581507,0.0,2598
0,     84605,0,        4887602697,0.0,1121
1,     84607,24230,        4887605744,0.0,0.0
1,     84609,24231,        4887805748,0.0,0.0
1,     84611,24232,        4888005748,0.0,0.0
0,     84613,0,        4888176023,0.0,4057
0,     84614,0,        4888176057,0.0,1450
1,     84616,24233,        4888205748,0.0,0.0
0,     84618,0,        4888346951,0.0,6131
1,     84620,24234,        4888405752,0.0,0.0
1,     84622,24235,        4888605752,0.0,0.0
0,     84624,0,        4888787805,0.0,3291
1,     84626,24236,        4888805752,0.0,0.0
0,     84628,0,        4888966250,0.0,3739
1,     84630,24237,        4889005756,0.0,0.0
1,     84632,24238,        4889205756,0.0,0.0
0,     84634,0,        4889291705,0.0,4344
0,     84636,0,        4889326157,0.0,3713
1,     84638,24239,        4889405756,0.0,0.0
1,     84640,24240,        4889605756,0.0,0.0
1,     84642,24241,        4889805760,0.0,0.0
1,     84644,24242,        4890005760,0.0,0.0
1,     84646,24243,        4890205760,0.0,0.0
1,     84648,24244,        4890405764,0.0,0.0
1,     84650,24245,        4890605764,0.0,0.0
1,     84652,24246,        4890805764,0.0,0.0
0,     84654,0,        4890916677,0.0,3559
1,     84656,24247,        4891005768,0.0,0.0
1,     84658,24248,        4891205768,0.0,0.0
0,     84660,0,        4891387691,0.0,1712
1,     84662,24249,        4891405768,0.0,0.0
0,     84664,0,        4891464134,0.0,3661
1,     84666,24250,        4891605768,0.0,0.0
0,     84668,0,        4891791524,0.0,3542
1,     84670,24251,        4891805772,0.0,0.0
1,     84672,24252,        4892005772,0.0,0.0
0,     84674,0,        4892156621,0.0,94
1,     84676,24253,        4892205772,0.0,0.0
0,     84678,0,        4892401197,0.0,1229
1,     84680,24254,        4892405776,0.0,0.0
0,     84682,0,        4892471005,0.0,5995
1,     84684,24255,        4892605776,0.0,0.0
1,     84686,24256,        4892805776,0.0,0.0
1,     84688,24257,        4893005776,0.0,0.0
1,     84690,24258,        4893205780,0.0,0.0
0,     84692,0,        4893210700,0.0,3390
1,     84694,24259,        4893405780,0.0,0.0
1,     84696,24260,        4893605780,0.0,0.0
0,     84698,0,        4893770243,0.0,3233
1,     84700,24261,        4893805784,0.0,0.0
1,     84702,24262,        4894005784,0.0,0.0
1,     84704,24263,        4894205784,0.0,0.0
1,     84706,24264,        4894405788,0.0,0.0
0,     84708,0,        4894496622,0.0,5603
1,     84710,24265,        4894605788,0.0,0.0
0,     84712,0,        4894644006,0.0,5873
0,     84714,0,        4894722349,0.0,3050
1,     84716,24266,        4894805788,0.0,0.0
0,     84718,0,        4894815081,0.0,5258
0,     84720,0,        4894816126,0.0,1438
0,     84722,0,        4894888968,0.0,3329
1,     84724,24267,        4895005788,0.0,0.0
1,     84726,24268,        4895205792,0.0,0.0
0,     84728,0,        4895271575,0.0,153
1,     84730,24269,        4895405792,0.0,0.0
1,     84732,24270,        4895605792,0.0,0.0
0,     84734,0,        4895635107,0.0,1638
0,     84736,0,        4895730653,0.0,876
1,     84738,24271,        4895805796,0.0,0.0
0,     84740,0,        4895827420,0.0,821
0,     84742,0,        4895978616,0.0,2938
1,     84744,24272,        4896005796,0.0,0.0
0,     84746,0,        4896204677,0.0,1424
1,     84748,24273,        4896205796,0.0,0.0
0,     84750,0,        4896346409,0.0,3451
1,     84752,24274,        4896405800,0.0,0.0
0,     84754,0,        4896566219,0.0,4512
0,     84756,0,        4896584595,0.0,2447
0,     84758,0,        4896584744,0.0,5197
1,     84760,24275,        4896605800,0.0,0.0
1,     84762,24276,        4896805800,0.0,0.0
1,     84764,24277,        4897005800,0.0,0.0
1,     84766,24278,        4897205804,0.0,0.0
1,     84768,24279,        4897405804,0.0,0.0
0,     84770,0,        4897551545,0.0,951
0,     84772,0,        4897566352,0.0,5711
1,     84774,24280,        4897605804,0.0,0.0
0,     84776,0,        4897635686,0.0,3795
0,     84778,0,        4897637219,0.0,3092
0,     84780,0,        4897723455,0.0,3424
1,     84782,24281,        4897805808,0.0,0.0
0,     84784,0,        4897853249,0.0,4837
0,     84786,0,        4897912655,0.0,710
1,     84788,24282,        4898005808,0.0,0.0
1,     84790,24283,        4898205808,0.0,0.0
1,     84792,24284,        4898405812,0.0,0.0
1,     84794,24285,        4898605812,0.0,0.0
1,     84796,24286,        4898805812,0.0,0.0
1,     84798,24287,        4899005812,0.0,0.0
1,     84800,24288,        4899205816,0.0,0.0
1,     84802,24289,        4899405816,0.0,0.0
1,     84804,24290,        4899605816,0.0,0.0
0,     84806,0,        4899700361,0.0,2045
0,     84808,0,        4899766163,0.0,2667
1,     84810,24291,        4899805820,0.0,0.0
0,     84812,0,        4899838969,0.0,4351
1,     84814,24292,        4900005820,0.0,0.0
1,     84816,24293,        4900205820,0.0,0.0
1,     84818,24294,        4900405820,0.0,0.0
0,     84820,0,        4900600225,0.0,5270
1,     84822,24295,        4900605824,0.0,0.0
1,     84824,24296,        4900805824,0.0,0.0
0,     84826,0,        4900934717,0.0,5917
1,     84828,24297,        4901005824,0.0,0.0
1,     84830,24298,        4901205828,0.0,0.0
1,     84832,24299,        4901405828,0.0,0.0
1,     84834,24300,        4901605828,0.0,0.0
1,     84836,24301,        4901805832,0.0,0.0
1,     84838,24302,        4902005832,0.0,0.0
1,     84840,24303,        4902205832,0.0,0.0
0,     84842,0,        4902304041,0.0,1781
1,     84844,24304,        4902405832,0.0,0.0
0,     84846,0,        4902565384,0.0,5869
1,     84848,24305,        4902605836,0.0,0.0
1,     84850,24306,        4902805836,0.0,0.0
0,     84852,0,        4902867706,0.0,135
0,     84854,0,        4902868776,0.0,4662
0,     84856,0,        4902982834,0.0,838
1,     84858,24307,        4903005836,0.0,0.0
0,     84860,0,        4903052920,0.0,5689
0,     84862,0,        4903154816,0.0,3886
1,     84864,24308,        4903205840,0.0,0.0
0,     84866,0,        4903355528,0.0,963
1,     84868,24309,        4903405840,0.0,0.0
0,     84870,0,        4903407922,0.0,927
0,     84872,0,        4903572309,0.0,2953
1,     84874,24310,        4903605840,0.0,0.0
0,     84876,0,        4903610442,0.0,2225
0,     84878,0,        4903661043,0.0,3318
1,     84880,24311,        4903805844,0.0,0.0
1,     84882,24312,        4904005844,0.0,0.0
1,     84884,24313,        4904205844,0.0,0.0
0,     84886,0,        4904381220,0.0,3848
0,     84888,0,        4904387565,0.0,2043
1,     84890,24314,        4904405844,0.0,0.0
1,     84892,24315,        4904605848,0.0,0.0
1,     84894,24316,        4904805848,0.0,0.0
1,     84896,24317,        4905005848,0.0,0.0
0,     84898,0,        4905134123,0.0,293
1,     84900,24318,        4905205852,0.0,0.0
0,     84902,0,        4905394540,0.0,5087
1,     84904,24319,        4905405852,0.0,0.0
0,     84906,0,        4905530589,0.0,780
0,     84908,0,        4905536052,0.0,5337
1,     84910,24320,        4905605852,0.0,0.0
1,     84912,24321,        4905805856,0.0,0.0
0,     84914,0,        4905868369,0.0,5512
0,     84916,0,        4905897957,0.0,607
1,     84918,24322,        4906005856,0.0,0.0
1,     84920,24323,        4906205856,0.0,0.0
0,     84922,0,        4906230821,0.0,2272
0,     84924,0,        4906302469,0.0,3336
1,     84926,24324,        4906405856,0.0,0.0
1,     84928,24325,        4906605860,0.0,0.0
0,     84930,0,        4906622274,0.0,3404
0,     84932,0,        4906735845,0.0,5707
1,     84934,24326,        4906805860,0.0,0.0
1,     84936,24327,        4907005860,0.0,0.0
1,     84938,24328,        4907205864,0.0,0.0
1,     84940,24329,        4907405864,0.0,0.0
0,     84942,0,        4907523808,0.0,3097
0,     84943,0,        4907524057,0.0,1960
1,     84945,24330,        4907605864,0.0,0.0
0,     84947,0,        4907732602,0.0,2123
1,     84949,24331,        4907805864,0.0,0.0
1,     84951,24332,        4908005868,0.0,0.0
1,     84953,24333,        4908205868,0.0,0.0
1,     84955,24334,        4908405868,0.0,0.0
1,     84957,24335,        4908605872,0.0,0.0
1,     84959,24336,        4908805872,0.0,0.0
1,     84961,24337,        4909005872,0.0,0.0
0,     84963,0,        4909145762,0.0,5382
1,     84965,24338,        4909205876,0.0,0.0
1,     84967,24339,        4909405876,0.0,0.0
1,     84969,24340,        4909605876,0.0,0.0
1,     84971,24341,        4909805876,0.0,0.0
0,     84973,0,        4909950678,0.0,4964
1,     84975,24342,        4910005880,0.0,0.0
1,     84977,24343,        4910205880,0.0,0.0
0,     84979,0,        4910323254,0.0,3919
1,     84981,24344,        4910405880,0.0,0.0
0,     84983,0,        4910445813,0.0,1072
0,     84985,0,        4910547834,0.0,3935
0,     84987,0,        4910590146,0.0,1325
1,     84989,24345,        4910605884,0.0,0.0
1,     84991,24346,        4910805884,0.0,0.0
0,     84993,0,        4910994577,0.0,5984
1,     84995,24347,        4911005884,0.0,0.0
0,     84997,0,        4911195301,0.0,1091
1,     84999,24348,        4911205888,0.0,0.0
0,     85001,0,        4911285553,0.0,1249
1,     85003,24349,        4911405888,0.0,0.0
0,     85005,0,        4911450682,0.0,4543
0,     85007,0,        4911566463,0.0,2838
1,     85009,24350,        4911605888,0.0,0.0
1,     85011,24351,        4911805888,0.0,0.0
0,     85013,0,        4911929739,0.0,1353
0,     85015,0,        4911965558,0.0,1243
1,     85017,24352,        4912005892,0.0,0.0
0,     85019,0,        4912090030,0.0,5564
0,     85021,0,        4912111436,0.0,1639
1,     85023,24353,        4912205892,0.0,0.0
0,     85025,0,        4912214489,0.0,1259
0,     85026,0,        4912214569,0.0,1860
0,     85028,0,        4912241580,0.0,1186
0,     85030,0,        4912307473,0.0,2720
1,     85032,24354,        4912405892,0.0,0.0
1,     85034,24355,        4912605896,0.0,0.0
1,     85036,24356,        4912805896,0.0,0.0
1,     85038,24357,        4913005896,0.0,0.0
0,     85040,0,        4913037024,0.0,4314
1,     85042,24358,        4913205900,0.0,0.0
0,     85044,0,        4913324033,0.0,5815
1,     85046,24359,        4913405900,0.0,0.0
0,     85048,0,        4913593155,0.0,4879
1,     85050,24360,        4913605900,0.0,0.0
0,     85052,0,        4913619323,0.0,2667
1,     85054,24361,        4913805900,0.0,0.0
0,     85056,0,        4913890826,0.0,4099
1,     85058,24362,        4914005904,0.0,0.0
1,     85060,24363,        4914205904,0.0,0.0
1,     85062,24364,        4914405904,0.0,0.0
0,     85064,0,        4914578648,0.0,3316
0,     85066,0,        4914602681,0.0,355
1,     85068,24365,        4914605908,0.0,0.0
0,     85070,0,        4914688768,0.0,6166
0,     85072,0,        4914710826,0.0,4115
1,     85074,24366,        4914805908,0.0,0.0
0,     85076,0,        4914979406,0.0,2912
1,     85078,24367,        4915005908,0.0,0.0
1,     85080,24368,        4915205912,0.0,0.0
0,     85082,0,        4915319749,0.0,3438
1,     85084,24369,        4915405912,0.0,0.0
0,     85086,0,        4915414766,0.0,5632
0,     85088,0,        4915564853,0.0,5219
1,     85090,24370,        4915605912,0.0,0.0
0,     85092,0,        4915709754,0.0,709
1,     85094,24371,        4915805912,0.0,0.0
1,     85096,24372,        4916005916,0.0,0.0
0,     85098,0,        4916188311,0.0,6183
1,     85100,24373,        4916205916,0.0,0.0
1,     85102,24374,        4916405916,0.0,0.0
0,     85104,0,        4916518883,0.0,1053
1,     85106,24375,        4916605920,0.0,0.0
0,     85108,0,        4916730598,0.0,5157
1,     85110,24376,        4916805920,0.0,0.0
0,     85112,0,        4916846194,0.0,1598
1,     85114,24377,        4917005920,0.0,0.0
1,     85116,24378,        4917205924,0.0,0.0
1,     85118,24379,        4917405924,0.0,0.0
0,     85120,0,        4917582692,0.0,4913
1,     85122,24380,        4917605924,0.0,0.0
0,     85124,0,        4917654432,0.0,3283
0,     85126,0,        4917794451,0.0,4676
1,     85128,24381,        4917805924,0.0,0.0
1,     85130,24382,        4918005928,0.0,0.0
1,     85132,24383,        4918205928,0.0,0.0
1,     85134,24384,        4918405928,0.0,0.0
1,     85136,24385,        4918605932,0.0,0.0
0,     85138,0,        4918687098,0.0,3504
1,     85140,24386,        4918805932,0.0,0.0
1,     85142,24387,        4919005932,0.0,0.0
1,     85144,24388,        4919205932,0.0,0.0
1,     85146,24389,        4919405936,0.0,0.0
0,     85148,0,        4919450043,0.0,4362
1,     85150,24390,        4919605936,0.0,0.0
1,     85152,24391,        4919805936,0.0,0.0
1,     85154,24392,        4920005940,0.0,0.0
0,     85156,0,        4920134983,0.0,3092
1,     85158,24393,        4920205940,0.0,0.0
0,     85160,0,        4920231916,0.0,4425
1,     85162,24394,        4920405940,0.0,0.0
0,     85164,0,        4920559452,0.0,1217
1,     85166,24395,        4920605944,0.0,0.0
0,     85168,0,        4920699173,0.0,489
1,     85170,24396,        4920805944,0.0,0.0
0,     85172,0,        4920992507,0.0,3765
1,     85174,24397,        4921005944,0.0,0.0
1,     85176,24398,        4921205944,0.0,0.0
1,     85178,24399,        4921405948,0.0,0.0
1,     85180,24400,        4921605948,0.0,0.0
0,     85182,0,        4921618836,0.0,4192
0,     85184,0,        4921722849,0.0,3631
1,     85186,24401,        4921805948,0.0,0.0
1,     85188,24402,        4922005952,0.0,0.0
1,     85190,24403,        4922205952,0.0,0.0
1,     85192,24404,        4922405952,0.0,0.0
0,     85194,0,        4922451609,0.0,6203
0,     85196,0,        4922571434,0.0,5325
0,     85197,0,        4922571527,0.0,6037
1,     85199,24405,        4922605956,0.0,0.0
0,     85201,0,        4922625145,0.0,4732
0,     85203,0,        4922693260,0.0,2608
1,     85205,24406,        4922805956,0.0,0.0
1,     85207,24407,        4923005956,0.0,0.0
0,     85209,0,        4923099139,0.0,891
1,     85211,24408,        4923205956,0.0,0.0
1,     85213,24409,        4923405960,0.0,0.0
0,     85215,0,        4923465644,0.0,5658
1,     85217,24410,        4923605960,0.0,0.0
0,     85219,0,        4923738300,0.0,6233
1,     85221,24411,        4923805960,0.0,0.0
0,     85223,0,        4923863288,0.0,5487
1,     85225,24412,        4924005964,0.0,0.0
0,     85227,0,        4924096757,0.0,4538
1,     85229,24413,        4924205964,0.0,0.0
0,     85231,0,        4924277104,0.0,3493
1,     85233,24414,        4924405964,0.0,0.0
0,     85235,0,        4924431131,0.0,6047
0,     85237,0,        4924516993,0.0,1834
0,     85239,0,        4924552546,0.0,484
1,     85241,24415,        4924605964,0.0,0.0
0,     85243,0,        4924665339,0.0,4905
0,     85245,0,        4924737277,0.0,4899
1,     85247,24416,        4924805968,0.0,0.0
1,     85249,24417,        4925005968,0.0,0.0
0,     85251,0,        4925028829,0.0,1117
0,     85253,0,        4925029502,0.0,4610
0,     85255,0,        4925059717,0.0,2306
0,     85257,0,        4925107494,0.0,1716
0,     85259,0,        4925140292,0.0,3916
1,     85261,24418,        4925205968,0.0,0.0
0,     85263,0,        4925210344,0.0,3535
1,     85265,24419,        4925405972,0.0,0.0
1,     85267,24420,        4925605972,0.0,0.0
1,     85269,24421,        4925805972,0.0,0.0
0,     85271,0,        4925813820,0.0,2641
0,     85273,0,        4925818034,0.0,5402
1,     85275,24422,        4926005976,0.0,0.0
0,     85277,0,        4926176784,0.0,4409
1,     85279,24423,        4926205976,0.0,0.0
1,     85281,24424,        4926405976,0.0,0.0
1,     85283,24425,        4926605976,0.0,0.0
1,     85285,24426,        4926805980,0.0,0.0
1,     85287,24427,        4927005980,0.0,0.0
0,     85289,0,        4927173118,0.0,3686
1,     85291,24428,        4927205980,0.0,0.0
0,     85293,0,        4927254954,0.0,643
1,     85295,24429,        4927405984,0.0,0.0
0,     85297,0,        4927420579,0.0,5998
1,     85299,24430,        4927605984,0.0,0.0
1,     85301,24431,        4927805984,0.0,0.0
1,     85303,24432,        4928005988,0.0,0.0
0,     85305,0,        4928029888,0.0,3671
1,     85307,24433,        4928205988,0.0,0.0
1,     85309,24434,        4928405988,0.0,0.0
0,     85311,0,        4928528864,0.0,2419
1,     85313,24435,        4928605988,0.0,0.0
1,     85315,24436,        4928805992,0.0,0.0
0,     85317,0,        4928914256,0.0,4829
0,     85318,0,        4928914258,0.0,3344
1,     85320,24437,        4929005992,0.0,0.0
1,     85322,24438,        4929205992,0.0,0.0
0,     85324,0,        4929400966,0.0,3418
0,     85325,0,        4929401263,0.0,2748
1,     85327,24439,        4929405996,0.0,0.0
1,     85329,24440,        4929605996,0.0,0.0
1,     85331,24441,        4929805996,0.0,0.0
1,     85333,24442,        4930006000,0.0,0.0
1,     85335,24443,        4930206000,0.0,0.0
1,     85337,24444,        4930406000,0.0,0.0
1,     85339,24445,        4930606000,0.0,0.0
0,     85341,0,        4930668074,0.0,3049
0,     85343,0,        4930724285,0.0,1762
1,     85345,24446,        4930806004,0.0,0.0
1,     85347,24447,        4931006004,0.0,0.0
1,     85349,24448,        4931206004,0.0,0.0
0,     85351,0,        4931230070,0.0,3340
1,     85353,24449,        4931406008,0.0,0.0
1,     85355,24450,        4931606008,0.0,0.0
0,     85357,0,        4931682064,0.0,2545
1,     85359,24451,        4931806008,0.0,0.0
1,     85361,24452,        4932006008,0.0,0.0
1,     85363,24453,        4932206012,0.0,0.0
0,     85365,0,        4932358248,0.0,5563
1,     85367,24454,        4932406012,0.0,0.0
1,     85369,24455,        4932606012,0.0,0.0
1,     85371,24456,        4932806016,0.0,0.0
1,     85373,24457,        4933006016,0.0,0.0
1,     85375,24458,        4933206016,0.0,0.0
1,     85377,24459,        4933406020,0.0,0.0
0,     85379,0,        4933597770,0.0,5749
1,     85381,24460,        4933606020,0.0,0.0
1,     85383,24461,        4933806020,0.0,0.0
1,     85385,24462,        4934006020,0.0,0.0
1,     85387,24463,        4934206024,0.0,0.0
1,     85389,24464,        4934406024,0.0,0.0
0,     85391,0,        4934563577,0.0,3373
1,     85393,24465,        4934606024,0.0,0.0
1,     85395,24466,        4934806028,0.0,0.0
1,     85397,24467,        4935006028,0.0,0.0
1,     85399,24468,        4935206028,0.0,0.0
1,     85401,24469,        4935406032,0.0,0.0
0,     85403,0,        4935560633,0.0,4232
1,     85405,24470,        4935606032,0.0,0.0
1,     85407,24471,        4935806032,0.0,0.0
1,     85409,24472,        4936006032,0.0,0.0
0,     85411,0,        4936046840,0.0,2321
0,     85413,0,        4936132615,0.0,5186
1,     85415,24473,        4936206036,0.0,0.0
1,     85417,24474,        4936406036,0.0,0.0
1,     85419,24475,        4936606036,0.0,0.0
0,     85421,0,        4936616014,0.0,4291
0,     85423,0,        4936780767,0.0,4415
1,     85425,24476,        4936806040,0.0,0.0
0,     85427,0,        4936933954,0.0,5953
1,     85429,24477,        4937006040,0.0,0.0
1,     85431,24478,        4937206040,0.0,0.0
1,     85433,24479,        4937406044,0.0,0.0
1,     85435,24480,        4937606044,0.0,0.0
1,     85437,24481,        4937806044,0.0,0.0
0,     85439,0,        4937972981,0.0,2089
1,     85441,24482,        4938006044,0.0,0.0
1,     85443,24483,        4938206048,0.0,0.0
1,     85445,24484,        4938406048,0.0,0.0
1,     85447,24485,        4938606048,0.0,0.0
0,     85449,0,        4938607205,0.0,936
1,     85451,24486,        4938806052,0.0,0.0
1,     85453,24487,        4939006052,0.0,0.0
1,     85455,24488,        4939206052,0.0,0.0
1,     85457,24489,        4939406056,0.0,0.0
0,     85459,0,        4939495843,0.0,1785
1,     85461,24490,        4939606056,0.0,0.0
1,     85463,24491,        4939806056,0.0,0.0
1,     85465,24492,        4940006056,0.0,0.0
1,     85467,24493,        4940206060,0.0,0.0
0,     85469,0,        4940346948,0.0,2159
0,     85471,0,        4940347408,0.0,1476
1,     85473,24494,        4940406060,0.0,0.0
1,     85475,24495,        4940606060,0.0,0.0
0,     85477,0,        4940688176,0.0,5348
0,     85479,0,        4940711871,0.0,2691
1,     85481,24496,        4940806064,0.0,0.0
1,     85483,24497,        4941006064,0.0,0.0
0,     85485,0,        4941068936,0.0,5349
0,     85487,0,        4941157522,0.0,3283
0,     85488,0,        4941157632,0.0,5870
1,     85490,24498,        4941206064,0.0,0.0
1,     85492,24499,        4941406068,0.0,0.0
1,     85494,24500,        4941606068,0.0,0.0
0,     85496,0,        4941627871,0.0,354
1,     85498,24501,        4941806068,0.0,0.0
1,     85500,24502,        4942006068,0.0,0.0
0,     85502,0,        4942011617,0.0,3898
1,     85504,24503,        4942206072,0.0,0.0
1,     85506,24504,        4942406072,0.0,0.0
0,     85508,0,        4942564720,0.0,6067
1,     85510,24505,        4942606072,0.0,0.0
1,     85512,24506,        4942806076,0.0,0.0
1,     85514,24507,        4943006076,0.0,0.0
1,     85516,24508,        4943206076,0.0,0.0
0,     85518,0,        4943270392,0.0,1094
1,     85520,24509,        4943406076,0.0,0.0
0,     85522,0,        4943481867,0.0,2396
1,     85524,24510,        4943606080,0.0,0.0
0,     85526,0,        4943646221,0.0,3699
1,     85528,24511,        4943806080,0.0,0.0
0,     85530,0,        4943835366,0.0,4550
1,     85532,24512,        4944006080,0.0,0.0
1,     85534,24513,        4944206084,0.0,0.0
1,     85536,24514,        4944406084,0.0,0.0
1,     85538,24515,        4944606084,0.0,0.0
1,     85540,24516,        4944806088,0.0,0.0
1,     85542,24517,        4945006088,0.0,0.0
1,     85544,24518,        4945206088,0.0,0.0
1,     85546,24519,        4945406088,0.0,0.0
0,     85548,0,        4945604662,0.0,964
1,     85550,24520,        4945606092,0.0,0.0
0,     85552,0,        4945747768,0.0,3740
1,     85554,24521,        4945806092,0.0,0.0
1,     85556,24522,        4946006092,0.0,0.0
1,     85558,24523,        4946206096,0.0,0.0
1,     85560,24524,        4946406096,0.0,0.0
0,     85562,0,        4946566214,0.0,5823
1,     85564,24525,        4946606096,0.0,0.0
1,     85566,24526,        4946806100,0.0,0.0
0,     85568,0,        4946947912,0.0,4028
1,     85570,24527,        4947006100,0.0,0.0
1,     85572,24528,        4947206100,0.0,0.0
0,     85574,0,        4947267095,0.0,4517
1,     85576,24529,        4947406100,0.0,0.0
0,     85578,0,        4947554232,0.0,2069
1,     85580,24530,        4947606104,0.0,0.0
1,     85582,24531,        4947806104,0.0,0.0
1,     85584,24532,        4948006104,0.0,0.0
1,     85586,24533,        4948206108,0.0,0.0
0,     85588,0,        4948239777,0.0,702
0,     85590,0,        4948358489,0.0,3401
1,     85592,24534,        4948406108,0.0,0.0
1,     85594,24535,        4948606108,0.0,0.0
0,     85596,0,        4948756476,0.0,1416
1,     85598,24536,        4948806112,0.0,0.0
1,     85600,24537,        4949006112,0.0,0.0
1,     85602,24538,        4949206112,0.0,0.0
1,     85604,24539,        4949406112,0.0,0.0
0,     85606,0,        4949498161,0.0,2265
1,     85608,24540,        4949606116,0.0,0.0
1,     85610,24541,        4949806116,0.0,0.0
1,     85612,24542,        4950006116,0.0,0.0
1,     85614,24543,        4950206120,0.0,0.0
0,     85616,0,        4950207207,0.0,904
0,     85618,0,        4950248019,0.0,1991
1,     85620,24544,        4950406120,0.0,0.0
0,     85622,0,        4950452188,0.0,5850
0,     85624,0,        4950452366,0.0,4544
0,     85626,0,        4950534220,0.0,5933
1,     85628,24545,        4950606120,0.0,0.0
1,     85630,24546,        4950806120,0.0,0.0
1,     85632,24547,        4951006124,0.0,0.0
0,     85634,0,        4951052817,0.0,3097
1,     85636,24548,        4951206124,0.0,0.0
0,     85638,0,        4951342671,0.0,548
0,     85640,0,        4951350721,0.0,3528
1,     85642,24549,        4951406124,0.0,0.0
1,     85644,24550,        4951606128,0.0,0.0
1,     85646,24551,        4951806128,0.0,0.0
1,     85648,24552,        4952006128,0.0,0.0
1,     85650,24553,        4952206132,0.0,0.0
1,     85652,24554,        4952406132,0.0,0.0
1,     85654,24555,        4952606132,0.0,0.0
1,     85656,24556,        4952806132,0.0,0.0
1,     85658,24557,        4953006136,0.0,0.0
1,     85660,24558,        4953206136,0.0,0.0
1,     85662,24559,        4953406136,0.0,0.0
0,     85664,0,        4953438596,0.0,19
1,     85666,24560,        4953606140,0.0,0.0
1,     85668,24561,        4953806140,0.0,0.0
0,     85670,0,        4953827684,0.0,1485
0,     85671,0,        4953827694,0.0,5862
0,     85673,0,        4953905085,0.0,2152
1,     85675,24562,        4954006140,0.0,0.0
1,     85677,24563,        4954206144,0.0,0.0
0,     85679,0,        4954311191,0.0,1104
1,     85681,24564,        4954406144,0.0,0.0
1,     85683,24565,        4954606144,0.0,0.0
0,     85685,0,        4954801655,0.0,957
1,     85687,24566,        4954806144,0.0,0.0
1,     85689,24567,        4955006148,0.0,0.0
1,     85691,24568,        4955206148,0.0,0.0
1,     85693,24569,        4955406148,0.0,0.0
0,     85695,0,        4955422518,0.0,5260
1,     85697,24570,        4955606152,0.0,0.0
0,     85699,0,        4955733967,0.0,2635
1,     85701,24571,        4955806152,0.0,0.0
1,     85703,24572,        4956006152,0.0,0.0
1,     85705,24573,        4956206152,0.0,0.0
1,     85707,24574,        4956406156,0.0,0.0
0,     85709,0,        4956421652,0.0,2586
1,     85711,24575,        4956606156,0.0,0.0
1,     85713,24576,        4956806156,0.0,0.0
0,     85715,0,        4956831872,0.0,4509
1,     85717,24577,        4957006160,0.0,0.0
1,     85719,24578,        4957206160,0.0,0.0
1,     85721,24579,        4957406160,0.0,0.0
0,     85723,0,        4957584563,0.0,3496
1,     85725,24580,        4957606164,0.0,0.0
1,     85727,24581,        4957806164,0.0,0.0
0,     85729,0,        4957997118,0.0,4687
1,     85731,24582,        4958006164,0.0,0.0
1,     85733,24583,        4958206164,0.0,0.0
0,     85735,0,        4958240088,0.0,3775
1,     85737,24584,        4958406168,0.0,0.0
0,     85739,0,        4958417214,0.0,3971
1,     85741,24585,        4958606168,0.0,0.0
1,     85743,24586,        4958806168,0.0,0.0
1,     85745,24587,        4959006172,0.0,0.0
1,     85747,24588,        4959206172,0.0,0.0
1,     85749,24589,        4959406172,0.0,0.0
0,     85751,0,        4959595124,0.0,692
1,     85753,24590,        4959606176,0.0,0.0
0,     85755,0,        4959718290,0.0,4934
1,     85757,24591,        4959806176,0.0,0.0
0,     85759,0,        4959923739,0.0,1599
1,     85761,24592,        4960006176,0.0,0.0
1,     85763,24593,        4960206176,0.0,0.0
1,     85765,24594,        4960406180,0.0,0.0
0,     85767,0,        4960546603,0.0,660
1,     85769,24595,        4960606180,0.0,0.0
1,     85771,24596,        4960806180,0.0,0.0
0,     85773,0,        4960965738,0.0,4651
1,     85775,24597,        4961006184,0.0,0.0
0,     85777,0,        4961152205,0.0,1147
1,     85779,24598,        4961206184,0.0,0.0
1,     85781,24599,        4961406184,0.0,0.0
1,     85783,24600,        4961606188,0.0,0.0
1,     85785,24601,        4961806188,0.0,0.0
0,     85787,0,        4961926441,0.0,1719
1,     85789,24602,        4962006188,0.0,0.0
0,     85791,0,        4962115258,0.0,1782
0,     85793,0,        4962194216,0.0,6188
0,     85794,0,        4962194219,0.0,1270
1,     85796,24603,        4962206188,0.0,0.0
0,     85798,0,        4962376113,0.0,2617
1,     85800,24604,        4962406192,0.0,0.0
1,     85802,24605,        4962606192,0.0,0.0
0,     85804,0,        4962695689,0.0,6095
1,     85806,24606,        4962806192,0.0,0.0
0,     85808,0,        4962894027,0.0,1840
1,     85810,24607,        4963006196,0.0,0.0
1,     85812,24608,        4963206196,0.0,0.0
1,     85814,24609,        4963406196,0.0,0.0
0,     85816,0,        4963491915,0.0,5023
1,     85818,24610,        4963606200,0.0,0.0
1,     85820,24611,        4963806200,0.0,0.0
0,     85822,0,        4963902298,0.0,2055
0,     85823,0,        4963902300,0.0,2582
0,     85825,0,        4963902959,0.0,3601
1,     85827,24612,        4964006200,0.0,0.0
1,     85829,24613,        4964206200,0.0,0.0
0,     85831,0,        4964238026,0.0,2334
1,     85833,24614,        4964406204,0.0,0.0
0,     85835,0,        4964449349,0.0,3412
1,     85837,24615,        4964606204,0.0,0.0
1,     85839,24616,        4964806204,0.0,0.0
1,     85841,24617,        4965006208,0.0,0.0
0,     85843,0,        4965197549,0.0,1552
1,     85845,24618,        4965206208,0.0,0.0
1,     85847,24619,        4965406208,0.0,0.0
1,     85849,24620,        4965606212,0.0,0.0
1,     85851,24621,        4965806212,0.0,0.0
1,     85853,24622,        4966006212,0.0,0.0
1,     85855,24623,        4966206212,0.0,0.0
1,     85857,24624,        4966406216,0.0,0.0
1,     85859,24625,        4966606216,0.0,0.0
1,     85861,24626,        4966806216,0.0,0.0
0,     85863,0,        4966910112,0.0,1500
1,     85865,24627,        4967006220,0.0,0.0
1,     85867,24628,        4967206220,0.0,0.0
0,     85869,0,        4967351582,0.0,1858
1,     85871,24629,        4967406220,0.0,0.0
1,     85873,24630,        4967606220,0.0,0.0
0,     85875,0,        4967773439,0.0,3353
1,     85877,24631,        4967806224,0.0,0.0
1,     85879,24632,        4968006224,0.0,0.0
0,     85881,0,        4968082198,0.0,3796
0,     85883,0,        4968204630,0.0,4521
1,     85885,24633,        4968206224,0.0,0.0
1,     85887,24634,        4968406228,0.0,0.0
1,     85889,24635,        4968606228,0.0,0.0
0,     85891,0,        4968617593,0.0,1717
1,     85893,24636,        4968806228,0.0,0.0
1,     85895,24637,        4969006232,0.0,0.0
1,     85897,24638,        4969206232,0.0,0.0
1,     85899,24639,        4969406232,0.0,0.0
1,     85901,24640,        4969606232,0.0,0.0
1,     85903,24641,        4969806236,0.0,0.0
0,     85905,0,        4969977629,0.0,2109
0,     85906,0,        4969977632,0.0,3155
0,     85908,0,        4970005344,0.0,2630
1,     85910,24642,        4970006236,0.0,0.0
1,     85912,24643,        4970206236,0.0,0.0
1,     85914,24644,        4970406240,0.0,0.0
1,     85916,24645,        4970606240,0.0,0.0
1,     85918,24646,        4970806240,0.0,0.0
1,     85920,24647,        4971006244,0.0,0.0
0,     85922,0,        4971075228,0.0,4376
0,     85924,0,        4971121887,0.0,3265
1,     85926,24648,        4971206244,0.0,0.0
0,     85928,0,        4971266962,0.0,4480
0,     85930,0,        4971317800,0.0,1072
0,     85932,0,        4971352386,0.0,3945
0,     85934,0,        4971379646,0.0,5003
1,     85936,24649,        4971406244,0.0,0.0
0,     85938,0,        4971568825,0.0,640
1,     85940,24650,        4971606244,0.0,0.0
0,     85942,0,        4971742462,0.0,4415
1,     85944,24651,        4971806248,0.0,0.0
0,     85946,0,        4971890725,0.0,763
1,     85948,24652,        4972006248,0.0,0.0
0,     85950,0,        4972185781,0.0,4581
1,     85952,24653,        4972206248,0.0,0.0
1,     85954,24654,        4972406252,0.0,0.0
1,     85956,24655,        4972606252,0.0,0.0
1,     85958,24656,        4972806252,0.0,0.0
0,     85960,0,        4972848975,0.0,2816
1,     85962,24657,        4973006256,0.0,0.0
1,     85964,24658,        4973206256,0.0,0.0
1,     85966,24659,        4973406256,0.0,0.0
0,     85968,0,        4973548729,0.0,3832
1,     85970,24660,        4973606256,0.0,0.0
0,     85972,0,        4973627135,0.0,2977
1,     85974,24661,        4973806260,0.0,0.0
0,     85976,0,        4973881889,0.0,391
0,     85978,0,        4973998173,0.0,2376
1,     85980,24662,        4974006260,0.0,0.0
0,     85982,0,        4974151508,0.0,2521
0,     85983,0,        4974151528,0.0,711
1,     85985,24663,        4974206260,0.0,0.0
1,     85987,24664,        4974406264,0.0,0.0
1,     85989,24665,        4974606264,0.0,0.0
0,     85991,0,        4974643361,0.0,5698
0,     85992,0,        4974643370,0.0,465
0,     85994,0,        4974793208,0.0,3101
1,     85996,24666,        4974806264,0.0,0.0
1,     85998,24667,        4975006264,0.0,0.0
1,     86000,24668,        4975206268,0.0,0.0
1,     86002,24669,        4975406268,0.0,0.0
1,     86004,24670,        4975606268,0.0,0.0
0,     86006,0,        4975789281,0.0,558
1,     86008,24671,        4975806272,0.0,0.0
1,     86010,24672,        4976006272,0.0,0.0
0,     86012,0,        4976012215,0.0,835
0,     86014,0,        4976201288,0.0,4737
1,     86016,24673,        4976206272,0.0,0.0
1,     86018,24674,        4976406276,0.0,0.0
1,     86020,24675,        4976606276,0.0,0.0
0,     86022,0,        4976767914,0.0,5141
1,     86024,24676,        4976806276,0.0,0.0
0,     86026,0,        4976960901,0.0,3869
1,     86028,24677,        4977006276,0.0,0.0
0,     86030,0,        4977118741,0.0,6111
1,     86032,24678,        4977206280,0.0,0.0
1,     86034,24679,        4977406280,0.0,0.0
1,     86036,24680,        4977606280,0.0,0.0
0,     86038,0,        4977801105,0.0,2860
1,     86040,24681,        4977806284,0.0,0.0
1,     86042,24682,        4978006284,0.0,0.0
0,     86044,0,        4978139890,0.0,70
1,     86046,24683,        4978206284,0.0,0.0
0,     86048,0,        4978330281,0.0,4302
1,     86050,24684,        4978406288,0.0,0.0
1,     86052,24685,        4978606288,0.0,0.0
1,     86054,24686,        4978806288,0.0,0.0
1,     86056,24687,        4979006288,0.0,0.0
1,     86058,24688,        4979206292,0.0,0.0
0,     86060,0,        4979261780,0.0,1120
1,     86062,24689,        4979406292,0.0,0.0
1,     86064,24690,        4979606292,0.0,0.0
1,     86066,24691,        4979806296,0.0,0.0
1,     86068,24692,        4980006296,0.0,0.0
1,     86070,24693,        4980206296,0.0,0.0
1,     86072,24694,        4980406300,0.0,0.0
0,     86074,0,        4980521501,0.0,563
1,     86076,24695,        4980606300,0.0,0.0
1,     86078,24696,        4980806300,0.0,0.0
0,     86080,0,        4980886103,0.0,3191
1,     86082,24697,        4981006300,0.0,0.0
1,     86084,24698,        4981206304,0.0,0.0
0,     86086,0,        4981304230,0.0,340
1,     86088,24699,        4981406304,0.0,0.0
1,     86090,24700,        4981606304,0.0,0.0
1,     86092,24701,        4981806308,0.0,0.0
0,     86094,0,        4981969248,0.0,4160
1,     86096,24702,        4982006308,0.0,0.0
1,     86098,24703,        4982206308,0.0,0.0
1,     86100,24704,        4982406308,0.0,0.0
0,     86102,0,        4982537584,0.0,2743
0,     86104,0,        4982550185,0.0,5444
1,     86106,24705,        4982606312,0.0,0.0
1,     86108,24706,        4982806312,0.0,0.0
1,     86110,24707,        4983006312,0.0,0.0
0,     86112,0,        4983008411,0.0,5999
1,     86114,24708,        4983206316,0.0,0.0
1,     86116,24709,        4983406316,0.0,0.0
1,     86118,24710,        4983606316,0.0,0.0
1,     86120,24711,        4983806320,0.0,0.0
0,     86122,0,        4983939355,0.0,4861
1,     86124,24712,        4984006320,0.0,0.0
1,     86126,24713,        4984206320,0.0,0.0
0,     86128,0,        4984277430,0.0,500
1,     86130,24714,        4984406320,0.0,0.0
1,     86132,24715,        4984606324,0.0,0.0
1,     86134,24716,        4984806324,0.0,0.0
1,     86136,24717,        4985006324,0.0,0.0
0,     86138,0,        4985063596,0.0,1869
0,     86139,0,        4985063992,0.0,4475
1,     86141,24718,        4985206328,0.0,0.0
0,     86143,0,        4985298470,0.0,5242
0,     86145,0,        4985340591,0.0,3558
1,     86147,24719,        4985406328,0.0,0.0
1,     86149,24720,        4985606328,0.0,0.0
0,     86151,0,        4985743689,0.0,5989
1,     86153,24721,        4985806332,0.0,0.0
1,     86155,24722,        4986006332,0.0,0.0
0,     86157,0,        4986110039,0.0,2791
0,     86159,0,        4986204865,0.0,1417
1,     86161,24723,        4986206332,0.0,0.0
1,     86163,24724,        4986406332,0.0,0.0
1,     86165,24725,        4986606336,0.0,0.0
0,     86167,0,        4986626049,0.0,3391
0,     86169,0,        4986776252,0.0,416
1,     86171,24726,        4986806336,0.0,0.0
0,     86173,0,        4986871586,0.0,1833
1,     86175,24727,        4987006336,0.0,0.0
1,     86177,24728,        4987206340,0.0,0.0
1,     86179,24729,        4987406340,0.0,0.0
0,     86181,0,        4987506657,0.0,1824
1,     86183,24730,        4987606340,0.0,0.0
0,     86185,0,        4987713441,0.0,1739
1,     86187,24731,        4987806344,0.0,0.0
1,     86189,24732,        4988006344,0.0,0.0
1,     86191,24733,        4988206344,0.0,0.0
1,     86193,24734,        4988406344,0.0,0.0
1,     86195,24735,        4988606348,0.0,0.0
1,     86197,24736,        4988806348,0.0,0.0
0,     86199,0,        4988884255,0.0,3000
0,     86201,0,        4988947504,0.0,1997
1,     86203,24737,        4989006348,0.0,0.0
0,     86205,0,        4989099602,0.0,3659
1,     86207,24738,        4989206352,0.0,0.0
0,     86209,0,        4989237336,0.0,3993
1,     86211,24739,        4989406352,0.0,0.0
0,     86213,0,        4989419400,0.0,3477
0,     86215,0,        4989544037,0.0,1608
1,     86217,24740,        4989606352,0.0,0.0
1,     86219,24741,        4989806356,0.0,0.0
1,     86221,24742,        4990006356,0.0,0.0
1,     86223,24743,        4990206356,0.0,0.0
0,     86225,0,        4990290258,0.0,1327
1,     86227,24744,        4990406356,0.0,0.0
1,     86229,24745,        4990606360,0.0,0.0
0,     86231,0,        4990771058,0.0,2907
1,     86233,24746,        4990806360,0.0,0.0
1,     86235,24747,        4991006360,0.0,0.0
0,     86237,0,        4991125230,0.0,1420
1,     86239,24748,        4991206364,0.0,0.0
0,     86241,0,        4991323210,0.0,6194
1,     86243,24749,        4991406364,0.0,0.0
1,     86245,24750,        4991606364,0.0,0.0
1,     86247,24751,        4991806364,0.0,0.0
1,     86249,24752,        4992006368,0.0,0.0
1,     86251,24753,        4992206368,0.0,0.0
0,     86253,0,        4992266536,0.0,1161
0,     86255,0,        4992343303,0.0,4843
1,     86257,24754,        4992406368,0.0,0.0
0,     86259,0,        4992480876,0.0,2277
1,     86261,24755,        4992606372,0.0,0.0
0,     86263,0,        4992696934,0.0,5406
0,     86265,0,        4992741947,0.0,5292
1,     86267,24756,        4992806372,0.0,0.0
1,     86269,24757,        4993006372,0.0,0.0
0,     86271,0,        4993205726,0.0,3198
1,     86273,24758,        4993206376,0.0,0.0
0,     86275,0,        4993277241,0.0,5255
1,     86277,24759,        4993406376,0.0,0.0
1,     86279,24760,        4993606376,0.0,0.0
1,     86281,24761,        4993806376,0.0,0.0
0,     86283,0,        4993886382,0.0,4786
1,     86285,24762,        4994006380,0.0,0.0
1,     86287,24763,        4994206380,0.0,0.0
1,     86289,24764,        4994406380,0.0,0.0
0,     86291,0,        4994539013,0.0,4858
1,     86293,24765,        4994606384,0.0,0.0
1,     86295,24766,        4994806384,0.0,0.0
1,     86297,24767,        4995006384,0.0,0.0
0,     86299,0,        4995127713,0.0,3405
1,     86301,24768,        4995206388,0.0,0.0
0,     86303,0,        4995379285,0.0,4500
1,     86305,24769,        4995406388,0.0,0.0
0,     86307,0,        4995451797,0.0,4475
1,     86309,24770,        4995606388,0.0,0.0
0,     86311,0,        4995719546,0.0,519
0,     86313,0,        4995797675,0.0,133
0,     86314,0,        4995797679,0.0,2152
1,     86316,24771,        4995806388,0.0,0.0
0,     86318,0,        4995970903,0.0,5252
1,     86320,24772,        4996006392,0.0,0.0
1,     86322,24773,        4996206392,0.0,0.0
0,     86324,0,        4996220080,0.0,2317
1,     86326,24774,        4996406392,0.0,0.0
1,     86328,24775,        4996606396,0.0,0.0
0,     86330,0,        4996781429,0.0,142
1,     86332,24776,        4996806396,0.0,0.0
1,     86334,24777,        4997006396,0.0,0.0
1,     86336,24778,        4997206400,0.0,0.0
0,     86338,0,        4997381109,0.0,3944
1,     86340,24779,        4997406400,0.0,0.0
1,     86342,24780,        4997606400,0.0,0.0
1,     86344,24781,        4997806400,0.0,0.0
1,     86346,24782,        4998006404,0.0,0.0
1,     86348,24783,        4998206404,0.0,0.0
1,     86350,24784,        4998406404,0.0,0.0
1,     86352,24785,        4998606408,0.0,0.0
1,     86354,24786,        4998806408,0.0,0.0
1,     86356,24787,        4999006408,0.0,0.0
0,     86358,0,        4999045465,0.0,472
1,     86360,24788,        4999206408,0.0,0.0
0,     86362,0,        4999266976,0.0,5861
0,     86364,0,        4999392143,0.0,6124
1,     86366,24789,        4999406412,0.0,0.0
0,     86368,0,        4999590748,0.0,292
1,     86370,24790,        4999606412,0.0,0.0
0,     86372,0,        4999718476,0.0,887
1,     86374,24791,        4999806412,0.0,0.0
0,     86376,0,        4999837575,0.0,4533
1,     86378,24792,        5000006416,0.0,0.0
1,     86380,24793,        5000206416,0.0,0.0
0,     86382,0,        5000237381,0.0,5203
1,     86384,24794,        5000406416,0.0,0.0
0,     86386,0,        5000449803,0.0,2228
0,     86388,0,        5000524495,0.0,4936
0,     86389,0,        5000524498,0.0,1752
1,     86391,24795,        5000606420,0.0,0.0
0,     86393,0,        5000711618,0.0,1868
1,     86395,24796,        5000806420,0.0,0.0
0,     86397,0,        5000870856,0.0,3856
1,     86399,24797,        5001006420,0.0,0.0
1,     86401,24798,        5001206420,0.0,0.0
0,     86403,0,        5001321433,0.0,4640
1,     86405,24799,        5001406424,0.0,0.0
1,     86407,24800,        5001606424,0.0,0.0
1,     86409,24801,        5001806424,0.0,0.0
1,     86411,24802,        5002006428,0.0,0.0
1,     86413,24803,        5002206428,0.0,0.0
0,     86415,0,        5002222493,0.0,1517
0,     86417,0,        5002226656,0.0,5846
1,     86419,24804,        5002406428,0.0,0.0
1,     86421,24805,        5002606432,0.0,0.0
0,     86423,0,        5002687638,0.0,47
0,     86425,0,        5002695749,0.0,2799
1,     86427,24806,        5002806432,0.0,0.0
1,     86429,24807,        5003006432,0.0,0.0
0,     86431,0,        5003072926,0.0,2051
1,     86433,24808,        5003206432,0.0,0.0
1,     86435,24809,        5003406436,0.0,0.0
1,     86437,24810,        5003606436,0.0,0.0
1,     86439,24811,        5003806436,0.0,0.0
1,     86441,24812,        5004006440,0.0,0.0
1,     86443,24813,        5004206440,0.0,0.0
1,     86445,24814,        5004406440,0.0,0.0
1,     86447,24815,        5004606444,0.0,0.0
1,     86449,24816,        5004806444,0.0,0.0
0,     86451,0,        5004814520,0.0,5550
1,     86453,24817,        5005006444,0.0,0.0
1,     86455,24818,        5005206444,0.0,0.0
0,     86457,0,        5005339526,0.0,5177
1,     86459,24819,        5005406448,0.0,0.0
0,     86461,0,        5005454962,0.0,945
1,     86463,24820,        5005606448,0.0,0.0
1,     86465,24821,        5005806448,0.0,0.0
1,     86467,24822,        5006006452,0.0,0.0
0,     86469,0,        5006169065,0.0,1421
1,     86471,24823,        5006206452,0.0,0.0
0,     86473,0,        5006278887,0.0,3192
1,     86475,24824,        5006406452,0.0,0.0
1,     86477,24825,        5006606452,0.0,0.0
1,     86479,24826,        5006806456,0.0,0.0
0,     86481,0,        5006978848,0.0,5346
1,     86483,24827,        5007006456,0.0,0.0
1,     86485,24828,        5007206456,0.0,0.0
1,     86487,24829,        5007406460,0.0,0.0
1,     86489,24830,        5007606460,0.0,0.0
0,     86491,0,        5007618461,0.0,628
1,     86493,24831,        5007806460,0.0,0.0
1,     86495,24832,        5008006464,0.0,0.0
1,     86497,24833,        5008206464,0.0,0.0
0,     86499,0,        5008364709,0.0,2896
0,     86501,0,        5008404702,0.0,2047
1,     86503,24834,        5008406464,0.0,0.0
0,     86505,0,        5008581178,0.0,3163
1,     86507,24835,        5008606464,0.0,0.0
1,     86509,24836,        5008806468,0.0,0.0
1,     86511,24837,        5009006468,0.0,0.0
0,     86513,0,        5009117164,0.0,5621
1,     86515,24838,        5009206468,0.0,0.0
1,     86517,24839,        5009406472,0.0,0.0
1,     86519,24840,        5009606472,0.0,0.0
0,     86521,0,        5009772273,0.0,1403
1,     86523,24841,        5009806472,0.0,0.0
0,     86525,0,        5009821312,0.0,2773
0,     86526,0,        5009821484,0.0,5632
0,     86527,0,        5009821626,0.0,2888
1,     86529,24842,        5010006476,0.0,0.0
0,     86531,0,        5010151744,0.0,2306
1,     86533,24843,        5010206476,0.0,0.0
1,     86535,24844,        5010406476,0.0,0.0
1,     86537,24845,        5010606476,0.0,0.0
0,     86539,0,        5010641183,0.0,923
1,     86541,24846,        5010806480,0.0,0.0
1,     86543,24847,        5011006480,0.0,0.0
1,     86545,24848,        5011206480,0.0,0.0
0,     86547,0,        5011258882,0.0,2649
0,     86549,0,        5011295792,0.0,254
1,     86551,24849,        5011406484,0.0,0.0
1,     86553,24850,        5011606484,0.0,0.0
0,     86555,0,        5011740342,0.0,3321
1,     86557,24851,        5011806484,0.0,0.0
1,     86559,24852,        5012006488,0.0,0.0
1,     86561,24853,        5012206488,0.0,0.0
1,     86563,24854,        5012406488,0.0,0.0
0,     86565,0,        5012452505,0.0,844
1,     86567,24855,        5012606488,0.0,0.0
0,     86569,0,        5012772399,0.0,417
1,     86571,24856,        5012806492,0.0,0.0
1,     86573,24857,        5013006492,0.0,0.0
0,     86575,0,        5013113802,0.0,2159
0,     86577,0,        5013141313,0.0,574
1,     86579,24858,        5013206492,0.0,0.0
0,     86581,0,        5013308570,0.0,5123
0,     86583,0,        5013379957,0.0,6181
1,     86585,24859,        5013406496,0.0,0.0
1,     86587,24860,        5013606496,0.0,0.0
1,     86589,24861,        5013806496,0.0,0.0
0,     86591,0,        5013946556,0.0,3252
1,     86593,24862,        5014006496,0.0,0.0
0,     86595,0,        5014061500,0.0,2103
1,     86597,24863,        5014206500,0.0,0.0
0,     86599,0,        5014285892,0.0,4779
1,     86601,24864,        5014406500,0.0,0.0
0,     86603,0,        5014434914,0.0,1816
0,     86605,0,        5014506846,0.0,2858
1,     86607,24865,        5014606500,0.0,0.0
0,     86609,0,        5014800158,0.0,3137
1,     86611,24866,        5014806504,0.0,0.0
0,     86613,0,        5014911879,0.0,1185
0,     86615,0,        5014938967,0.0,3912
1,     86617,24867,        5015006504,0.0,0.0
1,     86619,24868,        5015206504,0.0,0.0
1,     86621,24869,        5015406508,0.0,0.0
0,     86623,0,        5015407407,0.0,4517
1,     86625,24870,        5015606508,0.0,0.0
0,     86627,0,        5015684640,0.0,145
0,     86629,0,        5015731731,0.0,1611
1,     86631,24871,        5015806508,0.0,0.0
1,     86633,24872,        5016006508,0.0,0.0
1,     86635,24873,        5016206512,0.0,0.0
0,     86637,0,        5016263616,0.0,854
1,     86639,24874,        5016406512,0.0,0.0
0,     86641,0,        5016451756,0.0,3510
0,     86643,0,        5016452366,0.0,2740
0,     86645,0,        5016573647,0.0,4049
1,     86647,24875,        5016606512,0.0,0.0
1,     86649,24876,        5016806516,0.0,0.0
1,     86651,24877,        5017006516,0.0,0.0
1,     86653,24878,        5017206516,0.0,0.0
1,     86655,24879,        5017406520,0.0,0.0
1,     86657,24880,        5017606520,0.0,0.0
1,     86659,24881,        5017806520,0.0,0.0
1,     86661,24882,        5018006520,0.0,0.0
1,     86663,24883,        5018206524,0.0,0.0
1,     86665,24884,        5018406524,0.0,0.0
1,     86667,24885,        5018606524,0.0,0.0
1,     86669,24886,        5018806528,0.0,0.0
0,     86671,0,        5018910149,0.0,1462
1,     86673,24887,        5019006528,0.0,0.0
1,     86675,24888,        5019206528,0.0,0.0
1,     86677,24889,        5019406532,0.0,0.0
1,     86679,24890,        5019606532,0.0,0.0
1,     86681,24891,        5019806532,0.0,0.0
0,     86683,0,        5019918922,0.0,1399
0,     86685,0,        5019976261,0.0,4034
1,     86687,24892,        5020006532,0.0,0.0
1,     86689,24893,        5020206536,0.0,0.0
0,     86691,0,        5020237530,0.0,3725
0,     86693,0,        5020373061,0.0,6078
1,     86695,24894,        5020406536,0.0,0.0
0,     86697,0,        5020453861,0.0,3767
0,     86699,0,        5020456014,0.0,2510
0,     86701,0,        5020560991,0.0,2504
1,     86703,24895,        5020606536,0.0,0.0
0,     86705,0,        5020779034,0.0,1746
1,     86707,24896,        5020806540,0.0,0.0
0,     86709,0,        5020970375,0.0,3746
1,     86711,24897,        5021006540,0.0,0.0
1,     86713,24898,        5021206540,0.0,0.0
1,     86715,24899,        5021406540,0.0,0.0
1,     86717,24900,        5021606544,0.0,0.0
0,     86719,0,        5021734812,0.0,1200
0,     86721,0,        5021745178,0.0,4022
0,     86723,0,        5021774570,0.0,2319
1,     86725,24901,        5021806544,0.0,0.0
0,     86727,0,        5021976108,0.0,738
0,     86729,0,        5022003786,0.0,5934
1,     86731,24902,        5022006544,0.0,0.0
1,     86733,24903,        5022206548,0.0,0.0
0,     86735,0,        5022314512,0.0,4226
1,     86737,24904,        5022406548,0.0,0.0
1,     86739,24905,        5022606548,0.0,0.0
0,     86741,0,        5022746448,0.0,3017
0,     86743,0,        5022799422,0.0,2109
1,     86745,24906,        5022806552,0.0,0.0
1,     86747,24907,        5023006552,0.0,0.0
0,     86749,0,        5023138842,0.0,4457
1,     86751,24908,        5023206552,0.0,0.0
0,     86753,0,        5023233292,0.0,1671
1,     86755,24909,        5023406552,0.0,0.0
0,     86757,0,        5023579560,0.0,56
1,     86759,24910,        5023606556,0.0,0.0
0,     86761,0,        5023693132,0.0,489
0,     86763,0,        5023793632,0.0,925
1,     86765,24911,        5023806556,0.0,0.0
0,     86767,0,        5023991192,0.0,4839
1,     86769,24912,        5024006556,0.0,0.0
0,     86771,0,        5024059577,0.0,4670
1,     86773,24913,        5024206560,0.0,0.0
0,     86775,0,        5024225841,0.0,892
1,     86777,24914,        5024406560,0.0,0.0
0,     86779,0,        5024596857,0.0,880
1,     86781,24915,        5024606560,0.0,0.0
0,     86783,0,        5024796445,0.0,5252
1,     86785,24916,        5024806564,0.0,0.0
0,     86787,0,        5024812027,0.0,4942
0,     86789,0,        5024873936,0.0,4340
0,     86791,0,        5024921177,0.0,3119
0,     86793,0,        5024921770,0.0,3131
0,     86795,0,        5024949794,0.0,2992
1,     86797,24917,        5025006564,0.0,0.0
1,     86799,24918,        5025206564,0.0,0.0
0,     86801,0,        5025339945,0.0,876
1,     86803,24919,        5025406564,0.0,0.0
0,     86805,0,        5025570636,0.0,2710
1,     86807,24920,        5025606568,0.0,0.0
1,     86809,24921,        5025806568,0.0,0.0
1,     86811,24922,        5026006568,0.0,0.0
0,     86813,0,        5026198634,0.0,3558
1,     86815,24923,        5026206572,0.0,0.0
1,     86817,24924,        5026406572,0.0,0.0
1,     86819,24925,        5026606572,0.0,0.0
1,     86821,24926,        5026806576,0.0,0.0
1,     86823,24927,        5027006576,0.0,0.0
0,     86825,0,        5027067338,0.0,5122
1,     86827,24928,        5027206576,0.0,0.0
1,     86829,24929,        5027406576,0.0,0.0
0,     86831,0,        5027567568,0.0,6135
1,     86833,24930,        5027606580,0.0,0.0
0,     86835,0,        5027752064,0.0,1091
0,     86837,0,        5027776570,0.0,5855
1,     86839,24931,        5027806580,0.0,0.0
1,     86841,24932,        5028006580,0.0,0.0
0,     86843,0,        5028050610,0.0,19
1,     86845,24933,        5028206584,0.0,0.0
0,     86847,0,        5028384902,0.0,4966
1,     86849,24934,        5028406584,0.0,0.0
1,     86851,24935,        5028606584,0.0,0.0
1,     86853,24936,        5028806588,0.0,0.0
1,     86855,24937,        5029006588,0.0,0.0
1,     86857,24938,        5029206588,0.0,0.0
0,     86859,0,        5029269704,0.0,692
1,     86861,24939,        5029406588,0.0,0.0
0,     86863,0,        5029519624,0.0,4409
1,     86865,24940,        5029606592,0.0,0.0
0,     86867,0,        5029714008,0.0,3905
0,     86869,0,        5029746157,0.0,5037
0,     86871,0,        5029769219,0.0,3595
1,     86873,24941,        5029806592,0.0,0.0
0,     86875,0,        5029884982,0.0,1850
1,     86877,24942,        5030006592,0.0,0.0
0,     86879,0,        5030041613,0.0,6076
1,     86881,24943,        5030206596,0.0,0.0
1,     86883,24944,        5030406596,0.0,0.0
0,     86885,0,        5030601508,0.0,2820
1,     86887,24945,        5030606596,0.0,0.0
1,     86889,24946,        5030806600,0.0,0.0
0,     86891,0,        5030933479,0.0,3089
1,     86893,24947,        5031006600,0.0,0.0
1,     86895,24948,        5031206600,0.0,0.0
1,     86897,24949,        5031406600,0.0,0.0
0,     86899,0,        5031452128,0.0,5417
1,     86901,24950,        5031606604,0.0,0.0
0,     86903,0,        5031773135,0.0,3049
1,     86905,24951,        5031806604,0.0,0.0
1,     86907,24952,        5032006604,0.0,0.0
0,     86909,0,        5032126435,0.0,6183
1,     86911,24953,        5032206608,0.0,0.0
0,     86913,0,        5032220778,0.0,2664
0,     86915,0,        5032315992,0.0,1056
1,     86917,24954,        5032406608,0.0,0.0
0,     86919,0,        5032578212,0.0,1881
1,     86921,24955,        5032606608,0.0,0.0
1,     86923,24956,        5032806608,0.0,0.0
1,     86925,24957,        5033006612,0.0,0.0
1,     86927,24958,        5033206612,0.0,0.0
0,     86929,0,        5033213469,0.0,4637
0,     86931,0,        5033364288,0.0,5978
1,     86933,24959,        5033406612,0.0,0.0
0,     86935,0,        5033467716,0.0,2505
0,     86937,0,        5033513116,0.0,143
1,     86939,24960,        5033606616,0.0,0.0
1,     86941,24961,        5033806616,0.0,0.0
0,     86943,0,        5033954326,0.0,4155
1,     86945,24962,        5034006616,0.0,0.0
1,     86947,24963,        5034206620,0.0,0.0
1,     86949,24964,        5034406620,0.0,0.0
1,     86951,24965,        5034606620,0.0,0.0
1,     86953,24966,        5034806620,0.0,0.0
0,     86955,0,        5034997045,0.0,3177
1,     86957,24967,        5035006624,0.0,0.0
1,     86959,24968,        5035206624,0.0,0.0
0,     86961,0,        5035231557,0.0,3322
1,     86963,24969,        5035406624,0.0,0.0
1,     86965,24970,        5035606628,0.0,0.0
1,     86967,24971,        5035806628,0.0,0.0
1,     86969,24972,        5036006628,0.0,0.0
0,     86971,0,        5036143765,0.0,3886
1,     86973,24973,        5036206632,0.0,0.0
0,     86975,0,        5036224168,0.0,1317
0,     86977,0,        5036232329,0.0,1272
1,     86979,24974,        5036406632,0.0,0.0
1,     86981,24975,        5036606632,0.0,0.0
1,     86983,24976,        5036806632,0.0,0.0
0,     86985,0,        5036901912,0.0,4601
1,     86987,24977,        5037006636,0.0,0.0
0,     86989,0,        5037096871,0.0,5583
1,     86991,24978,        5037206636,0.0,0.0
1,     86993,24979,        5037406636,0.0,0.0
1,     86995,24980,        5037606640,0.0,0.0
1,     86997,24981,        5037806640,0.0,0.0
0,     86999,0,        5037840865,0.0,494
1,     87001,24982,        5038006640,0.0,0.0
1,     87003,24983,        5038206644,0.0,0.0
0,     87005,0,        5038228895,0.0,3200
1,     87007,24984,        5038406644,0.0,0.0
1,     87009,24985,        5038606644,0.0,0.0
1,     87011,24986,        5038806644,0.0,0.0
1,     87013,24987,        5039006648,0.0,0.0
1,     87015,24988,        5039206648,0.0,0.0
1,     87017,24989,        5039406648,0.0,0.0
1,     87019,24990,        5039606652,0.0,0.0
1,     87021,24991,        5039806652,0.0,0.0
1,     87023,24992,        5040006652,0.0,0.0
1,     87025,24993,        5040206652,0.0,0.0
0,     87027,0,        5040398584,0.0,3250
1,     87029,24994,        5040406656,0.0,0.0
1,     87031,24995,        5040606656,0.0,0.0
1,     87033,24996,        5040806656,0.0,0.0
1,     87035,24997,        5041006660,0.0,0.0
0,     87037,0,        5041017815,0.0,3356
0,     87039,0,        5041086012,0.0,5265
1,     87041,24998,        5041206660,0.0,0.0
1,     87043,24999,        5041406660,0.0,0.0
0,     87045,0,        5041549984,0.0,4139
1,     87047,25000,        5041606664,0.0,0.0
0,     87049,0,        5041764193,0.0,3219
1,     87051,25001,        5041806664,0.0,0.0
1,     87053,25002,        5042006664,0.0,0.0
0,     87055,0,        5042011292,0.0,4492
0,     87057,0,        5042053689,0.0,3333
1,     87059,25003,        5042206664,0.0,0.0
1,     87061,25004,        5042406668,0.0,0.0
0,     87063,0,        5042455282,0.0,1294
1,     87065,25005,        5042606668,0.0,0.0
0,     87067,0,        5042711966,0.0,3054
1,     87069,25006,        5042806668,0.0,0.0
0,     87071,0,        5042928343,0.0,3483
1,     87073,25007,        5043006672,0.0,0.0
0,     87075,0,        5043021709,0.0,154
0,     87077,0,        5043030423,0.0,6097
1,     87079,25008,        5043206672,0.0,0.0
1,     87081,25009,        5043406672,0.0,0.0
0,     87083,0,        5043482585,0.0,2236
1,     87085,25010,        5043606676,0.0,0.0
1,     87087,25011,        5043806676,0.0,0.0
0,     87089,0,        5043995329,0.0,4963
1,     87091,25012,        5044006676,0.0,0.0
1,     87093,25013,        5044206676,0.0,0.0
1,     87095,25014,        5044406680,0.0,0.0
0,     87097,0,        5044443839,0.0,6203
1,     87099,25015,        5044606680,0.0,0.0
1,     87101,25016,        5044806680,0.0,0.0
0,     87103,0,        5044918085,0.0,1862
1,     87105,25017,        5045006684,0.0,0.0
0,     87107,0,        5045022903,0.0,3795
1,     87109,25018,        5045206684,0.0,0.0
0,     87111,0,        5045271279,0.0,3136
1,     87113,25019,        5045406684,0.0,0.0
0,     87115,0,        5045478676,0.0,5588
1,     87117,25020,        5045606688,0.0,0.0
1,     87119,25021,        5045806688,0.0,0.0
0,     87121,0,        5045812539,0.0,2741
1,     87123,25022,        5046006688,0.0,0.0
1,     87125,25023,        5046206688,0.0,0.0
0,     87127,0,        5046241936,0.0,6159
0,     87129,0,        5046280710,0.0,3736
0,     87131,0,        5046302472,0.0,3158
1,     87133,25024,        5046406692,0.0,0.0
1,     87135,25025,        5046606692,0.0,0.0
1,     87137,25026,        5046806692,0.0,0.0
0,     87139,0,        5046909814,0.0,1832
0,     87141,0,        5046978992,0.0,5006
1,     87143,25027,        5047006696,0.0,0.0
0,     87145,0,        5047106515,0.0,4030
1,     87147,25028,        5047206696,0.0,0.0
0,     87149,0,        5047266770,0.0,3168
1,     87151,25029,        5047406696,0.0,0.0
0,     87153,0,        5047512007,0.0,5671
1,     87155,25030,        5047606696,0.0,0.0
0,     87157,0,        5047724926,0.0,4568
1,     87159,25031,        5047806700,0.0,0.0
0,     87161,0,        5047941833,0.0,2404
1,     87163,25032,        5048006700,0.0,0.0
0,     87165,0,        5048019783,0.0,296
0,     87167,0,        5048146605,0.0,221
1,     87169,25033,        5048206700,0.0,0.0
0,     87171,0,        5048208584,0.0,2351
0,     87173,0,        5048342166,0.0,3338
1,     87175,25034,        5048406704,0.0,0.0
0,     87177,0,        5048435965,0.0,6207
1,     87179,25035,        5048606704,0.0,0.0
1,     87181,25036,        5048806704,0.0,0.0
0,     87183,0,        5048836777,0.0,4724
1,     87185,25037,        5049006708,0.0,0.0
0,     87187,0,        5049023312,0.0,1898
0,     87189,0,        5049051427,0.0,1548
1,     87191,25038,        5049206708,0.0,0.0
1,     87193,25039,        5049406708,0.0,0.0
0,     87195,0,        5049510677,0.0,1965
1,     87197,25040,        5049606708,0.0,0.0
0,     87199,0,        5049727276,0.0,2549
1,     87201,25041,        5049806712,0.0,0.0
0,     87203,0,        5049901895,0.0,4985
1,     87205,25042,        5050006712,0.0,0.0
1,     87207,25043,        5050206712,0.0,0.0
0,     87209,0,        5050207307,0.0,787
1,     87211,25044,        5050406716,0.0,0.0
0,     87213,0,        5050460429,0.0,3422
0,     87215,0,        5050544498,0.0,5174
0,     87217,0,        5050554773,0.0,3987
1,     87219,25045,        5050606716,0.0,0.0
1,     87221,25046,        5050806716,0.0,0.0
0,     87223,0,        5050946061,0.0,756
0,     87225,0,        5050966027,0.0,4870
1,     87227,25047,        5051006720,0.0,0.0
0,     87229,0,        5051182629,0.0,2728
1,     87231,25048,        5051206720,0.0,0.0
1,     87233,25049,        5051406720,0.0,0.0
0,     87235,0,        5051483101,0.0,6166
1,     87237,25050,        5051606720,0.0,0.0
1,     87239,25051,        5051806724,0.0,0.0
1,     87241,25052,        5052006724,0.0,0.0
0,     87243,0,        5052204101,0.0,5886
1,     87245,25053,        5052206724,0.0,0.0
1,     87247,25054,        5052406728,0.0,0.0
0,     87249,0,        5052495494,0.0,3791
0,     87251,0,        5052556433,0.0,2185
1,     87253,25055,        5052606728,0.0,0.0
1,     87255,25056,        5052806728,0.0,0.0
1,     87257,25057,        5053006732,0.0,0.0
1,     87259,25058,        5053206732,0.0,0.0
1,     87261,25059,        5053406732,0.0,0.0
0,     87263,0,        5053408374,0.0,4980
0,     87265,0,        5053473863,0.0,2689
0,     87267,0,        5053475106,0.0,970
1,     87269,25060,        5053606732,0.0,0.0
0,     87271,0,        5053640710,0.0,84
1,     87273,25061,        5053806736,0.0,0.0
1,     87275,25062,        5054006736,0.0,0.0
1,     87277,25063,        5054206736,0.0,0.0
1,     87279,25064,        5054406740,0.0,0.0
1,     87281,25065,        5054606740,0.0,0.0
0,     87283,0,        5054653548,0.0,4171
0,     87285,0,        5054665443,0.0,4784
1,     87287,25066,        5054806740,0.0,0.0
0,     87289,0,        5055006358,0.0,5209
1,     87291,25067,        5055006740,0.0,0.0
0,     87293,0,        5055111057,0.0,4493
1,     87295,25068,        5055206744,0.0,0.0
0,     87297,0,        5055296871,0.0,2606
1,     87299,25069,        5055406744,0.0,0.0
1,     87301,25070,        5055606744,0.0,0.0
0,     87303,0,        5055690102,0.0,3279
0,     87305,0,        5055736380,0.0,4735
1,     87307,25071,        5055806748,0.0,0.0
1,     87309,25072,        5056006748,0.0,0.0
1,     87311,25073,        5056206748,0.0,0.0
1,     87313,25074,        5056406752,0.0,0.0
1,     87315,25075,        5056606752,0.0,0.0
1,     87317,25076,        5056806752,0.0,0.0
1,     87319,25077,        5057006752,0.0,0.0
1,     87321,25078,        5057206756,0.0,0.0
0,     87323,0,        5057323984,0.0,637
0,     87325,0,        5057326218,0.0,3424
1,     87327,25079,        5057406756,0.0,0.0
0,     87329,0,        5057452882,0.0,2030
1,     87331,25080,        5057606756,0.0,0.0
0,     87333,0,        5057736668,0.0,1147
0,     87335,0,        5057749295,0.0,4179
1,     87337,25081,        5057806760,0.0,0.0
1,     87339,25082,        5058006760,0.0,0.0
0,     87341,0,        5058158452,0.0,18
1,     87343,25083,        5058206760,0.0,0.0
1,     87345,25084,        5058406764,0.0,0.0
1,     87347,25085,        5058606764,0.0,0.0
0,     87349,0,        5058680841,0.0,547
0,     87350,0,        5058681197,0.0,5912
1,     87352,25086,        5058806764,0.0,0.0
0,     87354,0,        5058979442,0.0,5808
1,     87356,25087,        5059006764,0.0,0.0
0,     87358,0,        5059116353,0.0,359
1,     87360,25088,        5059206768,0.0,0.0
1,     87362,25089,        5059406768,0.0,0.0
1,     87364,25090,        5059606768,0.0,0.0
0,     87366,0,        5059797658,0.0,3358
0,     87368,0,        5059798036,0.0,3079
0,     87369,0,        5059798901,0.0,2190
1,     87371,25091,        5059806772,0.0,0.0
0,     87373,0,        5059967266,0.0,2801
1,     87375,25092,        5060006772,0.0,0.0
0,     87377,0,        5060040009,0.0,5142
0,     87378,0,        5060040012,0.0,396
0,     87380,0,        5060091349,0.0,1636
1,     87382,25093,        5060206772,0.0,0.0
1,     87384,25094,        5060406776,0.0,0.0
0,     87386,0,        5060540701,0.0,2803
1,     87388,25095,        5060606776,0.0,0.0
1,     87390,25096,        5060806776,0.0,0.0
0,     87392,0,        5060905450,0.0,3958
1,     87394,25097,        5061006776,0.0,0.0
0,     87396,0,        5061194899,0.0,2111
1,     87398,25098,        5061206780,0.0,0.0
1,     87400,25099,        5061406780,0.0,0.0
0,     87402,0,        5061519379,0.0,3098
1,     87404,25100,        5061606780,0.0,0.0
0,     87406,0,        5061642276,0.0,5865
1,     87408,25101,        5061806784,0.0,0.0
1,     87410,25102,        5062006784,0.0,0.0
0,     87412,0,        5062031000,0.0,4630
1,     87414,25103,        5062206784,0.0,0.0
1,     87416,25104,        5062406788,0.0,0.0
0,     87418,0,        5062496601,0.0,5541
1,     87420,25105,        5062606788,0.0,0.0
0,     87422,0,        5062654343,0.0,2841
1,     87424,25106,        5062806788,0.0,0.0
0,     87426,0,        5062823970,0.0,2019
0,     87428,0,        5062985930,0.0,4572
1,     87430,25107,        5063006788,0.0,0.0
1,     87432,25108,        5063206792,0.0,0.0
0,     87434,0,        5063379099,0.0,2505
1,     87436,25109,        5063406792,0.0,0.0
0,     87438,0,        5063411495,0.0,5187
1,     87440,25110,        5063606792,0.0,0.0
0,     87442,0,        5063643456,0.0,3023
1,     87444,25111,        5063806796,0.0,0.0
0,     87446,0,        5063975431,0.0,1399
0,     87448,0,        5063982756,0.0,433
1,     87450,25112,        5064006796,0.0,0.0
1,     87452,25113,        5064206796,0.0,0.0
0,     87454,0,        5064331248,0.0,1727
1,     87456,25114,        5064406800,0.0,0.0
0,     87458,0,        5064489596,0.0,3241
1,     87460,25115,        5064606800,0.0,0.0
0,     87462,0,        5064717656,0.0,3448
1,     87464,25116,        5064806800,0.0,0.0
0,     87466,0,        5064809802,0.0,168
1,     87468,25117,        5065006800,0.0,0.0
0,     87470,0,        5065018243,0.0,4456
1,     87472,25118,        5065206804,0.0,0.0
1,     87474,25119,        5065406804,0.0,0.0
1,     87476,25120,        5065606804,0.0,0.0
0,     87478,0,        5065636717,0.0,3835
0,     87480,0,        5065675954,0.0,2816
1,     87482,25121,        5065806808,0.0,0.0
0,     87484,0,        5065981998,0.0,6167
0,     87486,0,        5066001616,0.0,3080
1,     87488,25122,        5066006808,0.0,0.0
1,     87490,25123,        5066206808,0.0,0.0
1,     87492,25124,        5066406808,0.0,0.0
1,     87494,25125,        5066606812,0.0,0.0
1,     87496,25126,        5066806812,0.0,0.0
0,     87498,0,        5066822232,0.0,1144
1,     87500,25127,        5067006812,0.0,0.0
1,     87502,25128,        5067206816,0.0,0.0
1,     87504,25129,        5067406816,0.0,0.0
1,     87506,25130,        5067606816,0.0,0.0
1,     87508,25131,        5067806820,0.0,0.0
0,     87510,0,        5067926435,0.0,5375
1,     87512,25132,        5068006820,0.0,0.0
1,     87514,25133,        5068206820,0.0,0.0
1,     87516,25134,        5068406820,0.0,0.0
1,     87518,25135,        5068606824,0.0,0.0
0,     87520,0,        5068720572,0.0,5465
0,     87522,0,        5068728643,0.0,4009
1,     87524,25136,        5068806824,0.0,0.0
1,     87526,25137,        5069006824,0.0,0.0
0,     87528,0,        5069121689,0.0,200
0,     87530,0,        5069203110,0.0,5115
1,     87532,25138,        5069206828,0.0,0.0
0,     87534,0,        5069241162,0.0,5701
1,     87536,25139,        5069406828,0.0,0.0
1,     87538,25140,        5069606828,0.0,0.0
0,     87540,0,        5069640423,0.0,1803
0,     87542,0,        5069653175,0.0,2768
0,     87544,0,        5069677474,0.0,3992
0,     87546,0,        5069763568,0.0,1125
1,     87548,25141,        5069806832,0.0,0.0
0,     87550,0,        5069907825,0.0,1969
1,     87552,25142,        5070006832,0.0,0.0
1,     87554,25143,        5070206832,0.0,0.0
0,     87556,0,        5070399015,0.0,1107
1,     87558,25144,        5070406832,0.0,0.0
0,     87560,0,        5070522502,0.0,1655
0,     87562,0,        5070550329,0.0,4588
1,     87564,25145,        5070606836,0.0,0.0
1,     87566,25146,        5070806836,0.0,0.0
0,     87568,0,        5070884097,0.0,2802
1,     87570,25147,        5071006836,0.0,0.0
0,     87572,0,        5071166428,0.0,3163
1,     87574,25148,        5071206840,0.0,0.0
1,     87576,25149,        5071406840,0.0,0.0
0,     87578,0,        5071498912,0.0,241
0,     87580,0,        5071518538,0.0,1131
1,     87582,25150,        5071606840,0.0,0.0
0,     87584,0,        5071612413,0.0,6202
1,     87586,25151,        5071806840,0.0,0.0
0,     87588,0,        5071810185,0.0,125
0,     87590,0,        5071917679,0.0,3541
1,     87592,25152,        5072006844,0.0,0.0
1,     87594,25153,        5072206844,0.0,0.0
0,     87596,0,        5072374233,0.0,555
1,     87598,25154,        5072406844,0.0,0.0
0,     87600,0,        5072487642,0.0,3942
1,     87602,25155,        5072606848,0.0,0.0
1,     87604,25156,        5072806848,0.0,0.0
1,     87606,25157,        5073006848,0.0,0.0
1,     87608,25158,        5073206852,0.0,0.0
1,     87610,25159,        5073406852,0.0,0.0
0,     87612,0,        5073567372,0.0,4869
1,     87614,25160,        5073606852,0.0,0.0
0,     87616,0,        5073666649,0.0,1778
1,     87618,25161,        5073806852,0.0,0.0
0,     87620,0,        5073890003,0.0,1057
1,     87622,25162,        5074006856,0.0,0.0
0,     87624,0,        5074138662,0.0,1826
1,     87626,25163,        5074206856,0.0,0.0
1,     87628,25164,        5074406856,0.0,0.0
1,     87630,25165,        5074606860,0.0,0.0
0,     87632,0,        5074609189,0.0,887
1,     87634,25166,        5074806860,0.0,0.0
0,     87636,0,        5075006458,0.0,6232
1,     87638,25167,        5075006860,0.0,0.0
0,     87640,0,        5075065495,0.0,1043
1,     87642,25168,        5075206864,0.0,0.0
0,     87643,0,        5075207098,0.0,2892
1,     87645,25169,        5075406864,0.0,0.0
0,     87647,0,        5075521524,0.0,1876
1,     87649,25170,        5075606864,0.0,0.0
0,     87651,0,        5075709870,0.0,4135
0,     87653,0,        5075791854,0.0,869
0,     87655,0,        5075796863,0.0,2406
1,     87657,25171,        5075806864,0.0,0.0
0,     87659,0,        5075964280,0.0,3517
1,     87661,25172,        5076006868,0.0,0.0
0,     87663,0,        5076103787,0.0,4654
0,     87665,0,        5076104264,0.0,365
0,     87667,0,        5076122356,0.0,5745
0,     87669,0,        5076123225,0.0,6169
1,     87671,25173,        5076206868,0.0,0.0
0,     87673,0,        5076289376,0.0,1931
1,     87675,25174,        5076406868,0.0,0.0
1,     87677,25175,        5076606872,0.0,0.0
0,     87679,0,        5076706212,0.0,5239
1,     87681,25176,        5076806872,0.0,0.0
1,     87683,25177,        5077006872,0.0,0.0
1,     87685,25178,        5077206876,0.0,0.0
0,     87687,0,        5077394826,0.0,1028
0,     87688,0,        5077394903,0.0,4626
1,     87690,25179,        5077406876,0.0,0.0
1,     87692,25180,        5077606876,0.0,0.0
1,     87694,25181,        5077806876,0.0,0.0
1,     87696,25182,        5078006880,0.0,0.0
0,     87698,0,        5078060189,0.0,3917
1,     87700,25183,        5078206880,0.0,0.0
0,     87702,0,        5078304460,0.0,1351
1,     87704,25184,        5078406880,0.0,0.0
1,     87706,25185,        5078606884,0.0,0.0
0,     87708,0,        5078675465,0.0,5268
1,     87710,25186,        5078806884,0.0,0.0
0,     87712,0,        5078823140,0.0,5832
1,     87714,25187,        5079006884,0.0,0.0
1,     87716,25188,        5079206884,0.0,0.0
0,     87718,0,        5079367838,0.0,1751
1,     87720,25189,        5079406888,0.0,0.0
1,     87722,25190,        5079606888,0.0,0.0
1,     87724,25191,        5079806888,0.0,0.0
1,     87726,25192,        5080006892,0.0,0.0
1,     87728,25193,        5080206892,0.0,0.0
0,     87730,0,        5080235454,0.0,5315
0,     87732,0,        5080363877,0.0,4943
1,     87734,25194,        5080406892,0.0,0.0
1,     87736,25195,        5080606896,0.0,0.0
0,     87738,0,        5080674183,0.0,5565
1,     87740,25196,        5080806896,0.0,0.0
1,     87742,25197,        5081006896,0.0,0.0
1,     87744,25198,        5081206896,0.0,0.0
1,     87746,25199,        5081406900,0.0,0.0
1,     87748,25200,        5081606900,0.0,0.0
1,     87750,25201,        5081806900,0.0,0.0
0,     87752,0,        5081961071,0.0,1303
1,     87754,25202,        5082006904,0.0,0.0
1,     87756,25203,        5082206904,0.0,0.0
0,     87758,0,        5082326251,0.0,2846
1,     87760,25204,        5082406904,0.0,0.0
1,     87762,25205,        5082606908,0.0,0.0
1,     87764,25206,        5082806908,0.0,0.0
0,     87766,0,        5082823461,0.0,4353
0,     87768,0,        5082836454,0.0,5341
0,     87770,0,        5082954739,0.0,176
1,     87772,25207,        5083006908,0.0,0.0
1,     87774,25208,        5083206908,0.0,0.0
1,     87776,25209,        5083406912,0.0,0.0
0,     87778,0,        5083525349,0.0,654
1,     87780,25210,        5083606912,0.0,0.0
1,     87782,25211,        5083806912,0.0,0.0
0,     87784,0,        5083981545,0.0,3216
1,     87786,25212,        5084006916,0.0,0.0
1,     87788,25213,        5084206916,0.0,0.0
1,     87790,25214,        5084406916,0.0,0.0
1,     87792,25215,        5084606920,0.0,0.0
1,     87794,25216,        5084806920,0.0,0.0
1,     87796,25217,        5085006920,0.0,0.0
0,     87798,0,        5085152055,0.0,5335
1,     87800,25218,        5085206920,0.0,0.0
1,     87802,25219,        5085406924,0.0,0.0
0,     87804,0,        5085515309,0.0,4938
1,     87806,25220,        5085606924,0.0,0.0
0,     87808,0,        5085642453,0.0,2856
0,     87810,0,        5085753528,0.0,1864
0,     87812,0,        5085770390,0.0,2699
0,     87814,0,        5085792701,0.0,5109
1,     87816,25221,        5085806924,0.0,0.0
1,     87818,25222,        5086006928,0.0,0.0
1,     87820,25223,        5086206928,0.0,0.0
1,     87822,25224,        5086406928,0.0,0.0
0,     87824,0,        5086470932,0.0,4645
0,     87825,0,        5086471054,0.0,1378
1,     87827,25225,        5086606928,0.0,0.0
1,     87829,25226,        5086806932,0.0,0.0
0,     87831,0,        5086856580,0.0,5075
1,     87833,25227,        5087006932,0.0,0.0
1,     87835,25228,        5087206932,0.0,0.0
0,     87837,0,        5087235501,0.0,964
0,     87839,0,        5087270658,0.0,4906
1,     87841,25229,        5087406936,0.0,0.0
1,     87843,25230,        5087606936,0.0,0.0
0,     87845,0,        5087665492,0.0,6141
0,     87847,0,        5087715270,0.0,1777
1,     87849,25231,        5087806936,0.0,0.0
0,     87851,0,        5087877815,0.0,4110
1,     87853,25232,        5088006940,0.0,0.0
1,     87855,25233,        5088206940,0.0,0.0
0,     87857,0,        5088218193,0.0,1332
1,     87859,25234,        5088406940,0.0,0.0
0,     87861,0,        5088433369,0.0,2088
1,     87863,25235,        5088606940,0.0,0.0
1,     87865,25236,        5088806944,0.0,0.0
1,     87867,25237,        5089006944,0.0,0.0
1,     87869,25238,        5089206944,0.0,0.0
0,     87871,0,        5089354187,0.0,5809
0,     87873,0,        5089387018,0.0,5602
1,     87875,25239,        5089406948,0.0,0.0
0,     87877,0,        5089495289,0.0,3825
1,     87879,25240,        5089606948,0.0,0.0
0,     87881,0,        5089646722,0.0,2788
1,     87883,25241,        5089806948,0.0,0.0
1,     87885,25242,        5090006952,0.0,0.0
1,     87887,25243,        5090206952,0.0,0.0
1,     87889,25244,        5090406952,0.0,0.0
1,     87891,25245,        5090606952,0.0,0.0
0,     87893,0,        5090788589,0.0,5472
1,     87895,25246,        5090806956,0.0,0.0
1,     87897,25247,        5091006956,0.0,0.0
0,     87899,0,        5091143839,0.0,5147
1,     87901,25248,        5091206956,0.0,0.0
0,     87903,0,        5091240298,0.0,1250
1,     87905,25249,        5091406960,0.0,0.0
0,     87907,0,        5091454816,0.0,4475
0,     87909,0,        5091590125,0.0,2782
1,     87911,25250,        5091606960,0.0,0.0
1,     87913,25251,        5091806960,0.0,0.0
1,     87915,25252,        5092006964,0.0,0.0
1,     87917,25253,        5092206964,0.0,0.0
1,     87919,25254,        5092406964,0.0,0.0
0,     87921,0,        5092427266,0.0,148
1,     87923,25255,        5092606964,0.0,0.0
1,     87925,25256,        5092806968,0.0,0.0
0,     87927,0,        5092962755,0.0,423
1,     87929,25257,        5093006968,0.0,0.0
1,     87931,25258,        5093206968,0.0,0.0
1,     87933,25259,        5093406972,0.0,0.0
0,     87935,0,        5093547934,0.0,6106
1,     87937,25260,        5093606972,0.0,0.0
0,     87939,0,        5093663424,0.0,1075
0,     87941,0,        5093687431,0.0,4128
1,     87943,25261,        5093806972,0.0,0.0
1,     87945,25262,        5094006976,0.0,0.0
1,     87947,25263,        5094206976,0.0,0.0
1,     87949,25264,        5094406976,0.0,0.0
1,     87951,25265,        5094606976,0.0,0.0
0,     87953,0,        5094730346,0.0,4643
1,     87955,25266,        5094806980,0.0,0.0
0,     87957,0,        5094878100,0.0,3338
0,     87959,0,        5094959993,0.0,2317
1,     87961,25267,        5095006980,0.0,0.0
0,     87963,0,        5095041888,0.0,2647
1,     87965,25268,        5095206980,0.0,0.0
0,     87967,0,        5095264943,0.0,4529
1,     87969,25269,        5095406984,0.0,0.0
1,     87971,25270,        5095606984,0.0,0.0
1,     87973,25271,        5095806984,0.0,0.0
0,     87975,0,        5095815581,0.0,1305
0,     87976,0,        5095815587,0.0,5645
0,     87978,0,        5096004123,0.0,576
1,     87980,25272,        5096006984,0.0,0.0
1,     87982,25273,        5096206988,0.0,0.0
1,     87984,25274,        5096406988,0.0,0.0
1,     87986,25275,        5096606988,0.0,0.0
1,     87988,25276,        5096806992,0.0,0.0
1,     87990,25277,        5097006992,0.0,0.0
0,     87992,0,        5097019400,0.0,4885
0,     87994,0,        5097081167,0.0,4066
1,     87996,25278,        5097206992,0.0,0.0
1,     87998,25279,        5097406996,0.0,0.0
1,     88000,25280,        5097606996,0.0,0.0
0,     88002,0,        5097663686,0.0,2198
0,     88004,0,        5097708965,0.0,5324
1,     88006,25281,        5097806996,0.0,0.0
1,     88008,25282,        5098006996,0.0,0.0
0,     88010,0,        5098153742,0.0,278
1,     88012,25283,        5098207000,0.0,0.0
1,     88014,25284,        5098407000,0.0,0.0
1,     88016,25285,        5098607000,0.0,0.0
1,     88018,25286,        5098807004,0.0,0.0
0,     88020,0,        5098904536,0.0,1033
1,     88022,25287,        5099007004,0.0,0.0
1,     88024,25288,        5099207004,0.0,0.0
1,     88026,25289,        5099407008,0.0,0.0
0,     88028,0,        5099526109,0.0,3963
1,     88030,25290,        5099607008,0.0,0.0
1,     88032,25291,        5099807008,0.0,0.0
0,     88034,0,        5099875694,0.0,1788
1,     88036,25292,        5100007008,0.0,0.0
0,     88038,0,        5100025593,0.0,3471
0,     88040,0,        5100042044,0.0,3453
1,     88042,25293,        5100207012,0.0,0.0
1,     88044,25294,        5100407012,0.0,0.0
1,     88046,25295,        5100607012,0.0,0.0
0,     88048,0,        5100722111,0.0,3264
0,     88050,0,        5100730450,0.0,2547
1,     88052,25296,        5100807016,0.0,0.0
1,     88054,25297,        5101007016,0.0,0.0
0,     88056,0,        5101063116,0.0,4323
1,     88058,25298,        5101207016,0.0,0.0
1,     88060,25299,        5101407020,0.0,0.0
1,     88062,25300,        5101607020,0.0,0.0
1,     88064,25301,        5101807020,0.0,0.0
0,     88066,0,        5101874875,0.0,2668
0,     88068,0,        5101889546,0.0,1148
1,     88070,25302,        5102007020,0.0,0.0
1,     88072,25303,        5102207024,0.0,0.0
0,     88074,0,        5102266529,0.0,5926
1,     88076,25304,        5102407024,0.0,0.0
0,     88078,0,        5102546398,0.0,416
1,     88080,25305,        5102607024,0.0,0.0
1,     88082,25306,        5102807028,0.0,0.0
0,     88084,0,        5102816468,0.0,2233
0,     88086,0,        5102859856,0.0,4342
0,     88088,0,        5102973968,0.0,5901
0,     88090,0,        5102978242,0.0,2413
1,     88092,25307,        5103007028,0.0,0.0
1,     88094,25308,        5103207028,0.0,0.0
0,     88096,0,        5103288871,0.0,2540
1,     88098,25309,        5103407032,0.0,0.0
1,     88100,25310,        5103607032,0.0,0.0
1,     88102,25311,        5103807032,0.0,0.0
0,     88104,0,        5103839094,0.0,738
0,     88106,0,        5103945586,0.0,1787
0,     88108,0,        5104006938,0.0,2659
1,     88109,25312,        5104007032,0.0,0.0
1,     88111,25313,        5104207036,0.0,0.0
1,     88113,25314,        5104407036,0.0,0.0
1,     88115,25315,        5104607036,0.0,0.0
0,     88117,0,        5104677922,0.0,721
0,     88119,0,        5104697486,0.0,92
1,     88121,25316,        5104807040,0.0,0.0
1,     88123,25317,        5105007040,0.0,0.0
0,     88125,0,        5105186999,0.0,5994
1,     88127,25318,        5105207040,0.0,0.0
0,     88129,0,        5105253634,0.0,5993
0,     88131,0,        5105365132,0.0,6211
1,     88133,25319,        5105407040,0.0,0.0
0,     88135,0,        5105421646,0.0,3176
1,     88137,25320,        5105607044,0.0,0.0
0,     88139,0,        5105631912,0.0,4764
1,     88141,25321,        5105807044,0.0,0.0
0,     88143,0,        5105907635,0.0,210
1,     88145,25322,        5106007044,0.0,0.0
1,     88147,25323,        5106207048,0.0,0.0
1,     88149,25324,        5106407048,0.0,0.0
0,     88151,0,        5106519539,0.0,3250
0,     88153,0,        5106529970,0.0,4079
1,     88155,25325,        5106607048,0.0,0.0
1,     88157,25326,        5106807052,0.0,0.0
1,     88159,25327,        5107007052,0.0,0.0
1,     88161,25328,        5107207052,0.0,0.0
0,     88163,0,        5107254350,0.0,4597
0,     88165,0,        5107305312,0.0,4851
1,     88167,25329,        5107407052,0.0,0.0
0,     88169,0,        5107576667,0.0,480
1,     88171,25330,        5107607056,0.0,0.0
1,     88173,25331,        5107807056,0.0,0.0
0,     88175,0,        5107891079,0.0,4737
0,     88176,0,        5107891082,0.0,6184
1,     88178,25332,        5108007056,0.0,0.0
0,     88180,0,        5108044969,0.0,92
1,     88182,25333,        5108207060,0.0,0.0
0,     88184,0,        5108303756,0.0,2653
1,     88186,25334,        5108407060,0.0,0.0
1,     88188,25335,        5108607060,0.0,0.0
0,     88190,0,        5108736169,0.0,4970
1,     88192,25336,        5108807064,0.0,0.0
0,     88194,0,        5108814851,0.0,3858
0,     88196,0,        5108867526,0.0,3011
1,     88198,25337,        5109007064,0.0,0.0
0,     88200,0,        5109162797,0.0,2763
1,     88202,25338,        5109207064,0.0,0.0
1,     88204,25339,        5109407064,0.0,0.0
1,     88206,25340,        5109607068,0.0,0.0
1,     88208,25341,        5109807068,0.0,0.0
0,     88210,0,        5109828087,0.0,3380
1,     88212,25342,        5110007068,0.0,0.0
1,     88214,25343,        5110207072,0.0,0.0
1,     88216,25344,        5110407072,0.0,0.0
1,     88218,25345,        5110607072,0.0,0.0
1,     88220,25346,        5110807076,0.0,0.0
1,     88222,25347,        5111007076,0.0,0.0
1,     88224,25348,        5111207076,0.0,0.0
1,     88226,25349,        5111407076,0.0,0.0
0,     88228,0,        5111552943,0.0,2473
1,     88230,25350,        5111607080,0.0,0.0
1,     88232,25351,        5111807080,0.0,0.0
1,     88234,25352,        5112007080,0.0,0.0
0,     88236,0,        5112079111,0.0,3591
1,     88238,25353,        5112207084,0.0,0.0
1,     88240,25354,        5112407084,0.0,0.0
0,     88242,0,        5112481070,0.0,4619
0,     88244,0,        5112508254,0.0,2307
1,     88246,25355,        5112607084,0.0,0.0
0,     88248,0,        5112663768,0.0,1565
0,     88250,0,        5112665279,0.0,467
1,     88252,25356,        5112807084,0.0,0.0
1,     88254,25357,        5113007088,0.0,0.0
0,     88256,0,        5113017748,0.0,5108
0,     88258,0,        5113167737,0.0,2412
0,     88260,0,        5113189750,0.0,5911
1,     88262,25358,        5113207088,0.0,0.0
1,     88264,25359,        5113407088,0.0,0.0
1,     88266,25360,        5113607092,0.0,0.0
0,     88268,0,        5113757390,0.0,5138
0,     88270,0,        5113801060,0.0,1841
1,     88272,25361,        5113807092,0.0,0.0
1,     88274,25362,        5114007092,0.0,0.0
0,     88276,0,        5114033430,0.0,4393
0,     88278,0,        5114037825,0.0,4423
1,     88280,25363,        5114207096,0.0,0.0
0,     88282,0,        5114330725,0.0,1324
1,     88284,25364,        5114407096,0.0,0.0
1,     88286,25365,        5114607096,0.0,0.0
0,     88288,0,        5114628414,0.0,4194
1,     88290,25366,        5114807096,0.0,0.0
0,     88292,0,        5114930353,0.0,502
1,     88294,25367,        5115007100,0.0,0.0
1,     88296,25368,        5115207100,0.0,0.0
0,     88298,0,        5115323193,0.0,1344
1,     88300,25369,        5115407100,0.0,0.0
1,     88302,25370,        5115607104,0.0,0.0
1,     88304,25371,        5115807104,0.0,0.0
0,     88306,0,        5115812180,0.0,1375
0,     88308,0,        5115938452,0.0,5845
1,     88310,25372,        5116007104,0.0,0.0
1,     88312,25373,        5116207108,0.0,0.0
1,     88314,25374,        5116407108,0.0,0.0
0,     88316,0,        5116473725,0.0,1775
1,     88318,25375,        5116607108,0.0,0.0
1,     88320,25376,        5116807108,0.0,0.0
0,     88322,0,        5116871396,0.0,2062
1,     88324,25377,        5117007112,0.0,0.0
1,     88326,25378,        5117207112,0.0,0.0
0,     88328,0,        5117242634,0.0,5329
0,     88330,0,        5117284523,0.0,5335
1,     88332,25379,        5117407112,0.0,0.0
0,     88334,0,        5117415992,0.0,3433
1,     88336,25380,        5117607116,0.0,0.0
0,     88338,0,        5117712323,0.0,3528
1,     88340,25381,        5117807116,0.0,0.0
1,     88342,25382,        5118007116,0.0,0.0
0,     88344,0,        5118068155,0.0,4744
0,     88346,0,        5118201838,0.0,416
1,     88348,25383,        5118207120,0.0,0.0
0,     88350,0,        5118223124,0.0,389
1,     88352,25384,        5118407120,0.0,0.0
1,     88354,25385,        5118607120,0.0,0.0
0,     88356,0,        5118723748,0.0,4729
1,     88358,25386,        5118807120,0.0,0.0
1,     88360,25387,        5119007124,0.0,0.0
0,     88362,0,        5119191008,0.0,4543
1,     88364,25388,        5119207124,0.0,0.0
1,     88366,25389,        5119407124,0.0,0.0
0,     88368,0,        5119506774,0.0,2618
0,     88370,0,        5119571399,0.0,1787
1,     88372,25390,        5119607128,0.0,0.0
1,     88374,25391,        5119807128,0.0,0.0
1,     88376,25392,        5120007128,0.0,0.0
1,     88378,25393,        5120207128,0.0,0.0
0,     88380,0,        5120269311,0.0,947
1,     88382,25394,        5120407132,0.0,0.0
0,     88384,0,        5120584983,0.0,1556
1,     88386,25395,        5120607132,0.0,0.0
0,     88388,0,        5120740412,0.0,1560
1,     88390,25396,        5120807132,0.0,0.0
1,     88392,25397,        5121007136,0.0,0.0
1,     88394,25398,        5121207136,0.0,0.0
1,     88396,25399,        5121407136,0.0,0.0
0,     88398,0,        5121596031,0.0,6243
1,     88400,25400,        5121607140,0.0,0.0
0,     88402,0,        5121624281,0.0,1192
1,     88404,25401,        5121807140,0.0,0.0
1,     88406,25402,        5122007140,0.0,0.0
0,     88408,0,        5122114644,0.0,4767
1,     88410,25403,        5122207140,0.0,0.0
1,     88412,25404,        5122407144,0.0,0.0
0,     88414,0,        5122523352,0.0,203
1,     88416,25405,        5122607144,0.0,0.0
1,     88418,25406,        5122807144,0.0,0.0
0,     88420,0,        5122996641,0.0,1491
1,     88422,25407,        5123007148,0.0,0.0
0,     88424,0,        5123038321,0.0,4975
1,     88426,25408,        5123207148,0.0,0.0
0,     88428,0,        5123285439,0.0,3793
0,     88430,0,        5123341470,0.0,4935
1,     88432,25409,        5123407148,0.0,0.0
0,     88434,0,        5123483289,0.0,2011
0,     88436,0,        5123584786,0.0,1891
0,     88438,0,        5123585202,0.0,5095
1,     88440,25410,        5123607152,0.0,0.0
1,     88442,25411,        5123807152,0.0,0.0
0,     88444,0,        5123916538,0.0,3689
1,     88446,25412,        5124007152,0.0,0.0
1,     88448,25413,        5124207152,0.0,0.0
1,     88450,25414,        5124407156,0.0,0.0
0,     88452,0,        5124603626,0.0,2284
1,     88454,25415,        5124607156,0.0,0.0
0,     88456,0,        5124758976,0.0,1420
1,     88458,25416,        5124807156,0.0,0.0
0,     88460,0,        5124879400,0.0,2233
1,     88462,25417,        5125007160,0.0,0.0
1,     88464,25418,        5125207160,0.0,0.0
0,     88466,0,        5125214573,0.0,5537
1,     88468,25419,        5125407160,0.0,0.0
0,     88470,0,        5125469147,0.0,2583
1,     88472,25420,        5125607164,0.0,0.0
0,     88474,0,        5125724332,0.0,4051
1,     88476,25421,        5125807164,0.0,0.0
1,     88478,25422,        5126007164,0.0,0.0
0,     88480,0,        5126085826,0.0,1633
0,     88482,0,        5126121082,0.0,4546
1,     88484,25423,        5126207164,0.0,0.0
1,     88486,25424,        5126407168,0.0,0.0
1,     88488,25425,        5126607168,0.0,0.0
1,     88490,25426,        5126807168,0.0,0.0
0,     88492,0,        5126822108,0.0,4240
1,     88494,25427,        5127007172,0.0,0.0
0,     88496,0,        5127093469,0.0,2022
1,     88498,25428,        5127207172,0.0,0.0
1,     88500,25429,        5127407172,0.0,0.0
0,     88502,0,        5127516311,0.0,5385
1,     88504,25430,        5127607172,0.0,0.0
1,     88506,25431,        5127807176,0.0,0.0
1,     88508,25432,        5128007176,0.0,0.0
1,     88510,25433,        5128207176,0.0,0.0
0,     88512,0,        5128290298,0.0,984
1,     88514,25434,        5128407180,0.0,0.0
1,     88516,25435,        5128607180,0.0,0.0
1,     88518,25436,        5128807180,0.0,0.0
1,     88520,25437,        5129007184,0.0,0.0
1,     88522,25438,        5129207184,0.0,0.0
0,     88524,0,        5129235258,0.0,5758
0,     88526,0,        5129341159,0.0,2182
0,     88527,0,        5129341371,0.0,2356
0,     88529,0,        5129369716,0.0,1781
1,     88531,25439,        5129407184,0.0,0.0
0,     88533,0,        5129499475,0.0,403
0,     88535,0,        5129499865,0.0,3743
0,     88537,0,        5129556816,0.0,841
1,     88539,25440,        5129607184,0.0,0.0
0,     88541,0,        5129757551,0.0,4855
1,     88543,25441,        5129807188,0.0,0.0
1,     88545,25442,        5130007188,0.0,0.0
0,     88547,0,        5130103382,0.0,625
1,     88549,25443,        5130207188,0.0,0.0
0,     88551,0,        5130361989,0.0,3867
1,     88553,25444,        5130407192,0.0,0.0
1,     88555,25445,        5130607192,0.0,0.0
1,     88557,25446,        5130807192,0.0,0.0
1,     88559,25447,        5131007196,0.0,0.0
0,     88561,0,        5131181253,0.0,648
1,     88563,25448,        5131207196,0.0,0.0
0,     88565,0,        5131263182,0.0,2758
1,     88567,25449,        5131407196,0.0,0.0
1,     88569,25450,        5131607196,0.0,0.0
1,     88571,25451,        5131807200,0.0,0.0
0,     88573,0,        5131865549,0.0,6110
0,     88575,0,        5131908192,0.0,3012
1,     88577,25452,        5132007200,0.0,0.0
1,     88579,25453,        5132207200,0.0,0.0
0,     88581,0,        5132386740,0.0,729
1,     88583,25454,        5132407204,0.0,0.0
1,     88585,25455,        5132607204,0.0,0.0
0,     88587,0,        5132676027,0.0,1053
1,     88589,25456,        5132807204,0.0,0.0
0,     88591,0,        5132872622,0.0,5595
1,     88593,25457,        5133007208,0.0,0.0
0,     88595,0,        5133136677,0.0,1051
1,     88597,25458,        5133207208,0.0,0.0
1,     88599,25459,        5133407208,0.0,0.0
0,     88601,0,        5133570306,0.0,1723
1,     88603,25460,        5133607208,0.0,0.0
1,     88605,25461,        5133807212,0.0,0.0
0,     88607,0,        5133940796,0.0,3557
1,     88609,25462,        5134007212,0.0,0.0
0,     88611,0,        5134187612,0.0,2229
1,     88613,25463,        5134207212,0.0,0.0
1,     88615,25464,        5134407216,0.0,0.0
0,     88617,0,        5134454078,0.0,4525
1,     88619,25465,        5134607216,0.0,0.0
1,     88621,25466,        5134807216,0.0,0.0
1,     88623,25467,        5135007216,0.0,0.0
0,     88625,0,        5135152946,0.0,4028
0,     88627,0,        5135153223,0.0,3582
1,     88629,25468,        5135207220,0.0,0.0
0,     88631,0,        5135254894,0.0,3519
1,     88633,25469,        5135407220,0.0,0.0
1,     88635,25470,        5135607220,0.0,0.0
1,     88637,25471,        5135807224,0.0,0.0
1,     88639,25472,        5136007224,0.0,0.0
1,     88641,25473,        5136207224,0.0,0.0
1,     88643,25474,        5136407228,0.0,0.0
1,     88645,25475,        5136607228,0.0,0.0
1,     88647,25476,        5136807228,0.0,0.0
0,     88649,0,        5136978505,0.0,1431
1,     88651,25477,        5137007228,0.0,0.0
1,     88653,25478,        5137207232,0.0,0.0
1,     88655,25479,        5137407232,0.0,0.0
0,     88657,0,        5137526931,0.0,1013
1,     88659,25480,        5137607232,0.0,0.0
1,     88661,25481,        5137807236,0.0,0.0
0,     88663,0,        5137813792,0.0,1071
1,     88665,25482,        5138007236,0.0,0.0
1,     88667,25483,        5138207236,0.0,0.0
1,     88669,25484,        5138407240,0.0,0.0
1,     88671,25485,        5138607240,0.0,0.0
1,     88673,25486,        5138807240,0.0,0.0
1,     88675,25487,        5139007240,0.0,0.0
0,     88677,0,        5139100734,0.0,988
1,     88679,25488,        5139207244,0.0,0.0
0,     88681,0,        5139292628,0.0,1529
1,     88683,25489,        5139407244,0.0,0.0
1,     88685,25490,        5139607244,0.0,0.0
0,     88687,0,        5139803399,0.0,2794
1,     88689,25491,        5139807248,0.0,0.0
0,     88691,0,        5139829998,0.0,1176
0,     88693,0,        5140000660,0.0,5808
1,     88695,25492,        5140007248,0.0,0.0
0,     88697,0,        5140052991,0.0,649
1,     88699,25493,        5140207248,0.0,0.0
0,     88701,0,        5140345054,0.0,5152
1,     88703,25494,        5140407252,0.0,0.0
0,     88705,0,        5140605026,0.0,1836
1,     88707,25495,        5140607252,0.0,0.0
0,     88709,0,        5140624857,0.0,5884
0,     88711,0,        5140640557,0.0,3967
1,     88713,25496,        5140807252,0.0,0.0
1,     88715,25497,        5141007252,0.0,0.0
0,     88717,0,        5141050272,0.0,1793
1,     88719,25498,        5141207256,0.0,0.0
0,     88721,0,        5141267344,0.0,5068
1,     88723,25499,        5141407256,0.0,0.0
0,     88725,0,        5141491151,0.0,3363
1,     88727,25500,        5141607256,0.0,0.0
1,     88729,25501,        5141807260,0.0,0.0
0,     88731,0,        5141988484,0.0,2042
1,     88733,25502,        5142007260,0.0,0.0
0,     88735,0,        5142178775,0.0,2072
1,     88737,25503,        5142207260,0.0,0.0
1,     88739,25504,        5142407260,0.0,0.0
0,     88741,0,        5142452733,0.0,2540
0,     88743,0,        5142498659,0.0,3944
1,     88745,25505,        5142607264,0.0,0.0
0,     88747,0,        5142652423,0.0,966
1,     88749,25506,        5142807264,0.0,0.0
0,     88751,0,        5142945130,0.0,1290
0,     88753,0,        5142981993,0.0,3445
1,     88755,25507,        5143007264,0.0,0.0
0,     88757,0,        5143053381,0.0,5522
1,     88759,25508,        5143207268,0.0,0.0
1,     88761,25509,        5143407268,0.0,0.0
1,     88763,25510,        5143607268,0.0,0.0
0,     88765,0,        5143637790,0.0,2542
0,     88767,0,        5143653715,0.0,676
1,     88769,25511,        5143807272,0.0,0.0
1,     88771,25512,        5144007272,0.0,0.0
1,     88773,25513,        5144207272,0.0,0.0
0,     88775,0,        5144261473,0.0,6154
1,     88777,25514,        5144407272,0.0,0.0
1,     88779,25515,        5144607276,0.0,0.0
0,     88781,0,        5144617761,0.0,2051
1,     88783,25516,        5144807276,0.0,0.0
0,     88785,0,        5144837206,0.0,836
1,     88787,25517,        5145007276,0.0,0.0
1,     88789,25518,        5145207280,0.0,0.0
0,     88791,0,        5145341933,0.0,1677
1,     88793,25519,        5145407280,0.0,0.0
0,     88795,0,        5145510574,0.0,3349
1,     88797,25520,        5145607280,0.0,0.0
0,     88799,0,        5145736037,0.0,1798
0,     88801,0,        5145768260,0.0,1043
1,     88803,25521,        5145807284,0.0,0.0
0,     88805,0,        5145915671,0.0,2319
1,     88807,25522,        5146007284,0.0,0.0
0,     88809,0,        5146039444,0.0,899
1,     88811,25523,        5146207284,0.0,0.0
0,     88813,0,        5146310182,0.0,3356
1,     88815,25524,        5146407284,0.0,0.0
0,     88817,0,        5146531366,0.0,549
1,     88819,25525,        5146607288,0.0,0.0
0,     88821,0,        5146679547,0.0,2670
1,     88823,25526,        5146807288,0.0,0.0
0,     88825,0,        5146825306,0.0,1364
1,     88827,25527,        5147007288,0.0,0.0
1,     88829,25528,        5147207292,0.0,0.0
1,     88831,25529,        5147407292,0.0,0.0
1,     88833,25530,        5147607292,0.0,0.0
0,     88835,0,        5147761388,0.0,2499
0,     88836,0,        5147761631,0.0,2151
1,     88838,25531,        5147807296,0.0,0.0
1,     88840,25532,        5148007296,0.0,0.0
1,     88842,25533,        5148207296,0.0,0.0
0,     88844,0,        5148400015,0.0,4551
1,     88846,25534,        5148407296,0.0,0.0
0,     88848,0,        5148408757,0.0,4061
1,     88850,25535,        5148607300,0.0,0.0
0,     88852,0,        5148698841,0.0,1195
0,     88854,0,        5148797506,0.0,2339
1,     88856,25536,        5148807300,0.0,0.0
1,     88858,25537,        5149007300,0.0,0.0
0,     88860,0,        5149024532,0.0,3763
1,     88862,25538,        5149207304,0.0,0.0
1,     88864,25539,        5149407304,0.0,0.0
1,     88866,25540,        5149607304,0.0,0.0
1,     88868,25541,        5149807308,0.0,0.0
1,     88870,25542,        5150007308,0.0,0.0
1,     88872,25543,        5150207308,0.0,0.0
1,     88874,25544,        5150407308,0.0,0.0
0,     88876,0,        5150589964,0.0,5370
1,     88878,25545,        5150607312,0.0,0.0
0,     88880,0,        5150732132,0.0,1397
1,     88882,25546,        5150807312,0.0,0.0
0,     88884,0,        5150834364,0.0,2561
1,     88886,25547,        5151007312,0.0,0.0
1,     88888,25548,        5151207316,0.0,0.0
0,     88890,0,        5151233011,0.0,823
0,     88892,0,        5151326062,0.0,2965
1,     88894,25549,        5151407316,0.0,0.0
1,     88896,25550,        5151607316,0.0,0.0
1,     88898,25551,        5151807316,0.0,0.0
0,     88900,0,        5151925290,0.0,5986
1,     88902,25552,        5152007320,0.0,0.0
1,     88904,25553,        5152207320,0.0,0.0
0,     88906,0,        5152289532,0.0,1347
1,     88908,25554,        5152407320,0.0,0.0
0,     88910,0,        5152517194,0.0,179
0,     88912,0,        5152518235,0.0,83
1,     88914,25555,        5152607324,0.0,0.0
1,     88916,25556,        5152807324,0.0,0.0
0,     88918,0,        5152818855,0.0,29
0,     88919,0,        5152819084,0.0,5187
0,     88921,0,        5152980894,0.0,2046
1,     88923,25557,        5153007324,0.0,0.0
0,     88925,0,        5153013559,0.0,5775
0,     88927,0,        5153048957,0.0,1856
0,     88929,0,        5153057912,0.0,1815
1,     88931,25558,        5153207328,0.0,0.0
1,     88933,25559,        5153407328,0.0,0.0
0,     88935,0,        5153536094,0.0,331
1,     88937,25560,        5153607328,0.0,0.0
1,     88939,25561,        5153807328,0.0,0.0
0,     88941,0,        5153970007,0.0,868
1,     88943,25562,        5154007332,0.0,0.0
1,     88945,25563,        5154207332,0.0,0.0
1,     88947,25564,        5154407332,0.0,0.0
0,     88949,0,        5154544673,0.0,1779
1,     88951,25565,        5154607336,0.0,0.0
1,     88953,25566,        5154807336,0.0,0.0
0,     88955,0,        5154887981,0.0,3998
1,     88957,25567,        5155007336,0.0,0.0
1,     88959,25568,        5155207340,0.0,0.0
1,     88961,25569,        5155407340,0.0,0.0
1,     88963,25570,        5155607340,0.0,0.0
1,     88965,25571,        5155807340,0.0,0.0
0,     88967,0,        5155813137,0.0,2841
1,     88969,25572,        5156007344,0.0,0.0
0,     88971,0,        5156137752,0.0,2296
1,     88973,25573,        5156207344,0.0,0.0
0,     88975,0,        5156375736,0.0,3165
1,     88977,25574,        5156407344,0.0,0.0
1,     88979,25575,        5156607348,0.0,0.0
0,     88981,0,        5156672620,0.0,1647
0,     88983,0,        5156724180,0.0,1402
1,     88985,25576,        5156807348,0.0,0.0
0,     88987,0,        5156983109,0.0,1131
1,     88989,25577,        5157007348,0.0,0.0
1,     88991,25578,        5157207352,0.0,0.0
0,     88993,0,        5157307424,0.0,1631
1,     88995,25579,        5157407352,0.0,0.0
1,     88997,25580,        5157607352,0.0,0.0
1,     88999,25581,        5157807352,0.0,0.0
1,     89001,25582,        5158007356,0.0,0.0
1,     89003,25583,        5158207356,0.0,0.0
1,     89005,25584,        5158407356,0.0,0.0
1,     89007,25585,        5158607360,0.0,0.0
1,     89009,25586,        5158807360,0.0,0.0
0,     89011,0,        5158902699,0.0,3671
1,     89013,25587,        5159007360,0.0,0.0
0,     89015,0,        5159144017,0.0,974
0,     89017,0,        5159180679,0.0,1598
1,     89019,25588,        5159207364,0.0,0.0
0,     89021,0,        5159215162,0.0,4473
0,     89023,0,        5159273291,0.0,2982
1,     89025,25589,        5159407364,0.0,0.0
1,     89027,25590,        5159607364,0.0,0.0
1,     89029,25591,        5159807364,0.0,0.0
1,     89031,25592,        5160007368,0.0,0.0
0,     89033,0,        5160037588,0.0,57
0,     89035,0,        5160091045,0.0,1522
1,     89037,25593,        5160207368,0.0,0.0
1,     89039,25594,        5160407368,0.0,0.0
1,     89041,25595,        5160607372,0.0,0.0
0,     89043,0,        5160697077,0.0,2489
1,     89045,25596,        5160807372,0.0,0.0
0,     89047,0,        5160909079,0.0,4732
1,     89049,25597,        5161007372,0.0,0.0
0,     89051,0,        5161200562,0.0,3697
1,     89053,25598,        5161207372,0.0,0.0
0,     89055,0,        5161219621,0.0,3907
0,     89057,0,        5161334954,0.0,42
1,     89059,25599,        5161407376,0.0,0.0
1,     89061,25600,        5161607376,0.0,0.0
1,     89063,25601,        5161807376,0.0,0.0
0,     89065,0,        5161833927,0.0,5734
0,     89067,0,        5161883355,0.0,6209
1,     89069,25602,        5162007380,0.0,0.0
0,     89071,0,        5162193131,0.0,1323
1,     89073,25603,        5162207380,0.0,0.0
0,     89075,0,        5162264044,0.0,520
1,     89077,25604,        5162407380,0.0,0.0
0,     89079,0,        5162409416,0.0,2474
1,     89081,25605,        5162607384,0.0,0.0
0,     89083,0,        5162688332,0.0,3127
0,     89085,0,        5162773789,0.0,3348
1,     89087,25606,        5162807384,0.0,0.0
0,     89089,0,        5162996061,0.0,3969
1,     89091,25607,        5163007384,0.0,0.0
0,     89093,0,        5163188796,0.0,101
1,     89095,25608,        5163207384,0.0,0.0
0,     89097,0,        5163303690,0.0,5701
1,     89099,25609,        5163407388,0.0,0.0
0,     89101,0,        5163555856,0.0,581
1,     89103,25610,        5163607388,0.0,0.0
1,     89105,25611,        5163807388,0.0,0.0
0,     89107,0,        5163916945,0.0,520
1,     89109,25612,        5164007392,0.0,0.0
0,     89111,0,        5164051187,0.0,4394
1,     89113,25613,        5164207392,0.0,0.0
1,     89115,25614,        5164407392,0.0,0.0
1,     89117,25615,        5164607396,0.0,0.0
0,     89119,0,        5164696791,0.0,2719
1,     89121,25616,        5164807396,0.0,0.0
1,     89123,25617,        5165007396,0.0,0.0
1,     89125,25618,        5165207396,0.0,0.0
1,     89127,25619,        5165407400,0.0,0.0
1,     89129,25620,        5165607400,0.0,0.0
1,     89131,25621,        5165807400,0.0,0.0
0,     89133,0,        5165866062,0.0,5864
0,     89135,0,        5165911523,0.0,5653
1,     89137,25622,        5166007404,0.0,0.0
1,     89139,25623,        5166207404,0.0,0.0
1,     89141,25624,        5166407404,0.0,0.0
1,     89143,25625,        5166607408,0.0,0.0
0,     89145,0,        5166677866,0.0,702
1,     89147,25626,        5166807408,0.0,0.0
1,     89149,25627,        5167007408,0.0,0.0
1,     89151,25628,        5167207408,0.0,0.0
0,     89153,0,        5167208695,0.0,5288
0,     89155,0,        5167319338,0.0,6086
0,     89157,0,        5167325045,0.0,179
0,     89159,0,        5167331868,0.0,5980
1,     89161,25629,        5167407412,0.0,0.0
1,     89163,25630,        5167607412,0.0,0.0
0,     89165,0,        5167618980,0.0,2986
1,     89167,25631,        5167807412,0.0,0.0
0,     89169,0,        5167879945,0.0,1499
1,     89171,25632,        5168007416,0.0,0.0
1,     89173,25633,        5168207416,0.0,0.0
1,     89175,25634,        5168407416,0.0,0.0
0,     89177,0,        5168424038,0.0,351
1,     89179,25635,        5168607416,0.0,0.0
1,     89181,25636,        5168807420,0.0,0.0
1,     89183,25637,        5169007420,0.0,0.0
0,     89185,0,        5169165362,0.0,4160
1,     89187,25638,        5169207420,0.0,0.0
1,     89189,25639,        5169407424,0.0,0.0
1,     89191,25640,        5169607424,0.0,0.0
1,     89193,25641,        5169807424,0.0,0.0
1,     89195,25642,        5170007428,0.0,0.0
0,     89197,0,        5170084593,0.0,3701
1,     89199,25643,        5170207428,0.0,0.0
0,     89201,0,        5170217119,0.0,2355
1,     89203,25644,        5170407428,0.0,0.0
0,     89205,0,        5170600172,0.0,4077
1,     89207,25645,        5170607428,0.0,0.0
1,     89209,25646,        5170807432,0.0,0.0
0,     89211,0,        5170909277,0.0,2144
1,     89213,25647,        5171007432,0.0,0.0
1,     89215,25648,        5171207432,0.0,0.0
0,     89217,0,        5171295787,0.0,4367
1,     89219,25649,        5171407436,0.0,0.0
0,     89221,0,        5171461079,0.0,4790
1,     89223,25650,        5171607436,0.0,0.0
0,     89225,0,        5171787772,0.0,4803
1,     89227,25651,        5171807436,0.0,0.0
1,     89229,25652,        5172007440,0.0,0.0
0,     89231,0,        5172160307,0.0,5325
1,     89233,25653,        5172207440,0.0,0.0
1,     89235,25654,        5172407440,0.0,0.0
0,     89237,0,        5172452903,0.0,5789
0,     89239,0,        5172546591,0.0,2690
1,     89241,25655,        5172607440,0.0,0.0
0,     89243,0,        5172743941,0.0,204
1,     89245,25656,        5172807444,0.0,0.0
1,     89247,25657,        5173007444,0.0,0.0
0,     89249,0,        5173042047,0.0,1016
0,     89251,0,        5173042956,0.0,1089
0,     89252,0,        5173043074,0.0,286
1,     89254,25658,        5173207444,0.0,0.0
1,     89256,25659,        5173407448,0.0,0.0
1,     89258,25660,        5173607448,0.0,0.0
0,     89260,0,        5173796718,0.0,1124
0,     89262,0,        5173796870,0.0,1267
1,     89264,25661,        5173807448,0.0,0.0
1,     89266,25662,        5174007452,0.0,0.0
1,     89268,25663,        5174207452,0.0,0.0
0,     89270,0,        5174277935,0.0,5975
0,     89272,0,        5174278561,0.0,5234
1,     89274,25664,        5174407452,0.0,0.0
1,     89276,25665,        5174607452,0.0,0.0
0,     89278,0,        5174620832,0.0,2837
1,     89280,25666,        5174807456,0.0,0.0
0,     89282,0,        5174945290,0.0,1477
0,     89284,0,        5174951395,0.0,4466
1,     89286,25667,        5175007456,0.0,0.0
0,     89288,0,        5175079799,0.0,591
1,     89290,25668,        5175207456,0.0,0.0
1,     89292,25669,        5175407460,0.0,0.0
0,     89294,0,        5175515420,0.0,2806
1,     89296,25670,        5175607460,0.0,0.0
0,     89298,0,        5175656037,0.0,310
0,     89300,0,        5175671479,0.0,1968
1,     89302,25671,        5175807460,0.0,0.0
1,     89304,25672,        5176007460,0.0,0.0
1,     89306,25673,        5176207464,0.0,0.0
1,     89308,25674,        5176407464,0.0,0.0
1,     89310,25675,        5176607464,0.0,0.0
0,     89312,0,        5176685254,0.0,1661
0,     89314,0,        5176758574,0.0,313
1,     89316,25676,        5176807468,0.0,0.0
0,     89318,0,        5177005634,0.0,1584
1,     89320,25677,        5177007468,0.0,0.0
1,     89322,25678,        5177207468,0.0,0.0
1,     89324,25679,        5177407472,0.0,0.0
1,     89326,25680,        5177607472,0.0,0.0
1,     89328,25681,        5177807472,0.0,0.0
1,     89330,25682,        5178007472,0.0,0.0
1,     89332,25683,        5178207476,0.0,0.0
0,     89334,0,        5178240476,0.0,2122
1,     89336,25684,        5178407476,0.0,0.0
1,     89338,25685,        5178607476,0.0,0.0
0,     89340,0,        5178630981,0.0,3068
0,     89341,0,        5178630983,0.0,5390
1,     89343,25686,        5178807480,0.0,0.0
1,     89345,25687,        5179007480,0.0,0.0
1,     89347,25688,        5179207480,0.0,0.0
1,     89349,25689,        5179407484,0.0,0.0
1,     89351,25690,        5179607484,0.0,0.0
0,     89353,0,        5179614703,0.0,3805
1,     89355,25691,        5179807484,0.0,0.0
1,     89357,25692,        5180007484,0.0,0.0
0,     89359,0,        5180049505,0.0,1975
1,     89361,25693,        5180207488,0.0,0.0
1,     89363,25694,        5180407488,0.0,0.0
1,     89365,25695,        5180607488,0.0,0.0
1,     89367,25696,        5180807492,0.0,0.0
0,     89369,0,        5180872267,0.0,3784
1,     89371,25697,        5181007492,0.0,0.0
0,     89373,0,        5181041743,0.0,241
0,     89374,0,        5181041906,0.0,6042
1,     89376,25698,        5181207492,0.0,0.0
1,     89378,25699,        5181407496,0.0,0.0
1,     89380,25700,        5181607496,0.0,0.0
1,     89382,25701,        5181807496,0.0,0.0
1,     89384,25702,        5182007496,0.0,0.0
0,     89386,0,        5182102506,0.0,4446
1,     89388,25703,        5182207500,0.0,0.0
0,     89390,0,        5182239078,0.0,6219
0,     89392,0,        5182319861,0.0,656
1,     89394,25704,        5182407500,0.0,0.0
0,     89396,0,        5182526487,0.0,4341
0,     89398,0,        5182591081,0.0,941
1,     89400,25705,        5182607500,0.0,0.0
0,     89402,0,        5182685490,0.0,3429
1,     89404,25706,        5182807504,0.0,0.0
0,     89406,0,        5182873821,0.0,5173
1,     89408,25707,        5183007504,0.0,0.0
1,     89410,25708,        5183207504,0.0,0.0
0,     89412,0,        5183371656,0.0,5167
1,     89414,25709,        5183407504,0.0,0.0
1,     89416,25710,        5183607508,0.0,0.0
1,     89418,25711,        5183807508,0.0,0.0
1,     89420,25712,        5184007508,0.0,0.0
0,     89422,0,        5184119970,0.0,4300
1,     89424,25713,        5184207512,0.0,0.0
0,     89426,0,        5184281209,0.0,4419
0,     89428,0,        5184327110,0.0,3647
1,     89430,25714,        5184407512,0.0,0.0
1,     89432,25715,        5184607512,0.0,0.0
1,     89434,25716,        5184807516,0.0,0.0
0,     89436,0,        5184972216,0.0,4771
0,     89438,0,        5184975388,0.0,127
1,     89440,25717,        5185007516,0.0,0.0
0,     89442,0,        5185163141,0.0,2156
0,     89444,0,        5185173748,0.0,508
1,     89446,25718,        5185207516,0.0,0.0
1,     89448,25719,        5185407516,0.0,0.0
1,     89450,25720,        5185607520,0.0,0.0
0,     89452,0,        5185655952,0.0,4179
0,     89454,0,        5185677064,0.0,2721
1,     89456,25721,        5185807520,0.0,0.0
0,     89458,0,        5185879208,0.0,4697
0,     89460,0,        5185952663,0.0,2967
0,     89462,0,        5185991037,0.0,5790
1,     89464,25722,        5186007520,0.0,0.0
1,     89466,25723,        5186207524,0.0,0.0
0,     89468,0,        5186274287,0.0,3558
0,     89470,0,        5186376806,0.0,4936
1,     89472,25724,        5186407524,0.0,0.0
0,     89474,0,        5186414920,0.0,3065
0,     89475,0,        5186415163,0.0,6216
1,     89477,25725,        5186607524,0.0,0.0
0,     89479,0,        5186776365,0.0,1905
1,     89481,25726,        5186807528,0.0,0.0
1,     89483,25727,        5187007528,0.0,0.0
1,     89485,25728,        5187207528,0.0,0.0
0,     89487,0,        5187306279,0.0,2463
1,     89489,25729,        5187407528,0.0,0.0
0,     89491,0,        5187437817,0.0,3463
1,     89493,25730,        5187607532,0.0,0.0
1,     89495,25731,        5187807532,0.0,0.0
0,     89497,0,        5187890670,0.0,5837
0,     89499,0,        5187915369,0.0,2580
1,     89501,25732,        5188007532,0.0,0.0
0,     89503,0,        5188036921,0.0,6175
1,     89505,25733,        5188207536,0.0,0.0
0,     89507,0,        5188386069,0.0,3707
0,     89509,0,        5188403068,0.0,95
1,     89511,25734,        5188407536,0.0,0.0
1,     89513,25735,        5188607536,0.0,0.0
1,     89515,25736,        5188807540,0.0,0.0
0,     89517,0,        5188873513,0.0,118
1,     89519,25737,        5189007540,0.0,0.0
0,     89521,0,        5189172043,0.0,2901
1,     89523,25738,        5189207540,0.0,0.0
0,     89525,0,        5189246958,0.0,5049
0,     89527,0,        5189340425,0.0,4299
1,     89529,25739,        5189407540,0.0,0.0
0,     89531,0,        5189558598,0.0,1369
1,     89533,25740,        5189607544,0.0,0.0
1,     89535,25741,        5189807544,0.0,0.0
1,     89537,25742,        5190007544,0.0,0.0
1,     89539,25743,        5190207548,0.0,0.0
0,     89541,0,        5190339092,0.0,4965
0,     89543,0,        5190379542,0.0,4424
1,     89545,25744,        5190407548,0.0,0.0
0,     89547,0,        5190488658,0.0,469
1,     89549,25745,        5190607548,0.0,0.0
0,     89551,0,        5190697809,0.0,5225
1,     89553,25746,        5190807548,0.0,0.0
1,     89555,25747,        5191007552,0.0,0.0
0,     89557,0,        5191076108,0.0,1780
0,     89559,0,        5191118488,0.0,2047
1,     89561,25748,        5191207552,0.0,0.0
1,     89563,25749,        5191407552,0.0,0.0
1,     89565,25750,        5191607556,0.0,0.0
0,     89567,0,        5191616613,0.0,93
1,     89569,25751,        5191807556,0.0,0.0
0,     89571,0,        5191890363,0.0,4543
0,     89573,0,        5191899586,0.0,788
0,     89574,0,        5191899609,0.0,2198
1,     89576,25752,        5192007556,0.0,0.0
1,     89578,25753,        5192207560,0.0,0.0
0,     89580,0,        5192224984,0.0,2163
0,     89582,0,        5192322001,0.0,4457
1,     89584,25754,        5192407560,0.0,0.0
1,     89586,25755,        5192607560,0.0,0.0
1,     89588,25756,        5192807560,0.0,0.0
1,     89590,25757,        5193007564,0.0,0.0
1,     89592,25758,        5193207564,0.0,0.0
0,     89594,0,        5193379732,0.0,721
1,     89596,25759,        5193407564,0.0,0.0
0,     89598,0,        5193604079,0.0,3391
1,     89600,25760,        5193607568,0.0,0.0
0,     89602,0,        5193800941,0.0,4131
1,     89604,25761,        5193807568,0.0,0.0
0,     89606,0,        5193823370,0.0,4555
0,     89608,0,        5193868391,0.0,1216
1,     89610,25762,        5194007568,0.0,0.0
1,     89612,25763,        5194207572,0.0,0.0
1,     89614,25764,        5194407572,0.0,0.0
0,     89616,0,        5194524402,0.0,3165
1,     89618,25765,        5194607572,0.0,0.0
0,     89620,0,        5194647503,0.0,3455
1,     89622,25766,        5194807572,0.0,0.0
1,     89624,25767,        5195007576,0.0,0.0
1,     89626,25768,        5195207576,0.0,0.0
0,     89628,0,        5195214778,0.0,1042
1,     89630,25769,        5195407576,0.0,0.0
0,     89632,0,        5195421506,0.0,5220
0,     89634,0,        5195438597,0.0,666
1,     89636,25770,        5195607580,0.0,0.0
1,     89638,25771,        5195807580,0.0,0.0
0,     89640,0,        5195867932,0.0,1525
1,     89642,25772,        5196007580,0.0,0.0
1,     89644,25773,        5196207584,0.0,0.0
0,     89646,0,        5196208765,0.0,597
0,     89648,0,        5196272944,0.0,5352
1,     89650,25774,        5196407584,0.0,0.0
0,     89652,0,        5196425457,0.0,5649
0,     89654,0,        5196531023,0.0,3441
1,     89656,25775,        5196607584,0.0,0.0
1,     89658,25776,        5196807584,0.0,0.0
1,     89660,25777,        5197007588,0.0,0.0
0,     89662,0,        5197032857,0.0,975
0,     89664,0,        5197091519,0.0,5069
1,     89666,25778,        5197207588,0.0,0.0
1,     89668,25779,        5197407588,0.0,0.0
1,     89670,25780,        5197607592,0.0,0.0
1,     89672,25781,        5197807592,0.0,0.0
0,     89674,0,        5197813635,0.0,1159
1,     89676,25782,        5198007592,0.0,0.0
1,     89678,25783,        5198207596,0.0,0.0
0,     89680,0,        5198241171,0.0,2393
1,     89682,25784,        5198407596,0.0,0.0
1,     89684,25785,        5198607596,0.0,0.0
0,     89686,0,        5198624167,0.0,5266
0,     89688,0,        5198636224,0.0,3592
0,     89690,0,        5198717516,0.0,2300
1,     89692,25786,        5198807596,0.0,0.0
0,     89694,0,        5198948386,0.0,15
1,     89696,25787,        5199007600,0.0,0.0
1,     89698,25788,        5199207600,0.0,0.0
1,     89700,25789,        5199407600,0.0,0.0
1,     89702,25790,        5199607604,0.0,0.0
1,     89704,25791,        5199807604,0.0,0.0
0,     89706,0,        5200004765,0.0,5722
1,     89708,25792,        5200007604,0.0,0.0
1,     89710,25793,        5200207608,0.0,0.0
1,     89712,25794,        5200407608,0.0,0.0
1,     89714,25795,        5200607608,0.0,0.0
0,     89716,0,        5200704832,0.0,3508
0,     89717,0,        5200704850,0.0,2638
1,     89719,25796,        5200807608,0.0,0.0
1,     89721,25797,        5201007612,0.0,0.0
1,     89723,25798,        5201207612,0.0,0.0
1,     89725,25799,        5201407612,0.0,0.0
0,     89727,0,        5201480043,0.0,3310
1,     89729,25800,        5201607616,0.0,0.0
1,     89731,25801,        5201807616,0.0,0.0
1,     89733,25802,        5202007616,0.0,0.0
1,     89735,25803,        5202207616,0.0,0.0
1,     89737,25804,        5202407620,0.0,0.0
1,     89739,25805,        5202607620,0.0,0.0
1,     89741,25806,        5202807620,0.0,0.0
1,     89743,25807,        5203007624,0.0,0.0
0,     89745,0,        5203096946,0.0,2717
1,     89747,25808,        5203207624,0.0,0.0
1,     89749,25809,        5203407624,0.0,0.0
1,     89751,25810,        5203607628,0.0,0.0
0,     89753,0,        5203769664,0.0,1604
1,     89755,25811,        5203807628,0.0,0.0
1,     89757,25812,        5204007628,0.0,0.0
0,     89759,0,        5204201886,0.0,220
1,     89761,25813,        5204207628,0.0,0.0
1,     89763,25814,        5204407632,0.0,0.0
0,     89765,0,        5204532804,0.0,1241
1,     89767,25815,        5204607632,0.0,0.0
0,     89769,0,        5204687141,0.0,4614
1,     89771,25816,        5204807632,0.0,0.0
1,     89773,25817,        5205007636,0.0,0.0
0,     89775,0,        5205058418,0.0,2012
1,     89777,25818,        5205207636,0.0,0.0
0,     89779,0,        5205285835,0.0,213
1,     89781,25819,        5205407636,0.0,0.0
1,     89783,25820,        5205607640,0.0,0.0
1,     89785,25821,        5205807640,0.0,0.0
1,     89787,25822,        5206007640,0.0,0.0
0,     89789,0,        5206097786,0.0,5151
1,     89791,25823,        5206207640,0.0,0.0
0,     89793,0,        5206271424,0.0,1713
1,     89795,25824,        5206407644,0.0,0.0
1,     89797,25825,        5206607644,0.0,0.0
0,     89799,0,        5206722350,0.0,250
1,     89801,25826,        5206807644,0.0,0.0
1,     89803,25827,        5207007648,0.0,0.0
1,     89805,25828,        5207207648,0.0,0.0
0,     89807,0,        5207303831,0.0,5838
0,     89809,0,        5207345245,0.0,5333
1,     89811,25829,        5207407648,0.0,0.0
1,     89813,25830,        5207607648,0.0,0.0
0,     89815,0,        5207711373,0.0,3456
1,     89817,25831,        5207807652,0.0,0.0
0,     89819,0,        5207813189,0.0,3385
0,     89821,0,        5207930289,0.0,1257
1,     89823,25832,        5208007652,0.0,0.0
0,     89825,0,        5208171882,0.0,963
1,     89827,25833,        5208207652,0.0,0.0
0,     89829,0,        5208291798,0.0,2690
1,     89831,25834,        5208407656,0.0,0.0
0,     89833,0,        5208444434,0.0,1004
1,     89835,25835,        5208607656,0.0,0.0
0,     89837,0,        5208642655,0.0,3586
1,     89839,25836,        5208807656,0.0,0.0
0,     89841,0,        5208875231,0.0,1666
1,     89843,25837,        5209007660,0.0,0.0
1,     89845,25838,        5209207660,0.0,0.0
0,     89847,0,        5209224041,0.0,250
0,     89849,0,        5209301200,0.0,5342
0,     89851,0,        5209318650,0.0,2164
0,     89853,0,        5209334063,0.0,2841
1,     89855,25839,        5209407660,0.0,0.0
0,     89857,0,        5209415905,0.0,451
1,     89859,25840,        5209607660,0.0,0.0
0,     89861,0,        5209652893,0.0,3350
1,     89863,25841,        5209807664,0.0,0.0
1,     89865,25842,        5210007664,0.0,0.0
0,     89867,0,        5210150093,0.0,785
1,     89869,25843,        5210207664,0.0,0.0
0,     89871,0,        5210265679,0.0,2115
1,     89873,25844,        5210407668,0.0,0.0
1,     89875,25845,        5210607668,0.0,0.0
1,     89877,25846,        5210807668,0.0,0.0
1,     89879,25847,        5211007672,0.0,0.0
1,     89881,25848,        5211207672,0.0,0.0
0,     89883,0,        5211240096,0.0,2508
0,     89885,0,        5211347702,0.0,5702
1,     89887,25849,        5211407672,0.0,0.0
0,     89889,0,        5211489937,0.0,2775
1,     89891,25850,        5211607672,0.0,0.0
0,     89893,0,        5211611284,0.0,2387
0,     89895,0,        5211780227,0.0,4619
1,     89897,25851,        5211807676,0.0,0.0
1,     89899,25852,        5212007676,0.0,0.0
0,     89901,0,        5212082720,0.0,3338
1,     89903,25853,        5212207676,0.0,0.0
0,     89905,0,        5212246881,0.0,2698
1,     89907,25854,        5212407680,0.0,0.0
0,     89909,0,        5212531402,0.0,6066
1,     89911,25855,        5212607680,0.0,0.0
0,     89913,0,        5212777693,0.0,348
1,     89915,25856,        5212807680,0.0,0.0
0,     89917,0,        5212823510,0.0,5077
1,     89919,25857,        5213007684,0.0,0.0
1,     89921,25858,        5213207684,0.0,0.0
1,     89923,25859,        5213407684,0.0,0.0
1,     89925,25860,        5213607684,0.0,0.0
1,     89927,25861,        5213807688,0.0,0.0
0,     89929,0,        5213943850,0.0,2969
0,     89931,0,        5213962203,0.0,6088
1,     89933,25862,        5214007688,0.0,0.0
1,     89935,25863,        5214207688,0.0,0.0
1,     89937,25864,        5214407692,0.0,0.0
0,     89939,0,        5214506566,0.0,6082
1,     89941,25865,        5214607692,0.0,0.0
1,     89943,25866,        5214807692,0.0,0.0
1,     89945,25867,        5215007692,0.0,0.0
0,     89947,0,        5215032838,0.0,2941
1,     89949,25868,        5215207696,0.0,0.0
1,     89951,25869,        5215407696,0.0,0.0
1,     89953,25870,        5215607696,0.0,0.0
0,     89955,0,        5215767178,0.0,2133
1,     89957,25871,        5215807700,0.0,0.0
1,     89959,25872,        5216007700,0.0,0.0
1,     89961,25873,        5216207700,0.0,0.0
1,     89963,25874,        5216407704,0.0,0.0
0,     89965,0,        5216597657,0.0,3399
1,     89967,25875,        5216607704,0.0,0.0
0,     89969,0,        5216650486,0.0,685
0,     89971,0,        5216695047,0.0,4217
1,     89973,25876,        5216807704,0.0,0.0
1,     89975,25877,        5217007704,0.0,0.0
1,     89977,25878,        5217207708,0.0,0.0
1,     89979,25879,        5217407708,0.0,0.0
0,     89981,0,        5217415817,0.0,2521
1,     89983,25880,        5217607708,0.0,0.0
1,     89985,25881,        5217807712,0.0,0.0
1,     89987,25882,        5218007712,0.0,0.0
1,     89989,25883,        5218207712,0.0,0.0
1,     89991,25884,        5218407716,0.0,0.0
1,     89993,25885,        5218607716,0.0,0.0
1,     89995,25886,        5218807716,0.0,0.0
0,     89997,0,        5218839085,0.0,1266
1,     89999,25887,        5219007716,0.0,0.0
1,     90001,25888,        5219207720,0.0,0.0
1,     90003,25889,        5219407720,0.0,0.0
1,     90005,25890,        5219607720,0.0,0.0
1,     90007,25891,        5219807724,0.0,0.0
0,     90009,0,        5219975526,0.0,5460
1,     90011,25892,        5220007724,0.0,0.0
0,     90013,0,        5220079727,0.0,3370
1,     90015,25893,        5220207724,0.0,0.0
1,     90017,25894,        5220407728,0.0,0.0
1,     90019,25895,        5220607728,0.0,0.0
1,     90021,25896,        5220807728,0.0,0.0
1,     90023,25897,        5221007728,0.0,0.0
0,     90025,0,        5221018589,0.0,3119
1,     90027,25898,        5221207732,0.0,0.0
0,     90029,0,        5221209149,0.0,1669
1,     90031,25899,        5221407732,0.0,0.0
0,     90033,0,        5221483105,0.0,5955
1,     90035,25900,        5221607732,0.0,0.0
1,     90037,25901,        5221807736,0.0,0.0
1,     90039,25902,        5222007736,0.0,0.0
0,     90041,0,        5222176334,0.0,2476
1,     90043,25903,        5222207736,0.0,0.0
1,     90045,25904,        5222407736,0.0,0.0
1,     90047,25905,        5222607740,0.0,0.0
1,     90049,25906,        5222807740,0.0,0.0
0,     90051,0,        5222945498,0.0,5155
0,     90053,0,        5222989988,0.0,2691
1,     90055,25907,        5223007740,0.0,0.0
1,     90057,25908,        5223207744,0.0,0.0
0,     90059,0,        5223275836,0.0,1787
0,     90061,0,        5223285216,0.0,4637
1,     90063,25909,        5223407744,0.0,0.0
1,     90065,25910,        5223607744,0.0,0.0
1,     90067,25911,        5223807748,0.0,0.0
1,     90069,25912,        5224007748,0.0,0.0
1,     90071,25913,        5224207748,0.0,0.0
1,     90073,25914,        5224407748,0.0,0.0
1,     90075,25915,        5224607752,0.0,0.0
0,     90077,0,        5224652601,0.0,756
1,     90079,25916,        5224807752,0.0,0.0
0,     90081,0,        5224815456,0.0,5100
0,     90083,0,        5224938275,0.0,4408
1,     90085,25917,        5225007752,0.0,0.0
0,     90087,0,        5225027609,0.0,774
1,     90089,25918,        5225207756,0.0,0.0
1,     90091,25919,        5225407756,0.0,0.0
1,     90093,25920,        5225607756,0.0,0.0
0,     90095,0,        5225766888,0.0,1343
0,     90097,0,        5225767047,0.0,2631
1,     90099,25921,        5225807760,0.0,0.0
1,     90101,25922,        5226007760,0.0,0.0
0,     90103,0,        5226185494,0.0,4969
1,     90105,25923,        5226207760,0.0,0.0
1,     90107,25924,        5226407760,0.0,0.0
1,     90109,25925,        5226607764,0.0,0.0
0,     90111,0,        5226792998,0.0,4852
1,     90113,25926,        5226807764,0.0,0.0
1,     90115,25927,        5227007764,0.0,0.0
0,     90117,0,        5227173382,0.0,3043
0,     90118,0,        5227173384,0.0,5953
0,     90120,0,        5227187831,0.0,5815
1,     90122,25928,        5227207768,0.0,0.0
1,     90124,25929,        5227407768,0.0,0.0
0,     90126,0,        5227496260,0.0,3331
0,     90128,0,        5227533498,0.0,3185
1,     90130,25930,        5227607768,0.0,0.0
1,     90132,25931,        5227807772,0.0,0.0
1,     90134,25932,        5228007772,0.0,0.0
1,     90136,25933,        5228207772,0.0,0.0
1,     90138,25934,        5228407772,0.0,0.0
1,     90140,25935,        5228607776,0.0,0.0
0,     90142,0,        5228680390,0.0,5310
1,     90144,25936,        5228807776,0.0,0.0
0,     90146,0,        5228982628,0.0,2596
1,     90148,25937,        5229007776,0.0,0.0
1,     90150,25938,        5229207780,0.0,0.0
1,     90152,25939,        5229407780,0.0,0.0
0,     90154,0,        5229518483,0.0,1958
0,     90156,0,        5229588213,0.0,340
1,     90158,25940,        5229607780,0.0,0.0
1,     90160,25941,        5229807780,0.0,0.0
0,     90162,0,        5229855941,0.0,5068
0,     90164,0,        5229940234,0.0,1726
0,     90166,0,        5229945371,0.0,1710
1,     90168,25942,        5230007784,0.0,0.0
1,     90170,25943,        5230207784,0.0,0.0
1,     90172,25944,        5230407784,0.0,0.0
1,     90174,25945,        5230607788,0.0,0.0
0,     90176,0,        5230724879,0.0,2368
1,     90178,25946,        5230807788,0.0,0.0
1,     90180,25947,        5231007788,0.0,0.0
1,     90182,25948,        5231207792,0.0,0.0
1,     90184,25949,        5231407792,0.0,0.0
1,     90186,25950,        5231607792,0.0,0.0
0,     90188,0,        5231649627,0.0,1085
1,     90190,25951,        5231807792,0.0,0.0
1,     90192,25952,        5232007796,0.0,0.0
0,     90194,0,        5232029633,0.0,1723
1,     90196,25953,        5232207796,0.0,0.0
1,     90198,25954,        5232407796,0.0,0.0
0,     90200,0,        5232591157,0.0,5223
1,     90202,25955,        5232607800,0.0,0.0
1,     90204,25956,        5232807800,0.0,0.0
0,     90206,0,        5233002760,0.0,5690
1,     90208,25957,        5233007800,0.0,0.0
0,     90210,0,        5233204858,0.0,612
1,     90212,25958,        5233207804,0.0,0.0
0,     90214,0,        5233260931,0.0,1712
1,     90216,25959,        5233407804,0.0,0.0
0,     90218,0,        5233423479,0.0,4967
0,     90220,0,        5233522584,0.0,4004
0,     90222,0,        5233527733,0.0,5865
1,     90224,25960,        5233607804,0.0,0.0
0,     90226,0,        5233649613,0.0,4524
0,     90228,0,        5233799651,0.0,2706
1,     90230,25961,        5233807804,0.0,0.0
1,     90232,25962,        5234007808,0.0,0.0
1,     90234,25963,        5234207808,0.0,0.0
0,     90236,0,        5234291039,0.0,3698
1,     90238,25964,        5234407808,0.0,0.0
1,     90240,25965,        5234607812,0.0,0.0
1,     90242,25966,        5234807812,0.0,0.0
0,     90244,0,        5234853878,0.0,4084
1,     90246,25967,        5235007812,0.0,0.0
1,     90248,25968,        5235207816,0.0,0.0
0,     90250,0,        5235289235,0.0,2514
0,     90251,0,        5235289367,0.0,4976
1,     90253,25969,        5235407816,0.0,0.0
0,     90255,0,        5235555752,0.0,2067
1,     90257,25970,        5235607816,0.0,0.0
1,     90259,25971,        5235807816,0.0,0.0
1,     90261,25972,        5236007820,0.0,0.0
1,     90263,25973,        5236207820,0.0,0.0
0,     90265,0,        5236336344,0.0,4334
1,     90267,25974,        5236407820,0.0,0.0
0,     90269,0,        5236471979,0.0,4878
1,     90271,25975,        5236607824,0.0,0.0
0,     90273,0,        5236697638,0.0,3570
0,     90274,0,        5236697747,0.0,4758
1,     90276,25976,        5236807824,0.0,0.0
0,     90278,0,        5236914461,0.0,2140
1,     90280,25977,        5237007824,0.0,0.0
0,     90282,0,        5237101375,0.0,2744
1,     90284,25978,        5237207828,0.0,0.0
1,     90286,25979,        5237407828,0.0,0.0
0,     90288,0,        5237490067,0.0,3262
1,     90290,25980,        5237607828,0.0,0.0
0,     90292,0,        5237799889,0.0,2097
1,     90294,25981,        5237807828,0.0,0.0
0,     90296,0,        5237860922,0.0,2165
0,     90297,0,        5237860998,0.0,1753
1,     90299,25982,        5238007832,0.0,0.0
1,     90301,25983,        5238207832,0.0,0.0
0,     90303,0,        5238286076,0.0,4822
1,     90305,25984,        5238407832,0.0,0.0
1,     90307,25985,        5238607836,0.0,0.0
1,     90309,25986,        5238807836,0.0,0.0
0,     90311,0,        5238838127,0.0,3635
1,     90313,25987,        5239007836,0.0,0.0
0,     90315,0,        5239058340,0.0,4163
1,     90317,25988,        5239207840,0.0,0.0
0,     90319,0,        5239247831,0.0,3809
0,     90321,0,        5239301037,0.0,3579
1,     90323,25989,        5239407840,0.0,0.0
1,     90325,25990,        5239607840,0.0,0.0
0,     90327,0,        5239686503,0.0,3000
0,     90328,0,        5239686680,0.0,4719
1,     90330,25991,        5239807840,0.0,0.0
1,     90332,25992,        5240007844,0.0,0.0
0,     90334,0,        5240049276,0.0,1363
0,     90336,0,        5240184704,0.0,3085
1,     90338,25993,        5240207844,0.0,0.0
0,     90340,0,        5240349054,0.0,4288
1,     90342,25994,        5240407844,0.0,0.0
0,     90344,0,        5240476338,0.0,3536
1,     90346,25995,        5240607848,0.0,0.0
1,     90348,25996,        5240807848,0.0,0.0
1,     90350,25997,        5241007848,0.0,0.0
0,     90352,0,        5241048296,0.0,5626
1,     90354,25998,        5241207848,0.0,0.0
1,     90356,25999,        5241407852,0.0,0.0
1,     90358,26000,        5241607852,0.0,0.0
0,     90360,0,        5241771054,0.0,6150
1,     90362,26001,        5241807852,0.0,0.0
1,     90364,26002,        5242007856,0.0,0.0
0,     90366,0,        5242043575,0.0,983
0,     90368,0,        5242089051,0.0,1271
0,     90370,0,        5242180607,0.0,5793
1,     90372,26003,        5242207856,0.0,0.0
0,     90374,0,        5242383828,0.0,2956
1,     90376,26004,        5242407856,0.0,0.0
1,     90378,26005,        5242607860,0.0,0.0
0,     90380,0,        5242720524,0.0,1916
1,     90382,26006,        5242807860,0.0,0.0
0,     90384,0,        5242862353,0.0,5676
1,     90386,26007,        5243007860,0.0,0.0
0,     90388,0,        5243185852,0.0,2661
0,     90390,0,        5243188117,0.0,4896
1,     90392,26008,        5243207860,0.0,0.0
0,     90394,0,        5243229196,0.0,322
1,     90396,26009,        5243407864,0.0,0.0
1,     90398,26010,        5243607864,0.0,0.0
1,     90400,26011,        5243807864,0.0,0.0
0,     90402,0,        5243840785,0.0,184
0,     90404,0,        5243888200,0.0,3644
1,     90406,26012,        5244007868,0.0,0.0
1,     90408,26013,        5244207868,0.0,0.0
0,     90410,0,        5244286028,0.0,3890
1,     90412,26014,        5244407868,0.0,0.0
1,     90414,26015,        5244607872,0.0,0.0
0,     90416,0,        5244797067,0.0,2042
0,     90418,0,        5244803473,0.0,1042
1,     90420,26016,        5244807872,0.0,0.0
0,     90422,0,        5244882219,0.0,5256
1,     90424,26017,        5245007872,0.0,0.0
0,     90426,0,        5245059593,0.0,3577
1,     90428,26018,        5245207872,0.0,0.0
1,     90430,26019,        5245407876,0.0,0.0
1,     90432,26020,        5245607876,0.0,0.0
1,     90434,26021,        5245807876,0.0,0.0
0,     90436,0,        5245939808,0.0,2362
1,     90438,26022,        5246007880,0.0,0.0
1,     90440,26023,        5246207880,0.0,0.0
1,     90442,26024,        5246407880,0.0,0.0
0,     90444,0,        5246525654,0.0,5706
1,     90446,26025,        5246607884,0.0,0.0
1,     90448,26026,        5246807884,0.0,0.0
1,     90450,26027,        5247007884,0.0,0.0
0,     90452,0,        5247032655,0.0,4997
1,     90454,26028,        5247207884,0.0,0.0
0,     90456,0,        5247402524,0.0,4762
1,     90458,26029,        5247407888,0.0,0.0
1,     90460,26030,        5247607888,0.0,0.0
1,     90462,26031,        5247807888,0.0,0.0
1,     90464,26032,        5248007892,0.0,0.0
1,     90466,26033,        5248207892,0.0,0.0
0,     90468,0,        5248288044,0.0,3072
1,     90470,26034,        5248407892,0.0,0.0
0,     90472,0,        5248482183,0.0,739
1,     90474,26035,        5248607892,0.0,0.0
1,     90476,26036,        5248807896,0.0,0.0
0,     90478,0,        5248900008,0.0,579
1,     90480,26037,        5249007896,0.0,0.0
1,     90482,26038,        5249207896,0.0,0.0
0,     90484,0,        5249260390,0.0,6169
1,     90486,26039,        5249407900,0.0,0.0
1,     90488,26040,        5249607900,0.0,0.0
1,     90490,26041,        5249807900,0.0,0.0
0,     90492,0,        5249994179,0.0,50
1,     90494,26042,        5250007904,0.0,0.0
1,     90496,26043,        5250207904,0.0,0.0
0,     90498,0,        5250243178,0.0,1739
1,     90500,26044,        5250407904,0.0,0.0
1,     90502,26045,        5250607904,0.0,0.0
0,     90504,0,        5250747223,0.0,3905
1,     90506,26046,        5250807908,0.0,0.0
0,     90508,0,        5250818539,0.0,3330
0,     90510,0,        5250894643,0.0,4108
1,     90512,26047,        5251007908,0.0,0.0
1,     90514,26048,        5251207908,0.0,0.0
1,     90516,26049,        5251407912,0.0,0.0
1,     90518,26050,        5251607912,0.0,0.0
0,     90520,0,        5251725722,0.0,4334
0,     90522,0,        5251778330,0.0,3473
1,     90524,26051,        5251807912,0.0,0.0
1,     90526,26052,        5252007916,0.0,0.0
1,     90528,26053,        5252207916,0.0,0.0
1,     90530,26054,        5252407916,0.0,0.0
0,     90532,0,        5252446595,0.0,4502
1,     90534,26055,        5252607916,0.0,0.0
0,     90536,0,        5252631209,0.0,2604
1,     90538,26056,        5252807920,0.0,0.0
1,     90540,26057,        5253007920,0.0,0.0
0,     90542,0,        5253055686,0.0,209
1,     90544,26058,        5253207920,0.0,0.0
0,     90546,0,        5253237762,0.0,6082
0,     90548,0,        5253351813,0.0,1722
1,     90550,26059,        5253407924,0.0,0.0
1,     90552,26060,        5253607924,0.0,0.0
0,     90554,0,        5253712563,0.0,5372
1,     90556,26061,        5253807924,0.0,0.0
0,     90558,0,        5253937195,0.0,5520
1,     90560,26062,        5254007924,0.0,0.0
0,     90562,0,        5254019856,0.0,3956
1,     90564,26063,        5254207928,0.0,0.0
0,     90566,0,        5254345021,0.0,1137
0,     90567,0,        5254345265,0.0,622
1,     90569,26064,        5254407928,0.0,0.0
1,     90571,26065,        5254607928,0.0,0.0
1,     90573,26066,        5254807932,0.0,0.0
0,     90575,0,        5254872853,0.0,2740
1,     90577,26067,        5255007932,0.0,0.0
1,     90579,26068,        5255207932,0.0,0.0
0,     90581,0,        5255224273,0.0,5822
0,     90583,0,        5255338595,0.0,5487
1,     90585,26069,        5255407936,0.0,0.0
0,     90587,0,        5255481253,0.0,5256
1,     90589,26070,        5255607936,0.0,0.0
1,     90591,26071,        5255807936,0.0,0.0
1,     90593,26072,        5256007936,0.0,0.0
1,     90595,26073,        5256207940,0.0,0.0
0,     90597,0,        5256383825,0.0,176
1,     90599,26074,        5256407940,0.0,0.0
1,     90601,26075,        5256607940,0.0,0.0
0,     90603,0,        5256720530,0.0,4785
1,     90605,26076,        5256807944,0.0,0.0
1,     90607,26077,        5257007944,0.0,0.0
0,     90609,0,        5257175324,0.0,1963
1,     90611,26078,        5257207944,0.0,0.0
1,     90613,26079,        5257407948,0.0,0.0
1,     90615,26080,        5257607948,0.0,0.0
0,     90617,0,        5257632065,0.0,1086
1,     90619,26081,        5257807948,0.0,0.0
1,     90621,26082,        5258007948,0.0,0.0
0,     90623,0,        5258010697,0.0,5832
1,     90625,26083,        5258207952,0.0,0.0
0,     90627,0,        5258290312,0.0,629
1,     90629,26084,        5258407952,0.0,0.0
0,     90631,0,        5258563619,0.0,3006
1,     90633,26085,        5258607952,0.0,0.0
1,     90635,26086,        5258807956,0.0,0.0
1,     90637,26087,        5259007956,0.0,0.0
0,     90639,0,        5259102214,0.0,775
0,     90641,0,        5259151489,0.0,5175
1,     90643,26088,        5259207956,0.0,0.0
0,     90645,0,        5259214203,0.0,888
1,     90647,26089,        5259407960,0.0,0.0
1,     90649,26090,        5259607960,0.0,0.0
0,     90651,0,        5259762154,0.0,459
1,     90653,26091,        5259807960,0.0,0.0
1,     90655,26092,        5260007960,0.0,0.0
1,     90657,26093,        5260207964,0.0,0.0
1,     90659,26094,        5260407964,0.0,0.0
1,     90661,26095,        5260607964,0.0,0.0
1,     90663,26096,        5260807968,0.0,0.0
1,     90665,26097,        5261007968,0.0,0.0
1,     90667,26098,        5261207968,0.0,0.0
1,     90669,26099,        5261407968,0.0,0.0
0,     90671,0,        5261457744,0.0,24
0,     90673,0,        5261497395,0.0,3364
0,     90675,0,        5261601279,0.0,1194
1,     90677,26100,        5261607972,0.0,0.0
0,     90679,0,        5261690495,0.0,1086
0,     90681,0,        5261705317,0.0,2986
1,     90683,26101,        5261807972,0.0,0.0
0,     90685,0,        5261982334,0.0,3966
0,     90686,0,        5261982339,0.0,2929
0,     90687,0,        5261982541,0.0,1919
1,     90689,26102,        5262007972,0.0,0.0
0,     90691,0,        5262042600,0.0,4894
1,     90693,26103,        5262207976,0.0,0.0
0,     90695,0,        5262309632,0.0,4070
0,     90697,0,        5262372306,0.0,2806
1,     90699,26104,        5262407976,0.0,0.0
1,     90701,26105,        5262607976,0.0,0.0
1,     90703,26106,        5262807980,0.0,0.0
0,     90705,0,        5262887916,0.0,2674
1,     90707,26107,        5263007980,0.0,0.0
0,     90709,0,        5263028850,0.0,3025
1,     90711,26108,        5263207980,0.0,0.0
1,     90713,26109,        5263407980,0.0,0.0
1,     90715,26110,        5263607984,0.0,0.0
0,     90717,0,        5263735886,0.0,4693
1,     90719,26111,        5263807984,0.0,0.0
0,     90721,0,        5263874355,0.0,4318
1,     90723,26112,        5264007984,0.0,0.0
0,     90725,0,        5264009502,0.0,2090
1,     90727,26113,        5264207988,0.0,0.0
1,     90729,26114,        5264407988,0.0,0.0
0,     90731,0,        5264411557,0.0,2885
0,     90733,0,        5264422614,0.0,2700
0,     90735,0,        5264536941,0.0,2191
1,     90737,26115,        5264607988,0.0,0.0
1,     90739,26116,        5264807992,0.0,0.0
0,     90741,0,        5264984144,0.0,2807
1,     90743,26117,        5265007992,0.0,0.0
1,     90745,26118,        5265207992,0.0,0.0
0,     90747,0,        5265210464,0.0,5888
1,     90749,26119,        5265407992,0.0,0.0
0,     90751,0,        5265480667,0.0,5705
1,     90753,26120,        5265607996,0.0,0.0
1,     90755,26121,        5265807996,0.0,0.0
1,     90757,26122,        5266007996,0.0,0.0
0,     90759,0,        5266172861,0.0,448
1,     90761,26123,        5266208000,0.0,0.0
0,     90763,0,        5266385724,0.0,662
1,     90765,26124,        5266408000,0.0,0.0
1,     90767,26125,        5266608000,0.0,0.0
1,     90769,26126,        5266808004,0.0,0.0
0,     90771,0,        5266811293,0.0,1176
1,     90773,26127,        5267008004,0.0,0.0
1,     90775,26128,        5267208004,0.0,0.0
0,     90777,0,        5267231158,0.0,2176
0,     90779,0,        5267350562,0.0,4576
1,     90781,26129,        5267408004,0.0,0.0
1,     90783,26130,        5267608008,0.0,0.0
1,     90785,26131,        5267808008,0.0,0.0
0,     90787,0,        5267815842,0.0,292
0,     90788,0,        5267815996,0.0,234
1,     90790,26132,        5268008008,0.0,0.0
0,     90792,0,        5268104100,0.0,1903
1,     90794,26133,        5268208012,0.0,0.0
1,     90796,26134,        5268408012,0.0,0.0
0,     90798,0,        5268408422,0.0,1760
1,     90800,26135,        5268608012,0.0,0.0
0,     90802,0,        5268790543,0.0,3346
1,     90804,26136,        5268808016,0.0,0.0
1,     90806,26137,        5269008016,0.0,0.0
1,     90808,26138,        5269208016,0.0,0.0
0,     90810,0,        5269334706,0.0,3828
1,     90812,26139,        5269408016,0.0,0.0
1,     90814,26140,        5269608020,0.0,0.0
0,     90816,0,        5269786072,0.0,371
1,     90818,26141,        5269808020,0.0,0.0
0,     90820,0,        5269957272,0.0,3985
0,     90822,0,        5269960389,0.0,3399
1,     90824,26142,        5270008020,0.0,0.0
0,     90826,0,        5270079595,0.0,5867
1,     90828,26143,        5270208024,0.0,0.0
0,     90830,0,        5270321664,0.0,1090
1,     90832,26144,        5270408024,0.0,0.0
0,     90834,0,        5270460735,0.0,1376
1,     90836,26145,        5270608024,0.0,0.0
0,     90838,0,        5270659144,0.0,3062
0,     90839,0,        5270659620,0.0,1944
0,     90841,0,        5270781000,0.0,2337
1,     90843,26146,        5270808024,0.0,0.0
1,     90845,26147,        5271008028,0.0,0.0
1,     90847,26148,        5271208028,0.0,0.0
0,     90849,0,        5271315169,0.0,1931
0,     90851,0,        5271374420,0.0,5370
1,     90853,26149,        5271408028,0.0,0.0
1,     90855,26150,        5271608032,0.0,0.0
1,     90857,26151,        5271808032,0.0,0.0
0,     90859,0,        5271913147,0.0,1707
0,     90861,0,        5271926568,0.0,1422
1,     90863,26152,        5272008032,0.0,0.0
0,     90865,0,        5272188537,0.0,1781
1,     90867,26153,        5272208036,0.0,0.0
1,     90869,26154,        5272408036,0.0,0.0
1,     90871,26155,        5272608036,0.0,0.0
0,     90873,0,        5272636289,0.0,553
0,     90875,0,        5272717305,0.0,4862
0,     90877,0,        5272763113,0.0,5138
1,     90879,26156,        5272808036,0.0,0.0
0,     90881,0,        5272810667,0.0,4126
0,     90883,0,        5272878162,0.0,4234
1,     90885,26157,        5273008040,0.0,0.0
0,     90887,0,        5273146193,0.0,2352
1,     90889,26158,        5273208040,0.0,0.0
0,     90891,0,        5273370310,0.0,1931
1,     90893,26159,        5273408040,0.0,0.0
1,     90895,26160,        5273608044,0.0,0.0
1,     90897,26161,        5273808044,0.0,0.0
1,     90899,26162,        5274008044,0.0,0.0
0,     90901,0,        5274066820,0.0,2821
1,     90903,26163,        5274208048,0.0,0.0
0,     90905,0,        5274365854,0.0,1988
1,     90907,26164,        5274408048,0.0,0.0
1,     90909,26165,        5274608048,0.0,0.0
1,     90911,26166,        5274808048,0.0,0.0
1,     90913,26167,        5275008052,0.0,0.0
0,     90915,0,        5275074581,0.0,2408
1,     90917,26168,        5275208052,0.0,0.0
1,     90919,26169,        5275408052,0.0,0.0
0,     90921,0,        5275592907,0.0,1235
1,     90923,26170,        5275608056,0.0,0.0
0,     90925,0,        5275711619,0.0,1912
1,     90927,26171,        5275808056,0.0,0.0
0,     90929,0,        5275863811,0.0,6171
0,     90931,0,        5275921295,0.0,3788
1,     90933,26172,        5276008056,0.0,0.0
0,     90935,0,        5276112760,0.0,796
1,     90937,26173,        5276208060,0.0,0.0
0,     90939,0,        5276376958,0.0,2730
1,     90941,26174,        5276408060,0.0,0.0
1,     90943,26175,        5276608060,0.0,0.0
1,     90945,26176,        5276808060,0.0,0.0
0,     90947,0,        5276951582,0.0,2061
1,     90949,26177,        5277008064,0.0,0.0
0,     90951,0,        5277148231,0.0,6245
1,     90953,26178,        5277208064,0.0,0.0
1,     90955,26179,        5277408064,0.0,0.0
1,     90957,26180,        5277608068,0.0,0.0
1,     90959,26181,        5277808068,0.0,0.0
1,     90961,26182,        5278008068,0.0,0.0
1,     90963,26183,        5278208068,0.0,0.0
1,     90965,26184,        5278408072,0.0,0.0
0,     90967,0,        5278519555,0.0,3930
1,     90969,26185,        5278608072,0.0,0.0
0,     90971,0,        5278733275,0.0,3570
0,     90973,0,        5278778400,0.0,4058
1,     90975,26186,        5278808072,0.0,0.0
1,     90977,26187,        5279008076,0.0,0.0
1,     90979,26188,        5279208076,0.0,0.0
0,     90981,0,        5279316125,0.0,3705
1,     90983,26189,        5279408076,0.0,0.0
0,     90985,0,        5279459684,0.0,2630
1,     90987,26190,        5279608080,0.0,0.0
1,     90989,26191,        5279808080,0.0,0.0
1,     90991,26192,        5280008080,0.0,0.0
1,     90993,26193,        5280208080,0.0,0.0
1,     90995,26194,        5280408084,0.0,0.0
0,     90997,0,        5280437853,0.0,3832
0,     90999,0,        5280484002,0.0,608
0,     91001,0,        5280490295,0.0,5668
1,     91003,26195,        5280608084,0.0,0.0
1,     91005,26196,        5280808084,0.0,0.0
0,     91007,0,        5280837354,0.0,778
1,     91009,26197,        5281008088,0.0,0.0
1,     91011,26198,        5281208088,0.0,0.0
0,     91013,0,        5281393397,0.0,2473
1,     91015,26199,        5281408088,0.0,0.0
1,     91017,26200,        5281608092,0.0,0.0
1,     91019,26201,        5281808092,0.0,0.0
1,     91021,26202,        5282008092,0.0,0.0
1,     91023,26203,        5282208092,0.0,0.0
1,     91025,26204,        5282408096,0.0,0.0
0,     91027,0,        5282538873,0.0,1905
1,     91029,26205,        5282608096,0.0,0.0
1,     91031,26206,        5282808096,0.0,0.0
0,     91033,0,        5282824492,0.0,3728
0,     91035,0,        5282878866,0.0,507
1,     91037,26207,        5283008100,0.0,0.0
1,     91039,26208,        5283208100,0.0,0.0
0,     91041,0,        5283208279,0.0,1
1,     91043,26209,        5283408100,0.0,0.0
0,     91045,0,        5283501217,0.0,5049
0,     91047,0,        5283568865,0.0,5788
1,     91049,26210,        5283608104,0.0,0.0
1,     91051,26211,        5283808104,0.0,0.0
1,     91053,26212,        5284008104,0.0,0.0
0,     91055,0,        5284047964,0.0,3699
1,     91057,26213,        5284208104,0.0,0.0
0,     91059,0,        5284263156,0.0,5599
1,     91061,26214,        5284408108,0.0,0.0
1,     91063,26215,        5284608108,0.0,0.0
0,     91065,0,        5284727406,0.0,4895
1,     91067,26216,        5284808108,0.0,0.0
1,     91069,26217,        5285008112,0.0,0.0
0,     91071,0,        5285155407,0.0,250
1,     91073,26218,        5285208112,0.0,0.0
0,     91075,0,        5285369893,0.0,6038
0,     91076,0,        5285369900,0.0,11
0,     91078,0,        5285397200,0.0,4659
1,     91080,26219,        5285408112,0.0,0.0
0,     91082,0,        5285494472,0.0,1821
1,     91084,26220,        5285608116,0.0,0.0
0,     91086,0,        5285637035,0.0,5157
0,     91088,0,        5285734586,0.0,3179
1,     91090,26221,        5285808116,0.0,0.0
0,     91092,0,        5285826353,0.0,1749
0,     91093,0,        5285826398,0.0,320
0,     91095,0,        5285854934,0.0,5432
0,     91097,0,        5285887396,0.0,6004
1,     91099,26222,        5286008116,0.0,0.0
1,     91101,26223,        5286208116,0.0,0.0
1,     91103,26224,        5286408120,0.0,0.0
0,     91105,0,        5286524800,0.0,5847
0,     91107,0,        5286525160,0.0,2817
1,     91109,26225,        5286608120,0.0,0.0
0,     91111,0,        5286707580,0.0,504
0,     91113,0,        5286735759,0.0,5218
1,     91115,26226,        5286808120,0.0,0.0
0,     91117,0,        5286896256,0.0,1900
1,     91119,26227,        5287008124,0.0,0.0
1,     91121,26228,        5287208124,0.0,0.0
1,     91123,26229,        5287408124,0.0,0.0
0,     91125,0,        5287565493,0.0,4683
1,     91127,26230,        5287608124,0.0,0.0
1,     91129,26231,        5287808128,0.0,0.0
1,     91131,26232,        5288008128,0.0,0.0
0,     91133,0,        5288199883,0.0,3215
0,     91134,0,        5288199886,0.0,1755
1,     91136,26233,        5288208128,0.0,0.0
1,     91138,26234,        5288408132,0.0,0.0
0,     91140,0,        5288451597,0.0,3235
0,     91142,0,        5288548091,0.0,6130
1,     91144,26235,        5288608132,0.0,0.0
1,     91146,26236,        5288808132,0.0,0.0
1,     91148,26237,        5289008136,0.0,0.0
0,     91150,0,        5289029365,0.0,4291
0,     91152,0,        5289044193,0.0,5689
1,     91154,26238,        5289208136,0.0,0.0
0,     91156,0,        5289338449,0.0,5952
1,     91158,26239,        5289408136,0.0,0.0
1,     91160,26240,        5289608136,0.0,0.0
0,     91162,0,        5289747055,0.0,3703
1,     91164,26241,        5289808140,0.0,0.0
1,     91166,26242,        5290008140,0.0,0.0
1,     91168,26243,        5290208140,0.0,0.0
0,     91170,0,        5290215826,0.0,2495
1,     91172,26244,        5290408144,0.0,0.0
0,     91174,0,        5290519019,0.0,4219
1,     91176,26245,        5290608144,0.0,0.0
0,     91178,0,        5290728600,0.0,4344
0,     91179,0,        5290729452,0.0,5813
0,     91181,0,        5290735233,0.0,3073
1,     91183,26246,        5290808144,0.0,0.0
0,     91185,0,        5290967060,0.0,4555
1,     91187,26247,        5291008148,0.0,0.0
1,     91189,26248,        5291208148,0.0,0.0
1,     91191,26249,        5291408148,0.0,0.0
0,     91193,0,        5291413147,0.0,2343
0,     91195,0,        5291584747,0.0,890
1,     91197,26250,        5291608148,0.0,0.0
0,     91199,0,        5291653708,0.0,3832
1,     91201,26251,        5291808152,0.0,0.0
0,     91203,0,        5291930758,0.0,2218
0,     91204,0,        5291930761,0.0,3288
0,     91205,0,        5291931130,0.0,5799
0,     91207,0,        5291996305,0.0,3340
1,     91209,26252,        5292008152,0.0,0.0
0,     91211,0,        5292161820,0.0,6093
1,     91213,26253,        5292208152,0.0,0.0
1,     91215,26254,        5292408156,0.0,0.0
1,     91217,26255,        5292608156,0.0,0.0
1,     91219,26256,        5292808156,0.0,0.0
1,     91221,26257,        5293008160,0.0,0.0
1,     91223,26258,        5293208160,0.0,0.0
1,     91225,26259,        5293408160,0.0,0.0
0,     91227,0,        5293499164,0.0,2873
1,     91229,26260,        5293608160,0.0,0.0
0,     91231,0,        5293656595,0.0,4622
0,     91233,0,        5293747341,0.0,4803
1,     91235,26261,        5293808164,0.0,0.0
1,     91237,26262,        5294008164,0.0,0.0
1,     91239,26263,        5294208164,0.0,0.0
1,     91241,26264,        5294408168,0.0,0.0
1,     91243,26265,        5294608168,0.0,0.0
1,     91245,26266,        5294808168,0.0,0.0
1,     91247,26267,        5295008168,0.0,0.0
0,     91249,0,        5295008958,0.0,1882
0,     91251,0,        5295176318,0.0,5090
1,     91253,26268,        5295208172,0.0,0.0
0,     91255,0,        5295217669,0.0,223
0,     91257,0,        5295394855,0.0,3386
1,     91259,26269,        5295408172,0.0,0.0
1,     91261,26270,        5295608172,0.0,0.0
0,     91263,0,        5295655179,0.0,3785
1,     91265,26271,        5295808176,0.0,0.0
1,     91267,26272,        5296008176,0.0,0.0
1,     91269,26273,        5296208176,0.0,0.0
0,     91271,0,        5296333661,0.0,4561
1,     91273,26274,        5296408180,0.0,0.0
1,     91275,26275,        5296608180,0.0,0.0
0,     91277,0,        5296628521,0.0,974
1,     91279,26276,        5296808180,0.0,0.0
0,     91281,0,        5296930971,0.0,2591
0,     91283,0,        5296935129,0.0,6086
1,     91285,26277,        5297008180,0.0,0.0
0,     91287,0,        5297161059,0.0,2441
1,     91289,26278,        5297208184,0.0,0.0
1,     91291,26279,        5297408184,0.0,0.0
1,     91293,26280,        5297608184,0.0,0.0
1,     91295,26281,        5297808188,0.0,0.0
1,     91297,26282,        5298008188,0.0,0.0
1,     91299,26283,        5298208188,0.0,0.0
1,     91301,26284,        5298408192,0.0,0.0
1,     91303,26285,        5298608192,0.0,0.0
0,     91305,0,        5298610312,0.0,1798
0,     91307,0,        5298647753,0.0,5930
0,     91309,0,        5298694582,0.0,2343
1,     91311,26286,        5298808192,0.0,0.0
0,     91313,0,        5298866550,0.0,1137
0,     91314,0,        5298866824,0.0,5062
1,     91316,26287,        5299008192,0.0,0.0
0,     91318,0,        5299013282,0.0,3262
0,     91320,0,        5299062334,0.0,3185
1,     91322,26288,        5299208196,0.0,0.0
1,     91324,26289,        5299408196,0.0,0.0
0,     91326,0,        5299542878,0.0,4937
1,     91328,26290,        5299608196,0.0,0.0
1,     91330,26291,        5299808200,0.0,0.0
0,     91332,0,        5299960390,0.0,5433
1,     91334,26292,        5300008200,0.0,0.0
0,     91336,0,        5300177354,0.0,1381
0,     91338,0,        5300199484,0.0,246
1,     91340,26293,        5300208200,0.0,0.0
0,     91342,0,        5300216742,0.0,6052
0,     91344,0,        5300376087,0.0,2555
0,     91346,0,        5300405548,0.0,129
1,     91348,26294,        5300408204,0.0,0.0
0,     91350,0,        5300454020,0.0,3394
1,     91352,26295,        5300608204,0.0,0.0
1,     91354,26296,        5300808204,0.0,0.0
1,     91356,26297,        5301008204,0.0,0.0
0,     91358,0,        5301041008,0.0,5303
1,     91360,26298,        5301208208,0.0,0.0
1,     91362,26299,        5301408208,0.0,0.0
0,     91364,0,        5301590495,0.0,1138
1,     91366,26300,        5301608208,0.0,0.0
1,     91368,26301,        5301808212,0.0,0.0
1,     91370,26302,        5302008212,0.0,0.0
1,     91372,26303,        5302208212,0.0,0.0
1,     91374,26304,        5302408216,0.0,0.0
1,     91376,26305,        5302608216,0.0,0.0
1,     91378,26306,        5302808216,0.0,0.0
1,     91380,26307,        5303008216,0.0,0.0
1,     91382,26308,        5303208220,0.0,0.0
0,     91384,0,        5303211295,0.0,1738
0,     91386,0,        5303379298,0.0,961
0,     91388,0,        5303407072,0.0,3564
1,     91390,26309,        5303408220,0.0,0.0
1,     91392,26310,        5303608220,0.0,0.0
1,     91394,26311,        5303808224,0.0,0.0
1,     91396,26312,        5304008224,0.0,0.0
1,     91398,26313,        5304208224,0.0,0.0
0,     91400,0,        5304223900,0.0,868
1,     91402,26314,        5304408224,0.0,0.0
0,     91404,0,        5304426343,0.0,4267
0,     91405,0,        5304426363,0.0,2180
0,     91407,0,        5304440831,0.0,3034
1,     91409,26315,        5304608228,0.0,0.0
1,     91411,26316,        5304808228,0.0,0.0
1,     91413,26317,        5305008228,0.0,0.0
0,     91415,0,        5305182215,0.0,2204
1,     91417,26318,        5305208232,0.0,0.0
0,     91419,0,        5305223846,0.0,2254
0,     91421,0,        5305317979,0.0,1177
0,     91423,0,        5305338965,0.0,4228
1,     91425,26319,        5305408232,0.0,0.0
1,     91427,26320,        5305608232,0.0,0.0
1,     91429,26321,        5305808236,0.0,0.0
1,     91431,26322,        5306008236,0.0,0.0
1,     91433,26323,        5306208236,0.0,0.0
0,     91435,0,        5306363460,0.0,5814
1,     91437,26324,        5306408236,0.0,0.0
0,     91439,0,        5306472383,0.0,675
0,     91441,0,        5306508912,0.0,186
1,     91443,26325,        5306608240,0.0,0.0
1,     91445,26326,        5306808240,0.0,0.0
1,     91447,26327,        5307008240,0.0,0.0
0,     91449,0,        5307021520,0.0,5451
0,     91451,0,        5307098871,0.0,1064
0,     91453,0,        5307128688,0.0,2096
1,     91455,26328,        5307208244,0.0,0.0
0,     91457,0,        5307373778,0.0,1976
1,     91459,26329,        5307408244,0.0,0.0
1,     91461,26330,        5307608244,0.0,0.0
1,     91463,26331,        5307808248,0.0,0.0
1,     91465,26332,        5308008248,0.0,0.0
1,     91467,26333,        5308208248,0.0,0.0
1,     91469,26334,        5308408248,0.0,0.0
0,     91471,0,        5308448477,0.0,4274
0,     91473,0,        5308519623,0.0,4574
1,     91475,26335,        5308608252,0.0,0.0
0,     91477,0,        5308622677,0.0,4717
0,     91479,0,        5308714255,0.0,2408
0,     91481,0,        5308768255,0.0,4458
1,     91483,26336,        5308808252,0.0,0.0
0,     91485,0,        5308821254,0.0,5305
1,     91487,26337,        5309008252,0.0,0.0
1,     91489,26338,        5309208256,0.0,0.0
0,     91491,0,        5309359217,0.0,4499
1,     91493,26339,        5309408256,0.0,0.0
0,     91495,0,        5309576555,0.0,5686
0,     91496,0,        5309576634,0.0,2201
1,     91498,26340,        5309608256,0.0,0.0
0,     91500,0,        5309705462,0.0,4701
0,     91502,0,        5309760993,0.0,3365
1,     91504,26341,        5309808256,0.0,0.0
1,     91506,26342,        5310008260,0.0,0.0
1,     91508,26343,        5310208260,0.0,0.0
1,     91510,26344,        5310408260,0.0,0.0
0,     91512,0,        5310520702,0.0,2106
1,     91514,26345,        5310608264,0.0,0.0
1,     91516,26346,        5310808264,0.0,0.0
0,     91518,0,        5310910942,0.0,3105
1,     91520,26347,        5311008264,0.0,0.0
1,     91522,26348,        5311208268,0.0,0.0
0,     91524,0,        5311385738,0.0,1807
1,     91526,26349,        5311408268,0.0,0.0
1,     91528,26350,        5311608268,0.0,0.0
1,     91530,26351,        5311808268,0.0,0.0
0,     91532,0,        5311874352,0.0,4906
1,     91534,26352,        5312008272,0.0,0.0
1,     91536,26353,        5312208272,0.0,0.0
1,     91538,26354,        5312408272,0.0,0.0
1,     91540,26355,        5312608276,0.0,0.0
1,     91542,26356,        5312808276,0.0,0.0
1,     91544,26357,        5313008276,0.0,0.0
0,     91546,0,        5313126519,0.0,1922
1,     91548,26358,        5313208280,0.0,0.0
1,     91550,26359,        5313408280,0.0,0.0
0,     91552,0,        5313503982,0.0,406
0,     91554,0,        5313593908,0.0,1448
1,     91556,26360,        5313608280,0.0,0.0
0,     91558,0,        5313641462,0.0,5224
1,     91560,26361,        5313808280,0.0,0.0
1,     91562,26362,        5314008284,0.0,0.0
0,     91564,0,        5314111166,0.0,3171
1,     91566,26363,        5314208284,0.0,0.0
0,     91568,0,        5314262206,0.0,1840
1,     91570,26364,        5314408284,0.0,0.0
0,     91572,0,        5314446272,0.0,2349
1,     91574,26365,        5314608288,0.0,0.0
0,     91576,0,        5314708242,0.0,2530
0,     91578,0,        5314736639,0.0,2252
0,     91580,0,        5314797298,0.0,4106
1,     91582,26366,        5314808288,0.0,0.0
0,     91584,0,        5314959112,0.0,3378
0,     91586,0,        5314979204,0.0,1646
1,     91588,26367,        5315008288,0.0,0.0
1,     91590,26368,        5315208292,0.0,0.0
0,     91592,0,        5315248717,0.0,2421
1,     91594,26369,        5315408292,0.0,0.0
1,     91596,26370,        5315608292,0.0,0.0
0,     91598,0,        5315668926,0.0,3872
0,     91600,0,        5315682256,0.0,2019
1,     91602,26371,        5315808292,0.0,0.0
1,     91604,26372,        5316008296,0.0,0.0
1,     91606,26373,        5316208296,0.0,0.0
1,     91608,26374,        5316408296,0.0,0.0
1,     91610,26375,        5316608300,0.0,0.0
0,     91612,0,        5316694595,0.0,671
1,     91614,26376,        5316808300,0.0,0.0
1,     91616,26377,        5317008300,0.0,0.0
1,     91618,26378,        5317208304,0.0,0.0
1,     91620,26379,        5317408304,0.0,0.0
0,     91622,0,        5317430684,0.0,380
1,     91624,26380,        5317608304,0.0,0.0
1,     91626,26381,        5317808304,0.0,0.0
1,     91628,26382,        5318008308,0.0,0.0
0,     91630,0,        5318152167,0.0,2530
0,     91632,0,        5318152449,0.0,3320
1,     91634,26383,        5318208308,0.0,0.0
1,     91636,26384,        5318408308,0.0,0.0
0,     91638,0,        5318536644,0.0,1858
1,     91640,26385,        5318608312,0.0,0.0
0,     91642,0,        5318803491,0.0,5430
1,     91644,26386,        5318808312,0.0,0.0
0,     91646,0,        5318925638,0.0,2932
0,     91648,0,        5318933440,0.0,4490
1,     91650,26387,        5319008312,0.0,0.0
1,     91652,26388,        5319208312,0.0,0.0
1,     91654,26389,        5319408316,0.0,0.0
0,     91656,0,        5319603905,0.0,2099
1,     91658,26390,        5319608316,0.0,0.0
0,     91660,0,        5319653161,0.0,2710
0,     91662,0,        5319667454,0.0,2378
0,     91664,0,        5319759444,0.0,5219
0,     91666,0,        5319796831,0.0,5876
1,     91668,26391,        5319808316,0.0,0.0
0,     91670,0,        5319943276,0.0,153
1,     91672,26392,        5320008320,0.0,0.0
1,     91674,26393,        5320208320,0.0,0.0
1,     91676,26394,        5320408320,0.0,0.0
1,     91678,26395,        5320608324,0.0,0.0
0,     91680,0,        5320617388,0.0,3964
1,     91682,26396,        5320808324,0.0,0.0
1,     91684,26397,        5321008324,0.0,0.0
1,     91686,26398,        5321208324,0.0,0.0
1,     91688,26399,        5321408328,0.0,0.0
0,     91690,0,        5321509812,0.0,2454
1,     91692,26400,        5321608328,0.0,0.0
1,     91694,26401,        5321808328,0.0,0.0
1,     91696,26402,        5322008332,0.0,0.0
1,     91698,26403,        5322208332,0.0,0.0
0,     91700,0,        5322393614,0.0,4760
1,     91702,26404,        5322408332,0.0,0.0
0,     91704,0,        5322428720,0.0,5457
1,     91706,26405,        5322608336,0.0,0.0
1,     91708,26406,        5322808336,0.0,0.0
1,     91710,26407,        5323008336,0.0,0.0
1,     91712,26408,        5323208336,0.0,0.0
1,     91714,26409,        5323408340,0.0,0.0
0,     91716,0,        5323532540,0.0,5791
1,     91718,26410,        5323608340,0.0,0.0
0,     91720,0,        5323637277,0.0,3152
0,     91722,0,        5323804199,0.0,2897
1,     91724,26411,        5323808340,0.0,0.0
0,     91726,0,        5323962970,0.0,1550
1,     91728,26412,        5324008344,0.0,0.0
0,     91730,0,        5324091034,0.0,3556
1,     91732,26413,        5324208344,0.0,0.0
0,     91734,0,        5324399778,0.0,5481
1,     91736,26414,        5324408344,0.0,0.0
1,     91738,26415,        5324608348,0.0,0.0
0,     91740,0,        5324796173,0.0,1267
1,     91742,26416,        5324808348,0.0,0.0
1,     91744,26417,        5325008348,0.0,0.0
1,     91746,26418,        5325208348,0.0,0.0
0,     91748,0,        5325255646,0.0,3468
0,     91750,0,        5325362120,0.0,4872
1,     91752,26419,        5325408352,0.0,0.0
0,     91754,0,        5325573277,0.0,593
1,     91756,26420,        5325608352,0.0,0.0
0,     91758,0,        5325739674,0.0,6111
1,     91760,26421,        5325808352,0.0,0.0
1,     91762,26422,        5326008356,0.0,0.0
1,     91764,26423,        5326208356,0.0,0.0
0,     91766,0,        5326301239,0.0,1264
0,     91767,0,        5326302204,0.0,3928
1,     91769,26424,        5326408356,0.0,0.0
1,     91771,26425,        5326608356,0.0,0.0
1,     91773,26426,        5326808360,0.0,0.0
1,     91775,26427,        5327008360,0.0,0.0
0,     91777,0,        5327117471,0.0,4312
0,     91779,0,        5327146949,0.0,5893
1,     91781,26428,        5327208360,0.0,0.0
0,     91783,0,        5327224176,0.0,1301
0,     91785,0,        5327318441,0.0,2345
0,     91787,0,        5327371999,0.0,5542
1,     91789,26429,        5327408364,0.0,0.0
0,     91791,0,        5327572110,0.0,2633
1,     91793,26430,        5327608364,0.0,0.0
1,     91795,26431,        5327808364,0.0,0.0
0,     91797,0,        5327824832,0.0,4900
1,     91799,26432,        5328008368,0.0,0.0
0,     91801,0,        5328172265,0.0,5233
1,     91803,26433,        5328208368,0.0,0.0
1,     91805,26434,        5328408368,0.0,0.0
1,     91807,26435,        5328608368,0.0,0.0
0,     91809,0,        5328615588,0.0,147
0,     91811,0,        5328649746,0.0,4094
0,     91813,0,        5328767854,0.0,3754
0,     91815,0,        5328783202,0.0,238
1,     91817,26436,        5328808372,0.0,0.0
0,     91819,0,        5328856288,0.0,2228
0,     91821,0,        5328859665,0.0,4372
0,     91823,0,        5328923820,0.0,3002
0,     91825,0,        5328957758,0.0,3101
1,     91827,26437,        5329008372,0.0,0.0
1,     91829,26438,        5329208372,0.0,0.0
1,     91831,26439,        5329408376,0.0,0.0
0,     91833,0,        5329590507,0.0,4384
1,     91835,26440,        5329608376,0.0,0.0
1,     91837,26441,        5329808376,0.0,0.0
1,     91839,26442,        5330008380,0.0,0.0
1,     91841,26443,        5330208380,0.0,0.0
0,     91843,0,        5330353642,0.0,5141
1,     91845,26444,        5330408380,0.0,0.0
1,     91847,26445,        5330608380,0.0,0.0
0,     91849,0,        5330630226,0.0,1448
0,     91851,0,        5330746818,0.0,497
1,     91853,26446,        5330808384,0.0,0.0
1,     91855,26447,        5331008384,0.0,0.0
1,     91857,26448,        5331208384,0.0,0.0
1,     91859,26449,        5331408388,0.0,0.0
0,     91861,0,        5331538874,0.0,6184
0,     91863,0,        5331542155,0.0,1497
1,     91865,26450,        5331608388,0.0,0.0
1,     91867,26451,        5331808388,0.0,0.0
0,     91869,0,        5331845172,0.0,2274
0,     91871,0,        5332004922,0.0,1416
1,     91873,26452,        5332008392,0.0,0.0
0,     91875,0,        5332152501,0.0,1077
0,     91877,0,        5332198468,0.0,5299
1,     91879,26453,        5332208392,0.0,0.0
1,     91881,26454,        5332408392,0.0,0.0
0,     91883,0,        5332513273,0.0,5872
1,     91885,26455,        5332608392,0.0,0.0
1,     91887,26456,        5332808396,0.0,0.0
0,     91889,0,        5332928580,0.0,2065
1,     91891,26457,        5333008396,0.0,0.0
1,     91893,26458,        5333208396,0.0,0.0
1,     91895,26459,        5333408400,0.0,0.0
1,     91897,26460,        5333608400,0.0,0.0
1,     91899,26461,        5333808400,0.0,0.0
0,     91901,0,        5333955508,0.0,1279
1,     91903,26462,        5334008404,0.0,0.0
1,     91905,26463,        5334208404,0.0,0.0
0,     91907,0,        5334272077,0.0,832
1,     91909,26464,        5334408404,0.0,0.0
1,     91911,26465,        5334608404,0.0,0.0
1,     91913,26466,        5334808408,0.0,0.0
1,     91915,26467,        5335008408,0.0,0.0
1,     91917,26468,        5335208408,0.0,0.0
0,     91919,0,        5335213287,0.0,30
1,     91921,26469,        5335408412,0.0,0.0
1,     91923,26470,        5335608412,0.0,0.0
0,     91925,0,        5335732037,0.0,5264
1,     91927,26471,        5335808412,0.0,0.0
0,     91929,0,        5335914512,0.0,3380
0,     91931,0,        5335986291,0.0,3197
1,     91933,26472,        5336008412,0.0,0.0
0,     91935,0,        5336070014,0.0,4897
0,     91937,0,        5336110168,0.0,4065
0,     91939,0,        5336168670,0.0,4282
1,     91941,26473,        5336208416,0.0,0.0
0,     91943,0,        5336304437,0.0,1786
0,     91945,0,        5336365178,0.0,1268
1,     91947,26474,        5336408416,0.0,0.0
1,     91949,26475,        5336608416,0.0,0.0
0,     91951,0,        5336644725,0.0,3746
1,     91953,26476,        5336808420,0.0,0.0
0,     91955,0,        5336831802,0.0,5417
1,     91957,26477,        5337008420,0.0,0.0
1,     91959,26478,        5337208420,0.0,0.0
1,     91961,26479,        5337408424,0.0,0.0
0,     91963,0,        5337419773,0.0,2501
1,     91965,26480,        5337608424,0.0,0.0
0,     91967,0,        5337641260,0.0,4158
0,     91968,0,        5337641271,0.0,5390
1,     91970,26481,        5337808424,0.0,0.0
1,     91972,26482,        5338008424,0.0,0.0
1,     91974,26483,        5338208428,0.0,0.0
0,     91976,0,        5338295392,0.0,4653
1,     91978,26484,        5338408428,0.0,0.0
0,     91980,0,        5338603379,0.0,2417
1,     91982,26485,        5338608428,0.0,0.0
1,     91984,26486,        5338808432,0.0,0.0
0,     91986,0,        5338812574,0.0,4611
1,     91988,26487,        5339008432,0.0,0.0
1,     91990,26488,        5339208432,0.0,0.0
1,     91992,26489,        5339408436,0.0,0.0
0,     91994,0,        5339606475,0.0,4549
1,     91996,26490,        5339608436,0.0,0.0
0,     91998,0,        5339721968,0.0,3771
1,     92000,26491,        5339808436,0.0,0.0
0,     92002,0,        5339893840,0.0,3629
0,     92004,0,        5339924386,0.0,6123
1,     92006,26492,        5340008436,0.0,0.0
1,     92008,26493,        5340208440,0.0,0.0
0,     92010,0,        5340350908,0.0,122
1,     92012,26494,        5340408440,0.0,0.0
1,     92014,26495,        5340608440,0.0,0.0
1,     92016,26496,        5340808444,0.0,0.0
0,     92018,0,        5340917577,0.0,6098
1,     92020,26497,        5341008444,0.0,0.0
1,     92022,26498,        5341208444,0.0,0.0
1,     92024,26499,        5341408444,0.0,0.0
0,     92026,0,        5341495223,0.0,3211
1,     92028,26500,        5341608448,0.0,0.0
1,     92030,26501,        5341808448,0.0,0.0
1,     92032,26502,        5342008448,0.0,0.0
0,     92034,0,        5342124473,0.0,3913
1,     92036,26503,        5342208452,0.0,0.0
1,     92038,26504,        5342408452,0.0,0.0
1,     92040,26505,        5342608452,0.0,0.0
1,     92042,26506,        5342808456,0.0,0.0
1,     92044,26507,        5343008456,0.0,0.0
1,     92046,26508,        5343208456,0.0,0.0
0,     92048,0,        5343227024,0.0,3958
0,     92050,0,        5343258624,0.0,1295
0,     92052,0,        5343263095,0.0,3498
0,     92054,0,        5343285749,0.0,2047
1,     92056,26509,        5343408460,0.0,0.0
0,     92058,0,        5343450932,0.0,5511
1,     92060,26510,        5343608460,0.0,0.0
0,     92062,0,        5343629196,0.0,4768
1,     92064,26511,        5343808460,0.0,0.0
0,     92066,0,        5343861729,0.0,5925
0,     92068,0,        5343977971,0.0,5870
1,     92070,26512,        5344008460,0.0,0.0
1,     92072,26513,        5344208464,0.0,0.0
1,     92074,26514,        5344408464,0.0,0.0
0,     92076,0,        5344537856,0.0,5718
1,     92078,26515,        5344608464,0.0,0.0
0,     92080,0,        5344741075,0.0,3919
0,     92082,0,        5344768234,0.0,1263
1,     92084,26516,        5344808468,0.0,0.0
0,     92086,0,        5344927469,0.0,2455
1,     92088,26517,        5345008468,0.0,0.0
0,     92090,0,        5345077177,0.0,2783
0,     92092,0,        5345140621,0.0,3025
1,     92094,26518,        5345208468,0.0,0.0
0,     92096,0,        5345264703,0.0,2632
0,     92098,0,        5345360427,0.0,5297
1,     92100,26519,        5345408468,0.0,0.0
1,     92102,26520,        5345608472,0.0,0.0
0,     92104,0,        5345731270,0.0,5205
1,     92106,26521,        5345808472,0.0,0.0
0,     92108,0,        5345850293,0.0,2625
1,     92110,26522,        5346008472,0.0,0.0
0,     92112,0,        5346170001,0.0,5241
1,     92114,26523,        5346208476,0.0,0.0
1,     92116,26524,        5346408476,0.0,0.0
0,     92118,0,        5346470832,0.0,3039
1,     92120,26525,        5346608476,0.0,0.0
1,     92122,26526,        5346808480,0.0,0.0
1,     92124,26527,        5347008480,0.0,0.0
1,     92126,26528,        5347208480,0.0,0.0
1,     92128,26529,        5347408480,0.0,0.0
0,     92130,0,        5347443844,0.0,846
0,     92132,0,        5347504058,0.0,1802
1,     92134,26530,        5347608484,0.0,0.0
0,     92136,0,        5347722472,0.0,3156
1,     92138,26531,        5347808484,0.0,0.0
1,     92140,26532,        5348008484,0.0,0.0
0,     92142,0,        5348206019,0.0,3351
1,     92144,26533,        5348208488,0.0,0.0
1,     92146,26534,        5348408488,0.0,0.0
1,     92148,26535,        5348608488,0.0,0.0
0,     92150,0,        5348789836,0.0,2255
1,     92152,26536,        5348808492,0.0,0.0
0,     92154,0,        5348839120,0.0,918
0,     92155,0,        5348839202,0.0,3009
1,     92157,26537,        5349008492,0.0,0.0
1,     92159,26538,        5349208492,0.0,0.0
1,     92161,26539,        5349408492,0.0,0.0
0,     92163,0,        5349465416,0.0,1122
1,     92165,26540,        5349608496,0.0,0.0
0,     92167,0,        5349609898,0.0,1146
1,     92169,26541,        5349808496,0.0,0.0
0,     92171,0,        5349848072,0.0,411
1,     92173,26542,        5350008496,0.0,0.0
1,     92175,26543,        5350208500,0.0,0.0
1,     92177,26544,        5350408500,0.0,0.0
0,     92179,0,        5350543732,0.0,127
1,     92181,26545,        5350608500,0.0,0.0
1,     92183,26546,        5350808500,0.0,0.0
1,     92185,26547,        5351008504,0.0,0.0
0,     92187,0,        5351191305,0.0,4208
1,     92189,26548,        5351208504,0.0,0.0
0,     92191,0,        5351321047,0.0,590
1,     92193,26549,        5351408504,0.0,0.0
1,     92195,26550,        5351608508,0.0,0.0
0,     92197,0,        5351657909,0.0,4965
1,     92199,26551,        5351808508,0.0,0.0
1,     92201,26552,        5352008508,0.0,0.0
0,     92203,0,        5352196318,0.0,4978
1,     92205,26553,        5352208512,0.0,0.0
1,     92207,26554,        5352408512,0.0,0.0
0,     92209,0,        5352479669,0.0,5018
1,     92211,26555,        5352608512,0.0,0.0
0,     92213,0,        5352718928,0.0,888
0,     92215,0,        5352759903,0.0,5636
1,     92217,26556,        5352808512,0.0,0.0
1,     92219,26557,        5353008516,0.0,0.0
1,     92221,26558,        5353208516,0.0,0.0
0,     92223,0,        5353336827,0.0,3455
1,     92225,26559,        5353408516,0.0,0.0
0,     92227,0,        5353573510,0.0,4975
1,     92229,26560,        5353608520,0.0,0.0
0,     92231,0,        5353634111,0.0,2593
1,     92233,26561,        5353808520,0.0,0.0
0,     92235,0,        5353828702,0.0,1603
1,     92237,26562,        5354008520,0.0,0.0
1,     92239,26563,        5354208524,0.0,0.0
0,     92241,0,        5354341700,0.0,965
1,     92243,26564,        5354408524,0.0,0.0
0,     92245,0,        5354457162,0.0,3060
0,     92247,0,        5354506730,0.0,5896
1,     92249,26565,        5354608524,0.0,0.0
0,     92251,0,        5354661589,0.0,3105
0,     92253,0,        5354706840,0.0,87
1,     92255,26566,        5354808524,0.0,0.0
1,     92257,26567,        5355008528,0.0,0.0
0,     92259,0,        5355038955,0.0,5551
0,     92261,0,        5355118296,0.0,2659
0,     92263,0,        5355150862,0.0,5928
1,     92265,26568,        5355208528,0.0,0.0
1,     92267,26569,        5355408528,0.0,0.0
1,     92269,26570,        5355608532,0.0,0.0
1,     92271,26571,        5355808532,0.0,0.0
0,     92273,0,        5355823143,0.0,3965
0,     92275,0,        5355946308,0.0,2745
1,     92277,26572,        5356008532,0.0,0.0
1,     92279,26573,        5356208536,0.0,0.0
1,     92281,26574,        5356408536,0.0,0.0
0,     92283,0,        5356529135,0.0,5412
1,     92285,26575,        5356608536,0.0,0.0
1,     92287,26576,        5356808536,0.0,0.0
1,     92289,26577,        5357008540,0.0,0.0
1,     92291,26578,        5357208540,0.0,0.0
1,     92293,26579,        5357408540,0.0,0.0
1,     92295,26580,        5357608544,0.0,0.0
0,     92297,0,        5357629539,0.0,5499
1,     92299,26581,        5357808544,0.0,0.0
1,     92301,26582,        5358008544,0.0,0.0
0,     92303,0,        5358159658,0.0,1661
1,     92305,26583,        5358208548,0.0,0.0
0,     92307,0,        5358273329,0.0,2767
1,     92309,26584,        5358408548,0.0,0.0
1,     92311,26585,        5358608548,0.0,0.0
1,     92313,26586,        5358808548,0.0,0.0
0,     92315,0,        5359001758,0.0,2615
1,     92317,26587,        5359008552,0.0,0.0
1,     92319,26588,        5359208552,0.0,0.0
1,     92321,26589,        5359408552,0.0,0.0
1,     92323,26590,        5359608556,0.0,0.0
0,     92325,0,        5359769680,0.0,205
0,     92327,0,        5359801351,0.0,1195
1,     92329,26591,        5359808556,0.0,0.0
1,     92331,26592,        5360008556,0.0,0.0
1,     92333,26593,        5360208556,0.0,0.0
1,     92335,26594,        5360408560,0.0,0.0
1,     92337,26595,        5360608560,0.0,0.0
0,     92339,0,        5360698834,0.0,5806
0,     92341,0,        5360708660,0.0,3402
0,     92343,0,        5360773116,0.0,4626
1,     92345,26596,        5360808560,0.0,0.0
1,     92347,26597,        5361008564,0.0,0.0
1,     92349,26598,        5361208564,0.0,0.0
1,     92351,26599,        5361408564,0.0,0.0
0,     92353,0,        5361552174,0.0,72
1,     92355,26600,        5361608568,0.0,0.0
0,     92357,0,        5361733451,0.0,4394
1,     92359,26601,        5361808568,0.0,0.0
0,     92362,0,        5362648899,0.0,2426
0,     92364,0,        5363054811,0.0,3572
0,     92366,0,        5363481268,0.0,4230
0,     92368,0,        5363608720,0.0,2386
0,     92369,0,        5363608947,0.0,4866
0,     92371,0,        5363673818,0.0,481
0,     92373,0,        5363914002,0.0,4694
0,     92376,0,        5364724409,0.0,919
0,     92378,0,        5365062547,0.0,3485
0,     92381,0,        5365879456,0.0,4917
0,     92383,0,        5366060007,0.0,648
0,     92385,0,        5366382028,0.0,4699
0,     92387,0,        5366422089,0.0,3300
0,     92389,0,        5366543165,0.0,4029
0,     92391,0,        5366622033,0.0,1902
0,     92393,0,        5367372499,0.0,3482
0,     92395,0,        5367448590,0.0,1274
0,     92397,0,        5367644123,0.0,1454
0,     92399,0,        5367672945,0.0,823
0,     92402,0,        5368994616,0.0,4390
0,     92404,0,        5369032649,0.0,1436
0,     92406,0,        5369162006,0.0,1333
0,     92408,0,        5369278749,0.0,2116
0,     92410,0,        5369597273,0.0,1969
0,     92412,0,        5369598174,0.0,4083
0,     92414,0,        5369716466,0.0,6055
0,     92416,0,        5369801135,0.0,3579
0,     92417,0,        5369801465,0.0,4031
0,     92419,0,        5369817470,0.0,4480
0,     92421,0,        5370316232,0.0,940
0,     92423,0,        5370653372,0.0,4906
0,     92425,0,        5370933983,0.0,4264
0,     92427,0,        5370985287,0.0,1445
0,     92429,0,        5371568547,0.0,3259
0,     92431,0,        5371625759,0.0,49
0,     92433,0,        5371770209,0.0,5520
0,     92435,0,        5371792913,0.0,3649
0,     92437,0,        5372038552,0.0,3614
0,     92440,0,        5373027609,0.0,3335
0,     92442,0,        5373150850,0.0,4464
0,     92444,0,        5373431093,0.0,5319
0,     92446,0,        5373468089,0.0,2467
0,     92448,0,        5373594990,0.0,2557
0,     92450,0,        5373690728,0.0,1122
0,     92452,0,        5374076469,0.0,3528
0,     92454,0,        5374102583,0.0,334
0,     92456,0,        5374749167,0.0,1961
0,     92459,0,        5375746985,0.0,2830
0,     92461,0,        5375849668,0.0,5426
0,     92463,0,        5376199869,0.0,3531
0,     92465,0,        5376298860,0.0,692
0,     92467,0,        5376426916,0.0,878
0,     92469,0,        5376879059,0.0,3835
0,     92471,0,        5376934152,0.0,6088
0,     92473,0,        5377031903,0.0,4097
0,     92476,0,        5377926073,0.0,3645
0,     92479,0,        5378732222,0.0,4662
0,     92481,0,        5378738275,0.0,5611
0,     92483,0,        5378985060,0.0,5046
0,     92485,0,        5379062993,0.0,6059
0,     92487,0,        5379312827,0.0,5075
0,     92489,0,        5379498728,0.0,4291
0,     92491,0,        5379543352,0.0,3585
0,     92494,0,        5380376258,0.0,2889
0,     92496,0,        5380644187,0.0,4620
0,     92498,0,        5380819685,0.0,6107
0,     92501,0,        5381817234,0.0,2700
0,     92503,0,        5382079319,0.0,1987
0,     92505,0,        5382242266,0.0,1441
0,     92507,0,        5382699899,0.0,2889
0,     92509,0,        5382700116,0.0,3893
0,     92511,0,        5382826094,0.0,4100
0,     92513,0,        5382873788,0.0,4052
0,     92515,0,        5383152803,0.0,1991
0,     92517,0,        5383235715,0.0,124
0,     92519,0,        5383470009,0.0,3494
0,     92521,0,        5383970379,0.0,2866
0,     92523,0,        5384292581,0.0,1944
0,     92525,0,        5384634086,0.0,6137
0,     92527,0,        5384650288,0.0,1551
0,     92529,0,        5384657147,0.0,35
0,     92532,0,        5385497759,0.0,4250
0,     92534,0,        5385534397,0.0,459
0,     92536,0,        5385690547,0.0,4958
0,     92538,0,        5385772041,0.0,2463
0,     92540,0,        5385883973,0.0,1374
0,     92542,0,        5386125545,0.0,2168
0,     92544,0,        5386473566,0.0,725
0,     92546,0,        5386474860,0.0,6117
0,     92548,0,        5387186269,0.0,867
0,     92550,0,        5387392254,0.0,1821
0,     92552,0,        5387846237,0.0,127
0,     92554,0,        5388064143,0.0,2267
0,     92556,0,        5388647984,0.0,3397
0,     92558,0,        5388674958,0.0,960
0,     92560,0,        5388731439,0.0,4251
0,     92562,0,        5389205998,0.0,4784
0,     92564,0,        5389356168,0.0,1721
0,     92566,0,        5389504598,0.0,2764
0,     92568,0,        5389875348,0.0,4574
0,     92570,0,        5390466657,0.0,1301
0,     92572,0,        5390482635,0.0,5101
0,     92574,0,        5390873623,0.0,2163
0,     92576,0,        5390980126,0.0,5120
0,     92578,0,        5391361370,0.0,1085
0,     92580,0,        5391648819,0.0,937
0,     92582,0,        5391701185,0.0,3850
0,     92583,0,        5391701337,0.0,492
0,     92586,0,        5392999427,0.0,4131
0,     92588,0,        5393133576,0.0,2209
0,     92590,0,        5393513609,0.0,2223
0,     92594,0,        5395197256,0.0,5491
0,     92596,0,        5395701469,0.0,5077
0,     92597,0,        5395701473,0.0,1559
0,     92599,0,        5395864101,0.0,3058
0,     92601,0,        5395865827,0.0,494
0,     92603,0,        5395982855,0.0,1032
0,     92605,0,        5395999489,0.0,1981
0,     92607,0,        5396281030,0.0,242
0,     92609,0,        5397020527,0.0,2496
0,     92611,0,        5397132165,0.0,4866
0,     92613,0,        5397147041,0.0,3964
0,     92615,0,        5397343159,0.0,4942
0,     92617,0,        5397447851,0.0,1741
0,     92619,0,        5397585205,0.0,5669
0,     92621,0,        5397653606,0.0,54
0,     92623,0,        5397998064,0.0,3121
0,     92625,0,        5398103965,0.0,1789
0,     92627,0,        5398223492,0.0,2725
0,     92629,0,        5398615231,0.0,5649
0,     92631,0,        5399292824,0.0,2871
0,     92633,0,        5399545341,0.0,163
0,     92635,0,        5400005022,0.0,4866
0,     92637,0,        5400270864,0.0,794
0,     92639,0,        5400488183,0.0,4740
0,     92641,0,        5400841915,0.0,932
0,     92643,0,        5401012125,0.0,4678
0,     92645,0,        5401376871,0.0,5727
0,     92648,0,        5402544632,0.0,984
0,     92650,0,        5403088572,0.0,3191
0,     92652,0,        5403162354,0.0,126
0,     92654,0,        5403179281,0.0,2691
0,     92656,0,        5403194482,0.0,4466
0,     92658,0,        5403747132,0.0,2316
0,     92660,0,        5404112784,0.0,1713
0,     92662,0,        5404182050,0.0,1831
0,     92664,0,        5404183413,0.0,3763
0,     92666,0,        5404183675,0.0,461
0,     92668,0,        5404301302,0.0,2086
0,     92670,0,        5404909641,0.0,4062
0,     92672,0,        5405126156,0.0,3091
0,     92674,0,        5405415545,0.0,6107
0,     92676,0,        5405496699,0.0,2435
0,     92679,0,        5406538190,0.0,1788
0,     92681,0,        5406870080,0.0,1993
0,     92683,0,        5407201990,0.0,3931
0,     92685,0,        5407207057,0.0,3475
0,     92687,0,        5407688405,0.0,1672
0,     92690,0,        5408828215,0.0,2736
0,     92692,0,        5408836920,0.0,2708
0,     92694,0,        5409445133,0.0,5853
0,     92696,0,        5409482757,0.0,4203
0,     92698,0,        5409606835,0.0,1568
0,     92700,0,        5409803908,0.0,604
0,     92703,0,        5410759187,0.0,2269
0,     92705,0,        5411208534,0.0,3431
0,     92707,0,        5411345460,0.0,4037
0,     92709,0,        5411467431,0.0,520
0,     92711,0,        5411594828,0.0,5562
0,     92713,0,        5411760041,0.0,5572
0,     92715,0,        5411860062,0.0,298
0,     92717,0,        5412248583,0.0,1238
0,     92719,0,        5412362716,0.0,5859
0,     92720,0,        5412362742,0.0,1757
0,     92722,0,        5412425690,0.0,4116
0,     92724,0,        5412459491,0.0,1183
0,     92726,0,        5412483557,0.0,5328
0,     92728,0,        5413126949,0.0,4109
0,     92730,0,        5413136397,0.0,6046
0,     92732,0,        5413538137,0.0,4590
0,     92734,0,        5413918703,0.0,4182
0,     92736,0,        5414061811,0.0,3012
0,     92738,0,        5414836968,0.0,3697
0,     92740,0,        5414878010,0.0,5422
0,     92742,0,        5415370308,0.0,290
0,     92745,0,        5416292845,0.0,3118
0,     92747,0,        5416510516,0.0,1910
0,     92749,0,        5417301391,0.0,5078
0,     92751,0,        5417915884,0.0,6180
0,     92752,0,        5417916138,0.0,2045
0,     92754,0,        5418089170,0.0,680
0,     92756,0,        5418377899,0.0,5239
0,     92758,0,        5418565009,0.0,63
0,     92759,0,        5418565013,0.0,4534
0,     92762,0,        5419466894,0.0,4269
0,     92764,0,        5419506952,0.0,3703
0,     92766,0,        5419740665,0.0,2125
0,     92767,0,        5419740693,0.0,3145
0,     92769,0,        5419849368,0.0,1553
0,     92771,0,        5419926857,0.0,2931
0,     92773,0,        5420396355,0.0,2094
0,     92775,0,        5420522842,0.0,5998
0,     92777,0,        5421178210,0.0,4080
0,     92779,0,        5421438741,0.0,2664
0,     92781,0,        5421711325,0.0,5006
0,     92784,0,        5422787838,0.0,1187
0,     92786,0,        5422972193,0.0,5901
0,     92788,0,        5422982465,0.0,2206
0,     92790,0,        5423290884,0.0,94
0,     92792,0,        5424019441,0.0,4860
0,     92794,0,        5424020429,0.0,4179
0,     92796,0,        5424101094,0.0,6052
0,     92798,0,        5424235390,0.0,1123
0,     92800,0,        5424633585,0.0,922
0,     92802,0,        5425302178,0.0,2311
0,     92805,0,        5426829546,0.0,2415
0,     92807,0,        5427089986,0.0,1179
0,     92809,0,        5427110017,0.0,5804
0,     92811,0,        5427404976,0.0,4268
0,     92813,0,        5427431843,0.0,711
0,     92815,0,        5427639960,0.0,5167
0,     92817,0,        5427739609,0.0,2962
0,     92819,0,        5428176863,0.0,2282
0,     92821,0,        5428198627,0.0,4230
0,     92823,0,        5428372104,0.0,2122
0,     92825,0,        5428858835,0.0,752
0,     92827,0,        5429167043,0.0,868
0,     92829,0,        5429470647,0.0,1497
0,     92831,0,        5429847099,0.0,3454
0,     92833,0,        5430421196,0.0,3080
0,     92835,0,        5430808376,0.0,3721
0,     92837,0,        5430817984,0.0,3518
0,     92839,0,        5430917970,0.0,3769
0,     92841,0,        5430945363,0.0,1109
0,     92843,0,        5431089887,0.0,5964
0,     92845,0,        5431776327,0.0,6185
0,     92847,0,        5432048012,0.0,1493
0,     92849,0,        5432488016,0.0,5749
0,     92851,0,        5432635430,0.0,1098
0,     92853,0,        5432661485,0.0,2151
0,     92856,0,        5433739663,0.0,3133
0,     92858,0,        5433852876,0.0,6089
0,     92860,0,        5433929847,0.0,1830
0,     92862,0,        5434366656,0.0,4196
0,     92864,0,        5434519149,0.0,5491
0,     92866,0,        5435132567,0.0,279
0,     92868,0,        5435228875,0.0,4008
0,     92870,0,        5435325091,0.0,1120
0,     92872,0,        5435539697,0.0,3532
0,     92874,0,        5435680359,0.0,5175
0,     92877,0,        5436595698,0.0,5978
0,     92879,0,        5436619743,0.0,3364
0,     92881,0,        5436757188,0.0,5616
0,     92883,0,        5437102593,0.0,4475
0,     92885,0,        5437153765,0.0,3142
0,     92887,0,        5437187629,0.0,4417
0,     92889,0,        5437600613,0.0,685
0,     92891,0,        5437629190,0.0,4874
0,     92893,0,        5437696257,0.0,3150
0,     92895,0,        5438243337,0.0,259
0,     92897,0,        5438274933,0.0,2902
0,     92899,0,        5438421749,0.0,1377
0,     92901,0,        5438724035,0.0,3153
0,     92903,0,        5438838906,0.0,3049
0,     92905,0,        5438995611,0.0,1269
0,     92907,0,        5439021402,0.0,4093
0,     92909,0,        5439544497,0.0,2946
0,     92911,0,        5440012726,0.0,1253
0,     92913,0,        5440195417,0.0,5781
0,     92915,0,        5440225107,0.0,5001
0,     92919,0,        5442163776,0.0,2935
0,     92921,0,        5442182149,0.0,800
0,     92923,0,        5442546473,0.0,582
0,     92925,0,        5442627991,0.0,2885
0,     92927,0,        5442653964,0.0,3224
0,     92929,0,        5443312857,0.0,319
0,     92931,0,        5443416345,0.0,2850
0,     92933,0,        5444181436,0.0,5445
0,     92935,0,        5444256788,0.0,1026
0,     92937,0,        5444368876,0.0,1516
0,     92939,0,        5444823850,0.0,4827
0,     92941,0,        5444884735,0.0,1661
0,     92943,0,        5445140514,0.0,531
0,     92945,0,        5445699155,0.0,3066
0,     92947,0,        5445769398,0.0,4067
0,     92949,0,        5445989502,0.0,4938
0,     92951,0,        5446096162,0.0,3048
0,     92953,0,        5446133153,0.0,4313
0,     92955,0,        5446437016,0.0,3305
0,     92957,0,        5446658321,0.0,4256
0,     92959,0,        5447181629,0.0,1578
0,     92961,0,        5447317439,0.0,4416
0,     92963,0,        5447430595,0.0,6005
0,     92965,0,        5447541773,0.0,5553
0,     92969,0,        5449551400,0.0,5263
0,     92971,0,        5449640249,0.0,2718
0,     92973,0,        5450260557,0.0,3752
0,     92975,0,        5450283477,0.0,4739
0,     92977,0,        5450322199,0.0,5610
0,     92979,0,        5450839244,0.0,2597
0,     92981,0,        5450844298,0.0,5374
0,     92983,0,        5451259582,0.0,268
0,     92985,0,        5451493705,0.0,2017
0,     92987,0,        5451983799,0.0,4056
0,     92989,0,        5452030778,0.0,4983
0,     92991,0,        5452215669,0.0,1806
0,     92994,0,        5453159686,0.0,4056
0,     92996,0,        5453328898,0.0,5127
0,     92998,0,        5453377988,0.0,6190
0,     93000,0,        5453675896,0.0,5038
0,     93002,0,        5453690041,0.0,4593
0,     93004,0,        5453860193,0.0,4394
0,     93007,0,        5454817239,0.0,2974
0,     93009,0,        5455297332,0.0,2721
0,     93011,0,        5455530948,0.0,332
0,     93013,0,        5455546647,0.0,3403
0,     93016,0,        5456432252,0.0,1628
0,     93018,0,        5456465252,0.0,4272
0,     93020,0,        5456801559,0.0,5700
0,     93022,0,        5456855017,0.0,4335
0,     93024,0,        5457234150,0.0,1801
0,     93026,0,        5457611866,0.0,1650
0,     93028,0,        5457861453,0.0,2391
0,     93030,0,        5458427445,0.0,6091
0,     93032,0,        5458434352,0.0,2643
0,     93034,0,        5458688227,0.0,5606
0,     93036,0,        5458811250,0.0,2658
0,     93038,0,        5459321464,0.0,6054
0,     93040,0,        5459527660,0.0,5119
0,     93042,0,        5459792198,0.0,1522
0,     93044,0,        5460021635,0.0,3466
0,     93046,0,        5460394084,0.0,6239
0,     93049,0,        5461205124,0.0,5395
0,     93051,0,        5461248363,0.0,6001
0,     93053,0,        5461294125,0.0,5918
0,     93055,0,        5461443784,0.0,1333
0,     93056,0,        5461443934,0.0,5001
0,     93058,0,        5461673837,0.0,2967
0,     93060,0,        5461700828,0.0,5457
0,     93062,0,        5461864842,0.0,2360
0,     93064,0,        5461936074,0.0,5665
0,     93067,0,        5463098057,0.0,2804
0,     93069,0,        5463379298,0.0,958
0,     93071,0,        5463771669,0.0,2681
0,     93073,0,        5464229592,0.0,3123
0,     93075,0,        5464595883,0.0,250
0,     93077,0,        5464869565,0.0,2883
0,     93079,0,        5464913633,0.0,5951
0,     93081,0,        5464949876,0.0,6148
0,     93083,0,        5465179309,0.0,5629
0,     93086,0,        5466016827,0.0,1436
0,     93088,0,        5466027434,0.0,19
0,     93090,0,        5466535034,0.0,3738
0,     93092,0,        5467228512,0.0,2525
0,     93094,0,        5467408027,0.0,4316
0,     93096,0,        5467518016,0.0,69
0,     93098,0,        5467749677,0.0,3028
0,     93100,0,        5467973012,0.0,2433
0,     93103,0,        5468979697,0.0,4594
0,     93105,0,        5469294724,0.0,483
0,     93107,0,        5469297872,0.0,3310
0,     93109,0,        5469511974,0.0,615
0,     93111,0,        5469894947,0.0,1559
0,     93113,0,        5470481663,0.0,2926
0,     93115,0,        5470543733,0.0,5244
0,     93117,0,        5470811576,0.0,3087
0,     93119,0,        5471594044,0.0,6174
0,     93121,0,        5471992461,0.0,1967
0,     93123,0,        5472127955,0.0,5034
0,     93125,0,        5472353258,0.0,270
0,     93127,0,        5472375827,0.0,2397
0,     93129,0,        5472655758,0.0,1828
0,     93131,0,        5472866316,0.0,4670
0,     93134,0,        5473940639,0.0,1873
0,     93136,0,        5474160387,0.0,351
0,     93138,0,        5474753934,0.0,2403
0,     93140,0,        5475248005,0.0,4748
0,     93142,0,        5475248828,0.0,3284
0,     93144,0,        5475493951,0.0,5903
0,     93147,0,        5476657480,0.0,4661
0,     93149,0,        5477396357,0.0,3874
0,     93151,0,        5477970057,0.0,759
0,     93153,0,        5478595489,0.0,6012
0,     93155,0,        5478803379,0.0,4818
0,     93157,0,        5479089367,0.0,3874
0,     93159,0,        5479106921,0.0,2286
0,     93162,0,        5479974027,0.0,5421
0,     93164,0,        5480376505,0.0,1645
0,     93166,0,        5480816260,0.0,176
0,     93168,0,        5480828910,0.0,509
0,     93169,0,        5480828912,0.0,1094
0,     93171,0,        5481172033,0.0,1274
0,     93173,0,        5481475078,0.0,2098
0,     93175,0,        5481703304,0.0,2601
0,     93177,0,        5481786267,0.0,2131
0,     93179,0,        5482356065,0.0,3520
0,     93181,0,        5482418823,0.0,6130
0,     93183,0,        5483052938,0.0,3911
0,     93185,0,        5483060879,0.0,3211
0,     93187,0,        5483084325,0.0,4172
0,     93189,0,        5483087558,0.0,1916
0,     93191,0,        5483510593,0.0,4760
0,     93192,0,        5483510595,0.0,2969
0,     93194,0,        5483716204,0.0,1315
0,     93196,0,        5483846369,0.0,2865
0,     93198,0,        5483975932,0.0,5341
0,     93200,0,        5484014968,0.0,5974
0,     93202,0,        5484649307,0.0,2512
0,     93204,0,        5484795192,0.0,4976
0,     93206,0,        5485270608,0.0,1106
0,     93208,0,        5485397031,0.0,5086
0,     93210,0,        5485410089,0.0,3572
0,     93212,0,        5486049041,0.0,5079
0,     93214,0,        5486152097,0.0,2727
0,     93216,0,        5486390989,0.0,1687
0,     93218,0,        5486799274,0.0,54
0,     93219,0,        5486799326,0.0,3487
0,     93221,0,        5487561404,0.0,5077
0,     93223,0,        5487742724,0.0,3008
0,     93225,0,        5488204712,0.0,2671
0,     93227,0,        5488393852,0.0,1898
0,     93230,0,        5489507364,0.0,4083
0,     93232,0,        5489913975,0.0,2027
0,     93234,0,        5490048923,0.0,1127
0,     93236,0,        5490255018,0.0,3010
0,     93239,0,        5491717109,0.0,5823
0,     93241,0,        5492249175,0.0,55
0,     93243,0,        5492525217,0.0,4322
0,     93246,0,        5493662654,0.0,2304
0,     93248,0,        5493731367,0.0,5652
0,     93250,0,        5493902096,0.0,22
0,     93252,0,        5494166376,0.0,5793
0,     93254,0,        5494468082,0.0,3420
0,     93256,0,        5494557157,0.0,4564
0,     93258,0,        5494671671,0.0,2571
0,     93260,0,        5494755802,0.0,1785
0,     93264,0,        5496586930,0.0,954
0,     93267,0,        5497595371,0.0,4138
0,     93269,0,        5497841683,0.0,2515
0,     93271,0,        5498119972,0.0,1844
0,     93273,0,        5498364076,0.0,1855
0,     93276,0,        5499308204,0.0,670
0,     93279,0,        5500457709,0.0,4303
0,     93281,0,        5500981981,0.0,1109
0,     93283,0,        5501251239,0.0,933
0,     93285,0,        5501454915,0.0,52
0,     93287,0,        5501886141,0.0,3435
0,     93289,0,        5502022311,0.0,3284
0,     93291,0,        5502052049,0.0,1602
0,     93293,0,        5502104413,0.0,939
0,     93295,0,        5502119038,0.0,893
0,     93297,0,        5502137962,0.0,3532
0,     93299,0,        5502423640,0.0,358
0,     93301,0,        5502905371,0.0,218
0,     93303,0,        5502951628,0.0,5355
0,     93305,0,        5503220677,0.0,3248
0,     93308,0,        5504046811,0.0,5836
0,     93310,0,        5504441429,0.0,3559
0,     93313,0,        5505345633,0.0,6052
0,     93315,0,        5505478019,0.0,3952
0,     93317,0,        5505541971,0.0,4919
0,     93319,0,        5505574270,0.0,1117
0,     93321,0,        5505599853,0.0,2713
0,     93323,0,        5505646994,0.0,2213
0,     93325,0,        5505969374,0.0,1179
0,     93326,0,        5505969395,0.0,4213
0,     93328,0,        5506334306,0.0,4378
0,     93330,0,        5506435336,0.0,702
0,     93332,0,        5506950703,0.0,87
0,     93335,0,        5507939983,0.0,2022
0,     93337,0,        5507979883,0.0,6248
0,     93339,0,        5508073544,0.0,6203
0,     93341,0,        5508488750,0.0,2681
0,     93343,0,        5508590703,0.0,1106
0,     93345,0,        5509104887,0.0,3497
0,     93347,0,        5509381944,0.0,3365
0,     93349,0,        5509956373,0.0,5593
0,     93352,0,        5511066593,0.0,1439
0,     93354,0,        5511209055,0.0,3844
0,     93356,0,        5511292657,0.0,5092
0,     93359,0,        5512100557,0.0,4767
0,     93361,0,        5512303583,0.0,6084
0,     93363,0,        5512350747,0.0,593
0,     93365,0,        5512517046,0.0,746
0,     93367,0,        5512522438,0.0,4584
0,     93369,0,        5512656669,0.0,633
0,     93371,0,        5512744536,0.0,2441
0,     93373,0,        5513539954,0.0,5847
0,     93375,0,        5514242984,0.0,3535
0,     93377,0,        5514450405,0.0,5271
0,     93379,0,        5514607200,0.0,3478
0,     93381,0,        5514740286,0.0,1465
0,     93383,0,        5515098640,0.0,4062
0,     93386,0,        5515937345,0.0,1066
0,     93388,0,        5516396133,0.0,4871
0,     93390,0,        5516673069,0.0,3880
0,     93392,0,        5517293617,0.0,1168
0,     93394,0,        5517459993,0.0,4571
0,     93395,0,        5517459997,0.0,3090
0,     93397,0,        5517506281,0.0,4147
0,     93399,0,        5518084664,0.0,2602
0,     93401,0,        5518407022,0.0,1312
0,     93403,0,        5518630405,0.0,5620
0,     93405,0,        5518631243,0.0,213
0,     93407,0,        5518966035,0.0,4851
0,     93409,0,        5519571618,0.0,3571
0,     93411,0,        5520330309,0.0,231
0,     93413,0,        5520682279,0.0,5979
0,     93415,0,        5521267972,0.0,5695
0,     93417,0,        5521399321,0.0,4262
0,     93419,0,        5521519209,0.0,2232
0,     93421,0,        5521597056,0.0,2038
0,     93423,0,        5521742624,0.0,4767
0,     93425,0,        5522239690,0.0,1536
0,     93427,0,        5522614424,0.0,170
0,     93429,0,        5523288151,0.0,2415
0,     93431,0,        5523711566,0.0,5645
0,     93433,0,        5524109840,0.0,286
0,     93435,0,        5524365226,0.0,3349
0,     93437,0,        5525014261,0.0,2848
0,     93439,0,        5525068063,0.0,1146
0,     93441,0,        5525582753,0.0,5212
0,     93443,0,        5525583027,0.0,775
0,     93445,0,        5526242848,0.0,4377
0,     93447,0,        5526392873,0.0,3960
0,     93449,0,        5526394047,0.0,1161
0,     93451,0,        5526671741,0.0,3222
0,     93453,0,        5526984116,0.0,5956
0,     93455,0,        5527108248,0.0,1240
0,     93457,0,        5527580586,0.0,1229
0,     93459,0,        5527622009,0.0,3048
0,     93461,0,        5528055291,0.0,900
0,     93463,0,        5528409980,0.0,3942
0,     93465,0,        5528438677,0.0,5083
0,     93467,0,        5528852492,0.0,5254
0,     93470,0,        5529960071,0.0,1108
0,     93472,0,        5529995341,0.0,2699
0,     93475,0,        5531440490,0.0,3897
0,     93477,0,        5531466857,0.0,3429
0,     93479,0,        5531537963,0.0,5256
0,     93481,0,        5531553722,0.0,4674
0,     93483,0,        5532227135,0.0,5882
0,     93485,0,        5532397838,0.0,5407
0,     93487,0,        5533024714,0.0,3508
0,     93489,0,        5533340238,0.0,4228
0,     93491,0,        5534111150,0.0,2020
0,     93493,0,        5534710315,0.0,161
0,     93495,0,        5534731177,0.0,2776
0,     93497,0,        5534731635,0.0,1248
0,     93500,0,        5535614498,0.0,6069
0,     93502,0,        5535949380,0.0,2301
0,     93504,0,        5536001673,0.0,2732
0,     93508,0,        5538137533,0.0,2227
0,     93510,0,        5538216651,0.0,4588
0,     93512,0,        5538217009,0.0,5792
0,     93514,0,        5538495779,0.0,5640
0,     93516,0,        5539159994,0.0,4358
0,     93518,0,        5539306253,0.0,3583
0,     93520,0,        5539462028,0.0,5237
0,     93522,0,        5539462171,0.0,4140
0,     93524,0,        5539600012,0.0,2888
0,     93526,0,        5539767563,0.0,4822
0,     93528,0,        5539991260,0.0,5956
0,     93530,0,        5540224528,0.0,4670
0,     93532,0,        5540388970,0.0,2838
0,     93534,0,        5540777649,0.0,704
0,     93536,0,        5540955585,0.0,1445
0,     93538,0,        5540978138,0.0,5289
0,     93540,0,        5541254769,0.0,5204
0,     93542,0,        5541662847,0.0,5837
0,     93544,0,        5542035081,0.0,1911
0,     93546,0,        5542044102,0.0,3099
0,     93548,0,        5542656618,0.0,4400
0,     93550,0,        5543226746,0.0,651
0,     93552,0,        5543601804,0.0,1563
0,     93554,0,        5543949449,0.0,2496
0,     93556,0,        5543998266,0.0,2531
0,     93558,0,        5544205813,0.0,4920
0,     93560,0,        5544252909,0.0,2054
0,     93562,0,        5544405220,0.0,5440
0,     93564,0,        5544674649,0.0,4761
0,     93566,0,        5544709198,0.0,4597
0,     93568,0,        5544880687,0.0,1887
0,     93570,0,        5545026098,0.0,2189
0,     93572,0,        5545176410,0.0,5570
0,     93574,0,        5545584286,0.0,818
0,     93577,0,        5546446192,0.0,237
0,     93579,0,        5547135784,0.0,5356
0,     93581,0,        5547443338,0.0,347
0,     93583,0,        5547485668,0.0,69
0,     93585,0,        5547702073,0.0,3261
0,     93587,0,        5547812363,0.0,4514
0,     93589,0,        5548283327,0.0,5780
0,     93591,0,        5548618297,0.0,2261
0,     93593,0,        5549027227,0.0,6178
0,     93595,0,        5549239898,0.0,3401
0,     93597,0,        5549352771,0.0,1121
0,     93600,0,        5550740056,0.0,3357
0,     93602,0,        5551393246,0.0,5175
0,     93604,0,        5552001728,0.0,1348
0,     93606,0,        5552478629,0.0,1489
0,     93608,0,        5552625014,0.0,2767
0,     93610,0,        5553054131,0.0,1938
0,     93612,0,        5553741807,0.0,1197
0,     93615,0,        5554939301,0.0,265
0,     93617,0,        5555378003,0.0,5819
0,     93619,0,        5555993967,0.0,3206
0,     93622,0,        5557257512,0.0,4414
0,     93624,0,        5557421020,0.0,767
0,     93626,0,        5557679208,0.0,2919
0,     93628,0,        5557689520,0.0,6149
0,     93630,0,        5558024399,0.0,2258
0,     93632,0,        5558058474,0.0,4286
0,     93634,0,        5558413476,0.0,1055
0,     93636,0,        5559125089,0.0,5452
0,     93638,0,        5559439709,0.0,5894
0,     93640,0,        5559715017,0.0,1210
0,     93642,0,        5559796505,0.0,351
0,     93644,0,        5559865020,0.0,3813
0,     93646,0,        5560502529,0.0,2384
0,     93648,0,        5560579412,0.0,407
0,     93650,0,        5560862385,0.0,3989
0,     93652,0,        5560934205,0.0,2522
0,     93654,0,        5561165534,0.0,560
0,     93656,0,        5561348008,0.0,2015
0,     93658,0,        5561493784,0.0,5748
0,     93660,0,        5562195775,0.0,4877
0,     93662,0,        5562406065,0.0,5134
0,     93664,0,        5562673770,0.0,1280
0,     93666,0,        5563305818,0.0,664
0,     93668,0,        5563902285,0.0,2572
0,     93670,0,        5563934685,0.0,4094
0,     93672,0,        5564320420,0.0,1790
0,     93674,0,        5564925609,0.0,5536
0,     93677,0,        5565858923,0.0,4333
0,     93679,0,        5566019206,0.0,1358
0,     93680,0,        5566019242,0.0,4532
0,     93682,0,        5566371998,0.0,5960
0,     93684,0,        5566429756,0.0,4564
0,     93686,0,        5566574463,0.0,6022
0,     93688,0,        5567061311,0.0,5409
0,     93690,0,        5567279991,0.0,4236
0,     93692,0,        5567348923,0.0,3721
0,     93693,0,        5567348986,0.0,1301
0,     93695,0,        5567442120,0.0,3090
0,     93697,0,        5567658227,0.0,1115
0,     93699,0,        5567673955,0.0,3331
0,     93701,0,        5567683840,0.0,5652
0,     93703,0,        5567996674,0.0,1811
0,     93705,0,        5568404308,0.0,3689
0,     93707,0,        5568522265,0.0,3137
0,     93709,0,        5569198499,0.0,4612
0,     93711,0,        5569454073,0.0,4621
0,     93713,0,        5569490182,0.0,6012
0,     93715,0,        5569494014,0.0,3334
0,     93717,0,        5569845218,0.0,6234
0,     93719,0,        5569929117,0.0,3752
0,     93721,0,        5570512197,0.0,856
0,     93723,0,        5571244612,0.0,990
0,     93725,0,        5571908594,0.0,4895
0,     93727,0,        5571908634,0.0,2047
0,     93729,0,        5572012649,0.0,2447
0,     93732,0,        5572823167,0.0,2570
0,     93734,0,        5573096896,0.0,473
0,     93736,0,        5573165728,0.0,4375
0,     93738,0,        5573290288,0.0,4879
0,     93740,0,        5573418201,0.0,1807
0,     93742,0,        5573590360,0.0,4924
0,     93744,0,        5573991235,0.0,998
0,     93746,0,        5574643288,0.0,5634
0,     93748,0,        5574651564,0.0,4980
0,     93750,0,        5574910499,0.0,6030
0,     93752,0,        5574931729,0.0,5640
0,     93754,0,        5575156760,0.0,1326
0,     93756,0,        5575336105,0.0,3424
0,     93758,0,        5575380296,0.0,411
0,     93760,0,        5575427693,0.0,2228
0,     93762,0,        5575580051,0.0,494
0,     93764,0,        5575725352,0.0,5936
0,     93766,0,        5575819562,0.0,5745
0,     93768,0,        5575959783,0.0,2293
0,     93770,0,        5576454220,0.0,47
0,     93772,0,        5576695784,0.0,1273
0,     93774,0,        5576958120,0.0,510
0,     93776,0,        5577029247,0.0,4807
0,     93778,0,        5577356880,0.0,1219
0,     93780,0,        5577663027,0.0,1212
0,     93782,0,        5577927069,0.0,4540
0,     93784,0,        5577962281,0.0,6118
0,     93785,0,        5577962468,0.0,373
0,     93787,0,        5578380986,0.0,1191
0,     93789,0,        5578673288,0.0,4230
0,     93791,0,        5578677918,0.0,452
0,     93793,0,        5579124526,0.0,4619
0,     93795,0,        5579261414,0.0,4614
0,     93797,0,        5579485451,0.0,603
0,     93798,0,        5579485458,0.0,4356
0,     93800,0,        5579947132,0.0,5796
0,     93802,0,        5580075784,0.0,1399
0,     93804,0,        5580529880,0.0,2818
0,     93807,0,        5581798746,0.0,4581
0,     93809,0,        5581994793,0.0,4308
0,     93812,0,        5582994042,0.0,3420
0,     93814,0,        5583029064,0.0,2247
0,     93816,0,        5583558263,0.0,6068
0,     93819,0,        5584522086,0.0,2979
0,     93821,0,        5585146169,0.0,1369
0,     93823,0,        5585296965,0.0,1444
0,     93825,0,        5585416406,0.0,4822
0,     93827,0,        5585539142,0.0,4812
0,     93829,0,        5585701362,0.0,2494
0,     93831,0,        5586116546,0.0,6145
0,     93833,0,        5586144380,0.0,777
0,     93835,0,        5586155179,0.0,581
0,     93837,0,        5586231045,0.0,3642
0,     93839,0,        5586317512,0.0,3401
0,     93842,0,        5587529044,0.0,1094
0,     93844,0,        5587877229,0.0,3106
0,     93847,0,        5588740058,0.0,448
0,     93849,0,        5589180947,0.0,4251
0,     93851,0,        5589505516,0.0,3691
0,     93854,0,        5590939900,0.0,1223
0,     93856,0,        5591161623,0.0,5040
0,     93858,0,        5591541852,0.0,113
0,     93860,0,        5591932128,0.0,2523
0,     93862,0,        5592329778,0.0,497
0,     93864,0,        5592584168,0.0,1563
0,     93866,0,        5592751765,0.0,2205
0,     93868,0,        5592843097,0.0,1839
0,     93870,0,        5593005677,0.0,3359
0,     93872,0,        5593056947,0.0,5377
0,     93874,0,        5593281892,0.0,23
0,     93876,0,        5593565582,0.0,2905
0,     93878,0,        5594045441,0.0,1909
0,     93879,0,        5594045540,0.0,5362
0,     93881,0,        5594539902,0.0,3084
0,     93883,0,        5594596634,0.0,4542
0,     93885,0,        5594886603,0.0,1176
0,     93887,0,        5594903973,0.0,5125
0,     93890,0,        5595926183,0.0,2347
0,     93892,0,        5596059083,0.0,591
0,     93894,0,        5596679224,0.0,4240
0,     93896,0,        5597073509,0.0,2078
0,     93898,0,        5597078981,0.0,1818
0,     93899,0,        5597078983,0.0,3071
0,     93901,0,        5597224821,0.0,439
0,     93903,0,        5597378917,0.0,111
0,     93905,0,        5597749718,0.0,4160
0,     93907,0,        5597798991,0.0,676
0,     93909,0,        5597883907,0.0,4790
0,     93911,0,        5598062728,0.0,1709
0,     93913,0,        5598290082,0.0,2892
0,     93916,0,        5599704837,0.0,2319
0,     93918,0,        5599805775,0.0,2776
0,     93920,0,        5600034528,0.0,690
0,     93922,0,        5600294039,0.0,1293
0,     93924,0,        5600670842,0.0,1103
0,     93926,0,        5601027527,0.0,2584
0,     93928,0,        5601051671,0.0,2094
0,     93930,0,        5601107647,0.0,3814
0,     93932,0,        5601128484,0.0,4065
0,     93934,0,        5601245280,0.0,1759
0,     93936,0,        5601254808,0.0,145
0,     93938,0,        5601261099,0.0,3040
0,     93940,0,        5601357004,0.0,2315
0,     93942,0,        5601570509,0.0,2350
0,     93945,0,        5602550691,0.0,723
0,     93947,0,        5602662080,0.0,1546
0,     93949,0,        5603024445,0.0,703
0,     93951,0,        5603066799,0.0,5700
0,     93953,0,        5603441540,0.0,1618
0,     93955,0,        5603445393,0.0,5890
0,     93957,0,        5603967554,0.0,6168
0,     93959,0,        5604004300,0.0,4122
0,     93961,0,        5604351160,0.0,6081
0,     93963,0,        5604426619,0.0,3843
0,     93965,0,        5604427088,0.0,1512
0,     93967,0,        5604992352,0.0,5429
0,     93969,0,        5605327705,0.0,5198
0,     93971,0,        5605345754,0.0,2268
0,     93973,0,        5605480602,0.0,3186
0,     93975,0,        5606022884,0.0,2986
0,     93977,0,        5606157289,0.0,3182
0,     93979,0,        5606473763,0.0,4473
0,     93981,0,        5606479293,0.0,3207
0,     93983,0,        5606512779,0.0,3254
0,     93985,0,        5606742881,0.0,1227
0,     93987,0,        5606790345,0.0,6249
0,     93989,0,        5607093465,0.0,3335
0,     93991,0,        5607550469,0.0,4605
0,     93993,0,        5608010516,0.0,1042
0,     93995,0,        5608065088,0.0,4872
0,     93997,0,        5608131560,0.0,4676
0,     93999,0,        5608358107,0.0,2300
0,     94001,0,        5608528737,0.0,3486
0,     94003,0,        5608660003,0.0,5364
0,     94005,0,        5609022798,0.0,3981
0,     94007,0,        5609069896,0.0,1774
0,     94009,0,        5609554709,0.0,3036
0,     94011,0,        5609649692,0.0,2348
0,     94013,0,        5609869192,0.0,612
0,     94015,0,        5610500252,0.0,3917
0,     94017,0,        5610806301,0.0,1372
0,     94018,0,        5610806435,0.0,4821
0,     94020,0,        5611226304,0.0,3742
0,     94022,0,        5611757093,0.0,2957
0,     94024,0,        5612365652,0.0,1813
0,     94026,0,        5612392691,0.0,2287
0,     94028,0,        5612792299,0.0,619
0,     94030,0,        5612825441,0.0,5114
0,     94032,0,        5613413480,0.0,6220
0,     94034,0,        5613808579,0.0,4571
0,     94036,0,        5614208689,0.0,3062
0,     94038,0,        5614471631,0.0,4662
0,     94041,0,        5615332858,0.0,956
0,     94043,0,        5615761549,0.0,5002
0,     94046,0,        5617022740,0.0,3489
0,     94048,0,        5617061008,0.0,2127
0,     94050,0,        5617311475,0.0,5817
0,     94052,0,        5617778897,0.0,4619
0,     94054,0,        5618046614,0.0,120
0,     94056,0,        5618049035,0.0,5370
0,     94058,0,        5618141322,0.0,1753
0,     94061,0,        5619198842,0.0,3630
0,     94063,0,        5619318673,0.0,1424
0,     94065,0,        5619437187,0.0,4029
0,     94066,0,        5619437228,0.0,1950
0,     94068,0,        5619966736,0.0,2912
0,     94072,0,        5621973327,0.0,3525
0,     94073,0,        5621973361,0.0,2001
0,     94075,0,        5622192070,0.0,911
0,     94077,0,        5622542979,0.0,365
0,     94079,0,        5622680278,0.0,348
0,     94081,0,        5622902623,0.0,4576
0,     94083,0,        5622965099,0.0,3644
0,     94085,0,        5623333262,0.0,2897
0,     94087,0,        5623601756,0.0,3216
0,     94089,0,        5623901683,0.0,4049
0,     94092,0,        5625346901,0.0,6186
0,     94095,0,        5626400879,0.0,5328
0,     94097,0,        5627121190,0.0,5545
0,     94099,0,        5627709268,0.0,4961
0,     94101,0,        5627770183,0.0,2195
0,     94103,0,        5628031171,0.0,1275
0,     94105,0,        5628525195,0.0,1641
0,     94107,0,        5628529914,0.0,733
0,     94110,0,        5629435539,0.0,3596
0,     94112,0,        5629573437,0.0,5859
0,     94114,0,        5629591683,0.0,3184
0,     94116,0,        5629965520,0.0,5331
0,     94118,0,        5630481996,0.0,4142
0,     94120,0,        5630890327,0.0,4640
0,     94122,0,        5630969527,0.0,2374
0,     94124,0,        5631048431,0.0,2512
0,     94126,0,        5631763147,0.0,5524
0,     94128,0,        5631935496,0.0,5886
0,     94130,0,        5631985788,0.0,4231
0,     94132,0,        5632453208,0.0,2510
0,     94136,0,        5634176262,0.0,5525
0,     94138,0,        5634388310,0.0,6142
0,     94140,0,        5634767258,0.0,3595
0,     94142,0,        5634829730,0.0,3305
0,     94144,0,        5635010126,0.0,2737
0,     94146,0,        5635047461,0.0,3960
0,     94148,0,        5635082979,0.0,339
0,     94150,0,        5635409799,0.0,5665
0,     94152,0,        5635713856,0.0,2153
0,     94154,0,        5635738421,0.0,3474
0,     94156,0,        5636086042,0.0,4448
0,     94158,0,        5636143830,0.0,6144
0,     94160,0,        5636864368,0.0,4803
0,     94162,0,        5637178209,0.0,677
0,     94164,0,        5637843622,0.0,4536
0,     94166,0,        5638088229,0.0,3779
0,     94168,0,        5638095720,0.0,4099
0,     94170,0,        5638638296,0.0,2728
0,     94172,0,        5638777837,0.0,1143
0,     94174,0,        5638968398,0.0,6163
0,     94176,0,        5639025249,0.0,3315
0,     94180,0,        5641260289,0.0,5829
0,     94182,0,        5641727357,0.0,5989
0,     94184,0,        5641858739,0.0,3584
0,     94186,0,        5642478136,0.0,516
0,     94188,0,        5642762667,0.0,4442
0,     94190,0,        5642932826,0.0,1176
0,     94192,0,        5642971491,0.0,5684
0,     94194,0,        5642975963,0.0,3816
0,     94196,0,        5642976513,0.0,1849
0,     94198,0,        5643330200,0.0,3605
0,     94200,0,        5643522598,0.0,1697
0,     94202,0,        5644167270,0.0,1547
0,     94204,0,        5644214735,0.0,192
0,     94206,0,        5644304151,0.0,1943
0,     94208,0,        5644352480,0.0,3440
0,     94210,0,        5644544721,0.0,85
0,     94212,0,        5644622427,0.0,859
0,     94214,0,        5644717100,0.0,1493
0,     94216,0,        5645150994,0.0,2792
0,     94218,0,        5645491023,0.0,5139
0,     94220,0,        5645644047,0.0,1531
0,     94222,0,        5646041655,0.0,534
0,     94224,0,        5646246672,0.0,861
0,     94226,0,        5646952370,0.0,2547
0,     94228,0,        5646989191,0.0,865
0,     94230,0,        5647140949,0.0,321
0,     94232,0,        5647143222,0.0,1544
0,     94234,0,        5647181540,0.0,3948
0,     94236,0,        5647299858,0.0,5319
0,     94239,0,        5648743609,0.0,4457
0,     94241,0,        5648902591,0.0,2821
0,     94243,0,        5649029822,0.0,1842
0,     94245,0,        5649034007,0.0,5352
0,     94247,0,        5649612518,0.0,2339
0,     94249,0,        5649694150,0.0,6135
0,     94252,0,        5650526596,0.0,3673
0,     94254,0,        5650734306,0.0,593
0,     94256,0,        5650789079,0.0,902
0,     94258,0,        5650832751,0.0,1428
0,     94260,0,        5651212145,0.0,2779
0,     94262,0,        5651393193,0.0,1309
0,     94264,0,        5651853289,0.0,2252
0,     94266,0,        5652097208,0.0,4486
0,     94268,0,        5652865833,0.0,2153
0,     94270,0,        5653058825,0.0,1663
0,     94272,0,        5653087134,0.0,5720
0,     94274,0,        5653493496,0.0,4083
0,     94276,0,        5653555064,0.0,6192
0,     94278,0,        5654278361,0.0,4862
0,     94280,0,        5654612181,0.0,5936
0,     94282,0,        5655064658,0.0,3369
0,     94284,0,        5655281416,0.0,2720
0,     94286,0,        5655589718,0.0,133
0,     94288,0,        5655691458,0.0,5409
0,     94289,0,        5655691809,0.0,1984
0,     94291,0,        5655793784,0.0,4266
0,     94293,0,        5655847628,0.0,4989
0,     94296,0,        5657202900,0.0,4726
0,     94298,0,        5657378399,0.0,1354
0,     94300,0,        5657606212,0.0,2000
0,     94302,0,        5657779137,0.0,3397
0,     94304,0,        5658208601,0.0,1789
0,     94306,0,        5658426486,0.0,1551
0,     94308,0,        5658508838,0.0,6038
0,     94310,0,        5658685656,0.0,2999
0,     94312,0,        5658794292,0.0,5833
0,     94314,0,        5658996920,0.0,1255
0,     94315,0,        5658997232,0.0,2932
0,     94318,0,        5659900562,0.0,873
0,     94321,0,        5660780352,0.0,3338
0,     94323,0,        5660863002,0.0,2223
0,     94324,0,        5660863010,0.0,2677
0,     94326,0,        5661504508,0.0,1392
0,     94328,0,        5662174937,0.0,3101
0,     94330,0,        5662214331,0.0,5025
0,     94332,0,        5662326767,0.0,4143
0,     94334,0,        5662478564,0.0,5935
0,     94336,0,        5662629386,0.0,5197
0,     94338,0,        5662697038,0.0,211
0,     94340,0,        5663139181,0.0,2286
0,     94342,0,        5663417350,0.0,4866
0,     94344,0,        5663837709,0.0,4893
0,     94346,0,        5663888491,0.0,4616
0,     94348,0,        5663897652,0.0,3972
0,     94350,0,        5664335897,0.0,4580
0,     94352,0,        5664548789,0.0,5367
0,     94354,0,        5664611037,0.0,2460
0,     94356,0,        5664742264,0.0,3684
0,     94358,0,        5664929877,0.0,5796
0,     94360,0,        5665701019,0.0,778
0,     94362,0,        5665774533,0.0,1121
0,     94364,0,        5666088894,0.0,5481
0,     94366,0,        5666207454,0.0,1454
0,     94368,0,        5666934254,0.0,6246
0,     94370,0,        5667715216,0.0,911
0,     94372,0,        5667830115,0.0,5287
0,     94374,0,        5668064120,0.0,4642
0,     94376,0,        5668128097,0.0,3514
0,     94378,0,        5668293893,0.0,624
0,     94379,0,        5668294093,0.0,2007
0,     94381,0,        5668565216,0.0,536
0,     94383,0,        5668767414,0.0,2640
0,     94385,0,        5668839459,0.0,5156
0,     94387,0,        5669371086,0.0,5277
0,     94389,0,        5669572867,0.0,5814
0,     94391,0,        5670335382,0.0,3816
0,     94393,0,        5670432446,0.0,939
0,     94395,0,        5670441771,0.0,3218
0,     94397,0,        5670452502,0.0,44
0,     94399,0,        5670492095,0.0,1624
0,     94401,0,        5670494769,0.0,3049
0,     94404,0,        5672039727,0.0,307
0,     94406,0,        5672231513,0.0,2874
0,     94407,0,        5672231515,0.0,1640
0,     94409,0,        5672370858,0.0,3885
0,     94411,0,        5672437923,0.0,3075
0,     94413,0,        5672988050,0.0,983
0,     94415,0,        5673340983,0.0,4226
0,     94417,0,        5673648559,0.0,4813
0,     94419,0,        5673815251,0.0,2183
0,     94421,0,        5673852564,0.0,663
0,     94423,0,        5673903018,0.0,3525
0,     94425,0,        5673918154,0.0,4430
0,     94427,0,        5674040470,0.0,2328
0,     94429,0,        5674083118,0.0,4000
0,     94431,0,        5674423014,0.0,1419
0,     94433,0,        5674988447,0.0,2057
0,     94435,0,        5675015730,0.0,4321
0,     94437,0,        5675103939,0.0,5525
0,     94439,0,        5675194692,0.0,4712
0,     94441,0,        5675658792,0.0,4419
0,     94443,0,        5675717208,0.0,1607
0,     94445,0,        5675728020,0.0,973
0,     94447,0,        5676193366,0.0,274
0,     94449,0,        5676460334,0.0,408
0,     94451,0,        5676788938,0.0,6027
0,     94453,0,        5676970974,0.0,3285
0,     94455,0,        5677117581,0.0,3233
0,     94457,0,        5677230870,0.0,3577
0,     94459,0,        5677265608,0.0,5875
0,     94461,0,        5677470072,0.0,1261
0,     94464,0,        5678375219,0.0,75
0,     94466,0,        5678633706,0.0,1054
0,     94468,0,        5679079150,0.0,1356
0,     94470,0,        5679737551,0.0,1739
0,     94472,0,        5679745987,0.0,3238
0,     94474,0,        5679906414,0.0,5819
0,     94476,0,        5679927838,0.0,1424
0,     94478,0,        5680216867,0.0,5352
0,     94480,0,        5680622654,0.0,123
0,     94483,0,        5681525015,0.0,3627
0,     94486,0,        5682483819,0.0,5050
0,     94488,0,        5682707460,0.0,4286
0,     94490,0,        5682855418,0.0,4973
0,     94492,0,        5683050975,0.0,260
0,     94494,0,        5683091286,0.0,3314
0,     94496,0,        5683212208,0.0,3534
0,     94498,0,        5683776820,0.0,5234
0,     94500,0,        5683952643,0.0,54
0,     94502,0,        5684251730,0.0,4952
0,     94504,0,        5684341255,0.0,3188
0,     94506,0,        5684478479,0.0,5795
0,     94508,0,        5684835511,0.0,5950
0,     94510,0,        5684972804,0.0,2823
0,     94512,0,        5685026750,0.0,3594
0,     94514,0,        5685716089,0.0,3213
0,     94516,0,        5685850599,0.0,5720
0,     94518,0,        5686245186,0.0,1145
0,     94520,0,        5686288148,0.0,2586
0,     94522,0,        5686468236,0.0,1223
0,     94524,0,        5686469104,0.0,1754
0,     94526,0,        5686821207,0.0,2446
0,     94528,0,        5686892643,0.0,4985
0,     94530,0,        5687350195,0.0,2746
0,     94532,0,        5687703277,0.0,4889
0,     94535,0,        5689302297,0.0,2460
0,     94537,0,        5689738197,0.0,5585
0,     94539,0,        5690011309,0.0,3037
0,     94541,0,        5690270762,0.0,3975
0,     94543,0,        5690344800,0.0,2859
0,     94545,0,        5690808622,0.0,734
0,     94547,0,        5690963656,0.0,4293
0,     94549,0,        5691087589,0.0,5958
0,     94551,0,        5691353791,0.0,3108
0,     94553,0,        5691415667,0.0,3073
0,     94554,0,        5691415917,0.0,4833
0,     94556,0,        5691598819,0.0,1725
0,     94558,0,        5692016646,0.0,5180
0,     94560,0,        5692084852,0.0,442
0,     94562,0,        5692459715,0.0,3408
0,     94565,0,        5693416096,0.0,5014
0,     94567,0,        5693452849,0.0,3907
0,     94570,0,        5694830978,0.0,1617
0,     94572,0,        5695277966,0.0,3921
0,     94574,0,        5695669608,0.0,1740
0,     94576,0,        5695789892,0.0,5625
0,     94579,0,        5696702527,0.0,2330
0,     94581,0,        5697453554,0.0,3925
0,     94583,0,        5697511726,0.0,2261
0,     94585,0,        5698015208,0.0,4280
0,     94587,0,        5698017407,0.0,2663
0,     94589,0,        5698266291,0.0,10
0,     94591,0,        5698279408,0.0,3986
0,     94593,0,        5698793742,0.0,4212
0,     94595,0,        5699096843,0.0,5284
0,     94597,0,        5699324486,0.0,364
0,     94600,0,        5700250516,0.0,6189
0,     94602,0,        5700480189,0.0,2867
0,     94604,0,        5700986478,0.0,2690
0,     94605,0,        5700986489,0.0,1286
0,     94607,0,        5701398568,0.0,2446
0,     94609,0,        5701529327,0.0,3494
0,     94611,0,        5701791315,0.0,5193
0,     94613,0,        5702052536,0.0,5960
0,     94615,0,        5702567335,0.0,2224
0,     94617,0,        5702642410,0.0,4585
0,     94619,0,        5702830610,0.0,4718
0,     94621,0,        5703390739,0.0,5439
0,     94623,0,        5703592294,0.0,443
0,     94625,0,        5704226097,0.0,114
0,     94627,0,        5704266169,0.0,5454
0,     94629,0,        5704370126,0.0,5423
0,     94630,0,        5704370138,0.0,634
0,     94632,0,        5704558143,0.0,5391
0,     94634,0,        5705102363,0.0,4044
0,     94636,0,        5705590353,0.0,1403
0,     94638,0,        5706311447,0.0,1991
0,     94640,0,        5706333747,0.0,4512
0,     94642,0,        5706407198,0.0,3832
0,     94644,0,        5707171360,0.0,4613
0,     94646,0,        5707241667,0.0,5297
0,     94648,0,        5707411105,0.0,2825
0,     94650,0,        5707474582,0.0,3366
0,     94652,0,        5707766771,0.0,1800
0,     94654,0,        5708221363,0.0,928
0,     94656,0,        5708310964,0.0,4547
0,     94658,0,        5708617985,0.0,5469
0,     94660,0,        5708824146,0.0,126
0,     94662,0,        5709096460,0.0,3137
0,     94664,0,        5709140342,0.0,2782
0,     94666,0,        5709220628,0.0,3907
0,     94668,0,        5709632238,0.0,4945
0,     94670,0,        5710002934,0.0,595
0,     94672,0,        5710095215,0.0,4147
0,     94674,0,        5710230651,0.0,74
0,     94676,0,        5710360127,0.0,1011
0,     94678,0,        5710374983,0.0,33
0,     94679,0,        5710375447,0.0,3380
0,     94681,0,        5710420453,0.0,1705
0,     94683,0,        5710548817,0.0,3082
0,     94685,0,        5711059240,0.0,726
0,     94687,0,        5711262350,0.0,3867
0,     94689,0,        5711648515,0.0,6061
0,     94691,0,        5711732968,0.0,4442
0,     94693,0,        5711886515,0.0,5281
0,     94695,0,        5711990585,0.0,1370
0,     94697,0,        5712225352,0.0,4585
0,     94699,0,        5712914032,0.0,5925
0,     94701,0,        5713181021,0.0,1660
0,     94703,0,        5713187055,0.0,2532
0,     94705,0,        5713420523,0.0,1612
0,     94707,0,        5713562968,0.0,896
0,     94709,0,        5713598268,0.0,2413
0,     94711,0,        5713616099,0.0,2107
0,     94713,0,        5713924339,0.0,4071
0,     94715,0,        5713951550,0.0,4984
0,     94717,0,        5714029856,0.0,1134
0,     94719,0,        5714656202,0.0,3535
0,     94721,0,        5715132297,0.0,6149
0,     94723,0,        5715223196,0.0,429
0,     94725,0,        5715228533,0.0,4592
0,     94727,0,        5715337919,0.0,1198
0,     94729,0,        5715369202,0.0,6033
0,     94730,0,        5715369739,0.0,5469
0,     94732,0,        5715609423,0.0,3387
0,     94734,0,        5715832725,0.0,1609
0,     94736,0,        5716455591,0.0,5302
0,     94738,0,        5716467745,0.0,1857
0,     94740,0,        5716730247,0.0,4491
0,     94742,0,        5716737630,0.0,1869
0,     94744,0,        5716776522,0.0,183
0,     94746,0,        5716828092,0.0,2630
0,     94748,0,        5717003581,0.0,618
0,     94750,0,        5717095632,0.0,2462
0,     94753,0,        5718540278,0.0,1658
0,     94755,0,        5718922781,0.0,2144
0,     94757,0,        5718923541,0.0,3918
0,     94759,0,        5719687235,0.0,5743
0,     94761,0,        5719827493,0.0,1238
0,     94762,0,        5719827656,0.0,4133